행정구역,2011년07월_계_총인구수,2011년07월_계_연령구간인구수,2011년07월_계_0~9세,2011년07월_계_10~19세,2011년07월_계_20~29세,2011년07월_계_30~39세,2011년07월_계_40~49세,2011년07월_계_50~59세,2011년07월_계_60~69세,2011년07월_계_70~79세,2011년07월_계_80~89세,2011년07월_계_90~99세,2011년07월_계_100세 이상,2011년07월_남_총인구수,2011년07월_남_연령구간인구수,2011년07월_남_0~9세,2011년07월_남_10~19세,2011년07월_남_20~29세,2011년07월_남_30~39세,2011년07월_남_40~49세,2011년07월_남_50~59세,2011년07월_남_60~69세,2011년07월_남_70~79세,2011년07월_남_80~89세,2011년07월_남_90~99세,2011년07월_남_100세 이상,2011년07월_여_총인구수,2011년07월_여_연령구간인구수,2011년07월_여_0~9세,2011년07월_여_10~19세,2011년07월_여_20~29세,2011년07월_여_30~39세,2011년07월_여_40~49세,2011년07월_여_50~59세,2011년07월_여_60~69세,2011년07월_여_70~79세,2011년07월_여_80~89세,2011년07월_여_90~99세,2011년07월_여_100세 이상
서울특별시  (1100000000),10282472,10282472,844314,1224089,1551550,1848575,1740573,1545556,895712,463285,143308,22036,3474,5092201,5092201,434432,641400,773226,937873,873079,746556,431999,203331,43767,5660,878,5190271,5190271,409882,582689,778324,910702,867494,799000,463713,259954,99541,16376,2596
서울특별시 종로구 (1111000000),169217,169217,10877,19313,25668,26687,29418,25900,16727,10420,3428,649,130,84344,84344,5599,10239,13162,13645,14870,12901,7798,4646,1218,223,43,84873,84873,5278,9074,12506,13042,14548,12999,8929,5774,2210,426,87
서울특별시 종로구 청운효자동(1111051500),15415,15415,1280,2272,1900,2464,2834,1985,1364,952,298,58,8,7508,7508,708,1273,966,1128,1369,953,575,415,111,8,2,7907,7907,572,999,934,1336,1465,1032,789,537,187,50,6
서울특별시 종로구 사직동(1111053000),10126,10126,718,949,1374,1690,1680,1604,1082,727,246,43,13,4713,4713,360,450,640,820,786,754,474,328,84,15,2,5413,5413,358,499,734,870,894,850,608,399,162,28,11
서울특별시 종로구 삼청동(1111054000),3454,3454,207,357,449,527,547,576,387,263,113,25,3,1655,1655,110,182,220,270,262,270,177,107,45,11,1,1799,1799,97,175,229,257,285,306,210,156,68,14,2
서울특별시 종로구 부암동(1111055000),11418,11418,683,1702,1560,1465,2115,1786,1077,713,262,49,6,5660,5660,349,994,782,715,962,876,526,325,109,21,1,5758,5758,334,708,778,750,1153,910,551,388,153,28,5
서울특별시 종로구 평창동(1111056000),19650,19650,1283,2795,2765,2540,3549,3228,1734,1174,467,100,15,9412,9412,675,1530,1444,1173,1549,1543,807,517,146,21,7,10238,10238,608,1265,1321,1367,2000,1685,927,657,321,79,8
서울특별시 종로구 무악동(1111057000),8661,8661,822,1131,1003,1341,1622,1267,770,511,165,26,3,4162,4162,427,545,487,654,813,597,349,219,52,17,2,4499,4499,395,586,516,687,809,670,421,292,113,9,1
서울특별시 종로구 교남동(1111058000),9065,9065,613,824,1256,1711,1416,1396,1044,595,171,30,9,4476,4476,313,412,610,925,749,665,456,276,56,9,5,4589,4589,300,412,646,786,667,731,588,319,115,21,4
서울특별시 종로구 가회동(1111060000),5609,5609,332,674,705,921,987,813,620,382,139,32,4,2693,2693,168,357,351,449,476,383,277,179,42,10,1,2916,2916,164,317,354,472,511,430,343,203,97,22,3
서울특별시 종로구 종로1.2.3.4가동(1111061500),7939,7939,294,388,1028,1153,1324,1632,1161,652,227,60,20,4544,4544,160,197,552,680,886,960,666,319,89,29,6,3395,3395,134,191,476,473,438,672,495,333,138,31,14
서울특별시 종로구 종로5.6가동(1111063000),6224,6224,274,672,919,889,1194,1015,684,403,147,25,2,3360,3360,135,355,508,528,678,569,327,189,58,13,0,2864,2864,139,317,411,361,516,446,357,214,89,12,2
서울특별시 종로구 이화동(1111064000),9268,9268,479,986,1902,1674,1488,1227,811,514,154,24,9,4473,4473,231,520,889,866,749,590,365,204,48,8,3,4795,4795,248,466,1013,808,739,637,446,310,106,16,6
서울특별시 종로구 혜화동(1111065000),12162,12162,819,1357,2591,2084,1901,1515,1005,636,215,35,4,5897,5897,419,703,1294,1049,901,723,441,276,75,15,1,6265,6265,400,654,1297,1035,1000,792,564,360,140,20,3
서울특별시 종로구 명륜3가동(1111066000),6247,6247,255,539,1772,1036,803,700,574,430,124,9,5,3306,3306,115,277,1088,607,407,338,236,192,40,4,2,2941,2941,140,262,684,429,396,362,338,238,84,5,3
서울특별시 종로구 창신제1동(1111067000),6921,6921,350,659,971,987,1282,1296,810,409,130,25,2,3640,3640,173,345,512,520,700,735,421,177,49,8,0,3281,3281,177,314,459,467,582,561,389,232,81,17,2
서울특별시 종로구 창신제2동(1111068000),11586,11586,682,1322,1722,1779,2264,1818,1154,640,161,32,12,5875,5875,348,661,928,943,1219,888,533,279,64,9,3,5711,5711,334,661,794,836,1045,930,621,361,97,23,9
서울특별시 종로구 창신제3동(1111069000),8630,8630,694,1119,1240,1419,1490,1351,723,421,144,24,5,4305,4305,346,605,621,732,738,679,347,174,49,11,3,4325,4325,348,514,619,687,752,672,376,247,95,13,2
서울특별시 종로구 숭인제1동(1111070000),7526,7526,586,789,1114,1394,1319,1125,669,400,109,19,2,3768,3768,282,411,574,714,699,559,300,177,45,7,0,3758,3758,304,378,540,680,620,566,369,223,64,12,2
서울특별시 종로구 숭인제2동(1111071000),9316,9316,506,778,1397,1613,1603,1566,1058,598,156,33,8,4897,4897,280,422,696,872,927,819,521,293,56,7,4,4419,4419,226,356,701,741,676,747,537,305,100,26,4
서울특별시 중구 (1114000000),132224,132224,9256,12726,18924,23107,22345,21045,13627,7950,2712,437,95,66644,66644,4686,6594,9801,12098,11861,10661,6485,3372,914,144,28,65580,65580,4570,6132,9123,11009,10484,10384,7142,4578,1798,293,67
서울특별시 중구 소공동(1114052000),1323,1323,108,85,195,305,227,196,100,70,25,10,2,706,706,50,40,106,173,124,120,50,30,8,3,2,617,617,58,45,89,132,103,76,50,40,17,7,0
서울특별시 중구 회현동(1114054000),5493,5493,219,336,580,730,925,1232,790,434,182,47,18,3043,3043,106,150,308,432,568,754,417,219,62,22,5,2450,2450,113,186,272,298,357,478,373,215,120,25,13
서울특별시 중구 명동(1114055000),3434,3434,139,196,427,566,630,671,441,250,91,16,7,1546,1546,73,85,214,265,305,304,182,93,20,5,0,1888,1888,66,111,213,301,325,367,259,157,71,11,7
서울특별시 중구 필동(1114057000),4564,4564,249,382,727,730,717,816,474,319,127,19,4,2428,2428,137,197,428,421,423,410,231,130,45,4,2,2136,2136,112,185,299,309,294,406,243,189,82,15,2
서울특별시 중구 장충동(1114058000),5666,5666,367,530,1303,1016,793,715,500,308,117,17,0,2912,2912,183,287,726,544,405,347,231,144,38,7,0,2754,2754,184,243,577,472,388,368,269,164,79,10,0
서울특별시 중구 광희동(1114059000),5769,5769,271,410,801,932,964,1138,712,369,143,23,6,3134,3134,126,212,446,532,573,635,382,155,63,9,1,2635,2635,145,198,355,400,391,503,330,214,80,14,5
서울특별시 중구 을지로동(1114060500),2036,2036,69,93,217,286,335,460,314,161,80,16,5,1258,1258,30,49,127,178,240,303,210,80,31,9,1,778,778,39,44,90,108,95,157,104,81,49,7,4
서울특별시 중구 신당제1동(1114061000),8283,8283,443,879,1230,1374,1537,1321,834,477,161,23,4,4252,4252,225,475,624,755,849,650,400,211,53,8,2,4031,4031,218,404,606,619,688,671,434,266,108,15,2
서울특별시 중구 신당제2동(1114062000),16736,16736,1114,1825,2643,3079,2781,2452,1639,893,272,35,3,8284,8284,572,947,1368,1600,1398,1146,762,383,97,9,2,8452,8452,542,878,1275,1479,1383,1306,877,510,175,26,1
서울특별시 중구 신당제3동(1114063000),19635,19635,1768,1713,2674,3712,3053,3018,2038,1185,402,68,4,9508,9508,881,881,1350,1854,1525,1439,951,473,133,19,2,10127,10127,887,832,1324,1858,1528,1579,1087,712,269,49,2
서울특별시 중구 신당제4동(1114064000),16157,16157,1380,1842,2279,2918,2725,2296,1386,954,322,45,10,7783,7783,717,969,1087,1437,1344,1119,593,397,103,14,3,8374,8374,663,873,1192,1481,1381,1177,793,557,219,31,7
서울특별시 중구 신당제5동(1114065000),8193,8193,505,907,1043,1282,1629,1275,851,521,149,24,7,4157,4157,237,501,541,695,874,658,383,207,56,4,1,4036,4036,268,406,502,587,755,617,468,314,93,20,6
서울특별시 중구 신당제6동(1114066000),9603,9603,800,1148,1311,1588,1728,1414,849,555,179,27,4,4728,4728,403,602,671,771,888,693,400,227,65,8,0,4875,4875,397,546,640,817,840,721,449,328,114,19,4
서울특별시 중구 황학동(1114067000),12767,12767,963,1022,1914,2502,2098,2064,1331,640,206,21,6,6543,6543,522,533,990,1317,1164,1038,649,268,57,4,1,6224,6224,441,489,924,1185,934,1026,682,372,149,17,5
서울특별시 중구 중림동(1114068000),12565,12565,861,1358,1580,2087,2203,1977,1368,814,256,46,15,6362,6362,424,666,815,1124,1181,1045,644,355,83,19,6,6203,6203,437,692,765,963,1022,932,724,459,173,27,9
서울특별시 용산구 (1117000000),247206,247206,19315,24548,34848,46898,41796,36114,23302,14668,4786,744,187,120419,120419,9839,12800,17018,23495,21190,17294,10673,6165,1635,260,50,126787,126787,9476,11748,17830,23403,20606,18820,12629,8503,3151,484,137
서울특별시 용산구 후암동(1117051000),20211,20211,1498,2338,2755,3734,3421,2928,1958,1096,397,73,13,10086,10086,768,1303,1456,1903,1710,1438,910,448,124,26,0,10125,10125,730,1035,1299,1831,1711,1490,1048,648,273,47,13
서울특별시 용산구 용산2가동(1117052000),13204,13204,910,1305,1892,2474,2095,2058,1318,789,296,53,14,6402,6402,475,716,936,1291,998,945,623,305,90,21,2,6802,6802,435,589,956,1183,1097,1113,695,484,206,32,12
서울특별시 용산구 남영동(1117053000),7882,7882,325,522,1069,1315,1455,1550,892,526,168,40,20,4678,4678,169,279,540,809,983,992,521,283,70,21,11,3204,3204,156,243,529,506,472,558,371,243,98,19,9
서울특별시 용산구 청파동(1117055500),23761,23761,1438,2495,4417,4724,3851,3097,2053,1241,370,58,17,11541,11541,763,1321,1938,2469,1970,1499,922,532,104,19,4,12220,12220,675,1174,2479,2255,1881,1598,1131,709,266,39,13
서울특별시 용산구 원효로제1동(1117056000),12455,12455,1124,1002,1875,2853,1886,1785,1098,601,189,29,13,6228,6228,583,523,920,1472,994,852,521,284,64,12,3,6227,6227,541,479,955,1381,892,933,577,317,125,17,10
서울특별시 용산구 원효로제2동(1117057000),15887,15887,1469,2005,1904,2849,2916,2205,1333,894,273,32,7,7608,7608,743,915,934,1419,1477,1079,601,338,92,7,3,8279,8279,726,1090,970,1430,1439,1126,732,556,181,25,4
서울특별시 용산구 효창동(1117058000),11399,11399,947,1427,1587,2064,1979,1503,1003,658,193,34,4,5556,5556,481,804,748,1029,983,720,437,267,74,13,0,5843,5843,466,623,839,1035,996,783,566,391,119,21,4
서울특별시 용산구 용문동(1117059000),13357,13357,1284,1401,1707,2679,2192,1865,1251,711,228,28,11,6543,6543,664,697,851,1357,1133,871,573,312,69,10,6,6814,6814,620,704,856,1322,1059,994,678,399,159,18,5
서울특별시 용산구 한강로동(1117062500),15694,15694,1063,1048,2346,2848,2449,2655,1841,1015,348,63,18,7864,7864,549,564,1155,1448,1320,1310,908,470,114,21,5,7830,7830,514,484,1191,1400,1129,1345,933,545,234,42,13
서울특별시 용산구 이촌제1동(1117063000),27015,27015,3189,3396,2881,4658,5076,3475,2057,1611,559,94,19,12636,12636,1599,1744,1358,1963,2457,1688,881,686,225,32,3,14379,14379,1590,1652,1523,2695,2619,1787,1176,925,334,62,16
서울특별시 용산구 이촌제2동(1117064000),10542,10542,956,857,1397,1957,1633,1700,1126,666,216,29,5,5069,5069,479,447,710,995,834,753,532,260,51,7,1,5473,5473,477,410,687,962,799,947,594,406,165,22,4
서울특별시 용산구 이태원제1동(1117065000),8605,8605,458,668,1285,1539,1430,1378,905,652,242,33,15,3960,3960,231,338,616,756,701,600,361,262,79,12,4,4645,4645,227,330,669,783,729,778,544,390,163,21,11
서울특별시 용산구 이태원제2동(1117066000),11318,11318,756,917,1559,2255,1778,1675,1256,826,258,31,7,5285,5285,353,484,767,1097,861,732,550,342,86,11,2,6033,6033,403,433,792,1158,917,943,706,484,172,20,5
서울특별시 용산구 한남동(1117068500),23944,23944,1477,1725,3835,5126,3894,3657,2346,1377,422,71,14,11548,11548,715,905,1893,2615,1947,1659,1073,573,141,24,3,12396,12396,762,820,1942,2511,1947,1998,1273,804,281,47,11
서울특별시 용산구 서빙고동(1117069000),13852,13852,1321,1753,1645,2361,2588,1806,1128,900,310,38,2,6673,6673,682,848,818,1135,1293,911,472,368,131,15,0,7179,7179,639,905,827,1226,1295,895,656,532,179,23,2
서울특별시 용산구 보광동(1117070000),18080,18080,1100,1689,2694,3462,3153,2777,1737,1105,317,38,8,8742,8742,585,912,1378,1737,1529,1245,788,435,121,9,3,9338,9338,515,777,1316,1725,1624,1532,949,670,196,29,5
서울특별시 성동구 (1120000000),304411,304411,25405,32652,45539,57019,52177,44535,27106,14999,4197,662,120,152614,152614,12997,16888,23063,29160,27439,22215,12812,6486,1351,174,29,151797,151797,12408,15764,22476,27859,24738,22320,14294,8513,2846,488,91
서울특별시 성동구 왕십리제2동(1120052000),17874,17874,1526,2064,2505,3368,3123,2546,1623,824,238,45,12,8915,8915,783,1103,1210,1682,1626,1274,765,378,74,16,4,8959,8959,743,961,1295,1686,1497,1272,858,446,164,29,8
서울특별시 성동구 왕십리도선동(1120053500),12916,12916,853,1297,1986,2121,2249,2027,1301,807,220,46,9,6423,6423,438,690,974,1085,1159,1018,625,344,78,11,1,6493,6493,415,607,1012,1036,1090,1009,676,463,142,35,8
서울특별시 성동구 마장동(1120054000),25672,25672,2172,3000,3921,4406,4325,3867,2285,1266,371,49,10,12897,12897,1137,1537,2003,2257,2235,1957,1105,539,116,9,2,12775,12775,1035,1463,1918,2149,2090,1910,1180,727,255,40,8
서울특별시 성동구 사근동(1120055000),10819,10819,523,971,3412,1662,1319,1228,971,557,147,26,3,5748,5748,256,493,2007,964,675,591,440,263,48,10,1,5071,5071,267,478,1405,698,644,637,531,294,99,16,2
서울특별시 성동구 행당제1동(1120056000),17868,17868,1441,1843,2871,3325,2916,2608,1641,925,256,36,6,8796,8796,713,940,1444,1669,1491,1277,765,404,85,4,4,9072,9072,728,903,1427,1656,1425,1331,876,521,171,32,2
서울특별시 성동구 행당제2동(1120057000),26936,26936,3067,3147,3302,5614,4563,3578,2116,1132,346,58,13,12937,12937,1512,1529,1595,2684,2317,1727,977,472,101,19,4,13999,13999,1555,1618,1707,2930,2246,1851,1139,660,245,39,9
서울특별시 성동구 응봉동(1120058000),17543,17543,1822,2128,2037,3437,3231,2195,1553,875,226,36,3,8457,8457,918,1062,1003,1627,1634,1047,698,380,75,13,0,9086,9086,904,1066,1034,1810,1597,1148,855,495,151,23,3
서울특별시 성동구 금호1가동(1120059000),16186,16186,1399,1823,2127,2987,2759,2417,1458,907,257,49,3,7906,7906,744,958,1040,1493,1395,1146,680,357,82,9,2,8280,8280,655,865,1087,1494,1364,1271,778,550,175,40,1
서울특별시 성동구 금호2.3가동(1120061500),21162,21162,1580,2329,2929,3916,3547,3033,2162,1242,363,48,13,10300,10300,798,1193,1436,1984,1811,1439,989,510,126,12,2,10862,10862,782,1136,1493,1932,1736,1594,1173,732,237,36,11
서울특별시 성동구 금호4가동(1120062000),15179,15179,1413,1387,2050,3231,2507,2160,1371,805,213,35,7,7465,7465,723,759,1057,1581,1305,1012,602,348,68,8,2,7714,7714,690,628,993,1650,1202,1148,769,457,145,27,5
서울특별시 성동구 옥수동(1120064500),22526,22526,1875,2129,3182,4271,3642,3492,2144,1292,414,74,11,11022,11022,976,1112,1543,2149,1857,1653,989,567,151,21,4,11504,11504,899,1017,1639,2122,1785,1839,1155,725,263,53,7
서울특별시 성동구 성수1가제1동(1120065000),18204,18204,1710,2330,2455,3445,3509,2517,1285,730,195,23,5,9370,9370,872,1211,1296,1761,1872,1330,630,321,70,6,1,8834,8834,838,1119,1159,1684,1637,1187,655,409,125,17,4
서울특별시 성동구 성수1가제2동(1120066000),18775,18775,1570,1709,3254,4015,2947,2751,1519,768,202,34,6,9528,9528,799,896,1599,2145,1553,1391,748,331,55,11,0,9247,9247,771,813,1655,1870,1394,1360,771,437,147,23,6
서울특별시 성동구 성수2가제1동(1120067000),21254,21254,1587,2284,3190,3756,3952,3464,1820,911,247,33,10,11025,11025,814,1200,1672,1986,2169,1803,916,390,68,6,1,10229,10229,773,1084,1518,1770,1783,1661,904,521,179,27,9
서울특별시 성동구 성수2가제3동(1120069000),12029,12029,908,1032,1986,2264,1940,2004,1140,558,161,33,3,6241,6241,474,550,962,1207,1106,1050,576,249,56,11,0,5788,5788,434,482,1024,1057,834,954,564,309,105,22,3
서울특별시 성동구 송정동(1120072000),12450,12450,908,1282,1858,2265,2390,1971,1072,529,154,18,3,6600,6600,484,667,989,1251,1370,1049,515,222,48,5,0,5850,5850,424,615,869,1014,1020,922,557,307,106,13,3
서울특별시 성동구 용답동(1120079000),17018,17018,1051,1897,2474,2936,3258,2677,1645,871,187,19,3,8984,8984,556,988,1233,1635,1864,1451,792,411,50,3,1,8034,8034,495,909,1241,1301,1394,1226,853,460,137,16,2
서울특별시 광진구 (1121500000),373608,373608,28574,44574,63613,68845,63928,54855,29279,14749,4394,685,112,185030,185030,14646,23189,30988,35058,31964,26776,14234,6608,1374,166,27,188578,188578,13928,21385,32625,33787,31964,28079,15045,8141,3020,519,85
서울특별시 광진구 화양동(1121571000),21202,21202,1015,1478,6306,4459,2815,2458,1595,813,221,32,10,10499,10499,516,744,2935,2396,1529,1165,763,368,77,3,3,10703,10703,499,734,3371,2063,1286,1293,832,445,144,29,7
서울특별시 광진구 군자동(1121573000),21583,21583,1350,2160,4320,4199,3363,3114,1837,961,231,43,5,10923,10923,685,1134,2155,2304,1746,1496,885,444,59,13,2,10660,10660,665,1026,2165,1895,1617,1618,952,517,172,30,3
서울특별시 광진구 중곡제1동(1121574000),16808,16808,1055,1689,2940,3282,2816,2608,1496,675,197,46,4,8341,8341,534,882,1385,1691,1438,1268,745,324,58,15,1,8467,8467,521,807,1555,1591,1378,1340,751,351,139,31,3
서울특별시 광진구 중곡제2동(1121575000),22805,22805,1708,2773,3814,4166,3977,3363,1863,864,235,38,4,11221,11221,863,1432,1850,2116,1959,1624,898,404,64,10,1,11584,11584,845,1341,1964,2050,2018,1739,965,460,171,28,3
서울특별시 광진구 중곡제3동(1121576000),19471,19471,1331,2507,3007,3435,3651,2882,1624,785,207,32,10,9819,9819,684,1334,1501,1813,1842,1434,792,345,64,8,2,9652,9652,647,1173,1506,1622,1809,1448,832,440,143,24,8
서울특별시 광진구 중곡제4동(1121577000),32245,32245,2281,4321,4817,5525,5727,4955,2833,1290,405,78,13,16040,16040,1218,2264,2397,2900,2806,2378,1380,564,112,15,6,16205,16205,1063,2057,2420,2625,2921,2577,1453,726,293,63,7
서울특별시 광진구 능동(1121578000),10959,10959,746,885,2368,2421,1500,1464,934,458,154,27,2,5193,5193,376,453,1051,1247,692,660,442,211,55,6,0,5766,5766,370,432,1317,1174,808,804,492,247,99,21,2
서울특별시 광진구 광장동(1121581000),35491,35491,3701,6809,4006,5085,8000,4366,1769,1242,436,67,10,17375,17375,1914,3500,2020,2175,3919,2311,833,536,147,18,2,18116,18116,1787,3309,1986,2910,4081,2055,936,706,289,49,8
서울특별시 광진구 자양제1동(1121582000),24713,24713,1741,2643,4419,4852,4029,3643,1967,1055,313,45,6,12261,12261,913,1381,2133,2490,2060,1757,926,480,109,11,1,12452,12452,828,1262,2286,2362,1969,1886,1041,575,204,34,5
서울특별시 광진구 자양제2동(1121583000),29359,29359,2535,3440,4535,5664,4835,4600,2312,1060,325,46,7,14757,14757,1335,1832,2278,2896,2397,2279,1146,482,101,10,1,14602,14602,1200,1608,2257,2768,2438,2321,1166,578,224,36,6
서울특별시 광진구 자양제3동(1121584000),32304,32304,3185,4076,5081,5735,5466,5168,2110,1055,369,54,5,15883,15883,1580,2120,2507,2749,2686,2615,1063,442,106,14,1,16421,16421,1605,1956,2574,2986,2780,2553,1047,613,263,40,4
서울특별시 광진구 자양제4동(1121584700),26433,26433,1538,2454,4751,4659,4523,4418,2502,1211,329,41,7,13449,13449,712,1336,2375,2515,2409,2201,1239,549,102,9,2,12984,12984,826,1118,2376,2144,2114,2217,1263,662,227,32,5
서울특별시 광진구 구의제1동(1121585000),23002,23002,1473,2349,4351,4974,3584,3143,1879,955,255,30,9,11117,11117,774,1178,1981,2536,1779,1437,886,445,91,8,2,11885,11885,699,1171,2370,2438,1805,1706,993,510,164,22,7
서울특별시 광진구 구의제2동(1121586000),27078,27078,2299,3227,3896,4945,4602,4115,2369,1229,324,59,13,13489,13489,1215,1653,1989,2581,2302,1948,1153,541,93,14,0,13589,13589,1084,1574,1907,2364,2300,2167,1216,688,231,45,13
서울특별시 광진구 구의제3동(1121587000),30155,30155,2616,3763,5002,5444,5040,4558,2189,1096,393,47,7,14663,14663,1327,1946,2431,2649,2400,2203,1083,473,136,12,3,15492,15492,1289,1817,2571,2795,2640,2355,1106,623,257,35,4
서울특별시 동대문구 (1123000000),366633,366633,28013,38955,56753,63883,59541,56556,36378,20081,5447,889,137,184609,184609,14312,20283,29323,33532,30948,27753,17392,8969,1795,264,38,182024,182024,13701,18672,27430,30351,28593,28803,18986,11112,3652,625,99
서울특별시 동대문구 용신동(1123053600),32529,32529,2061,2932,4977,5778,5207,5254,3639,2064,529,76,12,16897,16897,1079,1584,2552,3167,2840,2709,1805,954,180,23,4,15632,15632,982,1348,2425,2611,2367,2545,1834,1110,349,53,8
서울특별시 동대문구 제기동(1123054500),28229,28229,1914,2639,4698,4644,4205,4456,3141,1910,537,75,10,14419,14419,960,1373,2536,2544,2256,2192,1486,852,199,20,1,13810,13810,954,1266,2162,2100,1949,2264,1655,1058,338,55,9
서울특별시 동대문구 전농제1동(1123056000),27666,27666,1714,3068,3760,4442,4684,4525,3086,1851,446,73,17,14313,14313,882,1610,2011,2401,2532,2366,1480,830,172,25,4,13353,13353,832,1458,1749,2041,2152,2159,1606,1021,274,48,13
서울특별시 동대문구 전농제2동(1123057000),21433,21433,1851,2764,2862,3376,3828,3247,1953,1201,310,36,5,10513,10513,925,1437,1467,1650,1905,1578,901,526,109,13,2,10920,10920,926,1327,1395,1726,1923,1669,1052,675,201,23,3
서울특별시 동대문구 답십리제1동(1123060000),20674,20674,1591,2289,2774,3828,3519,3068,2084,1149,315,43,14,10413,10413,829,1227,1394,1993,1829,1529,976,520,99,13,4,10261,10261,762,1062,1380,1835,1690,1539,1108,629,216,30,10
서울특별시 동대문구 답십리제2동(1123061000),32421,32421,2878,3866,4206,5566,5771,4833,3071,1720,427,71,12,16099,16099,1440,1971,2164,2815,2987,2359,1471,744,122,21,5,16322,16322,1438,1895,2042,2751,2784,2474,1600,976,305,50,7
서울특별시 동대문구 장안제1동(1123065000),37125,37125,3096,3719,5440,6861,6048,6261,3575,1564,467,83,11,18795,18795,1566,1941,2799,3583,3136,3063,1807,726,146,22,6,18330,18330,1530,1778,2641,3278,2912,3198,1768,838,321,61,5
서울특별시 동대문구 장안제2동(1123066000),32824,32824,3168,3648,4405,6297,5442,5119,2914,1356,392,76,7,16578,16578,1612,2007,2275,3187,2811,2515,1451,600,103,15,2,16246,16246,1556,1641,2130,3110,2631,2604,1463,756,289,61,5
서울특별시 동대문구 청량리동(1123070500),24837,24837,1551,2240,3461,3737,3741,4452,3123,1875,552,90,15,12456,12456,791,1177,1874,2014,1959,2160,1454,803,188,33,3,12381,12381,760,1063,1587,1723,1782,2292,1669,1072,364,57,12
서울특별시 동대문구 회기동(1123071000),11154,11154,728,1121,2724,2010,1520,1332,925,577,170,39,8,5407,5407,375,547,1323,1043,770,605,425,254,53,11,1,5747,5747,353,574,1401,967,750,727,500,323,117,28,7
서울특별시 동대문구 휘경제1동(1123072000),17135,17135,1036,1653,3304,3097,2716,2472,1646,925,239,45,2,8614,8614,542,856,1599,1723,1430,1182,747,438,79,18,0,8521,8521,494,797,1705,1374,1286,1290,899,487,160,27,2
서울특별시 동대문구 휘경제2동(1123073000),24988,24988,2139,2975,4318,4309,3978,3569,2235,1095,315,52,3,12356,12356,1092,1419,2265,2217,1990,1702,1065,484,108,12,2,12632,12632,1047,1556,2053,2092,1988,1867,1170,611,207,40,1
서울특별시 동대문구 이문제1동(1123074000),32106,32106,1999,3309,6615,5686,4866,4497,2891,1698,443,86,16,16063,16063,1059,1703,3445,3036,2437,2136,1332,748,145,19,3,16043,16043,940,1606,3170,2650,2429,2361,1559,950,298,67,13
서울특별시 동대문구 이문제2동(1123075000),23512,23512,2287,2732,3209,4252,4016,3471,2095,1096,305,44,5,11686,11686,1160,1431,1619,2159,2066,1657,992,490,92,19,1,11826,11826,1127,1301,1590,2093,1950,1814,1103,606,213,25,4
서울특별시 중랑구 (1126000000),425668,425668,32269,50001,64083,72084,74003,68832,38658,19199,5562,879,98,213289,213289,16527,26140,32336,37407,37682,34065,18782,8569,1574,184,23,212379,212379,15742,23861,31747,34677,36321,34767,19876,10630,3988,695,75
서울특별시 중랑구 면목제2동(1126052000),28733,28733,2296,3444,3980,5146,5379,4330,2480,1249,376,50,3,14558,14558,1170,1809,2039,2708,2846,2150,1171,544,106,15,0,14175,14175,1126,1635,1941,2438,2533,2180,1309,705,270,35,3
서울특별시 중랑구 면목제4동(1126054000),23373,23373,1772,2573,3703,4313,3779,3549,2404,964,266,44,6,11528,11528,924,1336,1631,2283,1971,1755,1087,446,81,13,1,11845,11845,848,1237,2072,2030,1808,1794,1317,518,185,31,5
서울특별시 중랑구 면목제5동(1126055000),14445,14445,1047,1661,2071,2483,2645,2295,1349,686,186,20,2,7408,7408,546,848,1067,1329,1414,1174,657,325,43,5,0,7037,7037,501,813,1004,1154,1231,1121,692,361,143,15,2
서울특별시 중랑구 면목본동(1126056500),36944,36944,2455,4157,5932,6401,6525,5893,3422,1654,429,65,11,18516,18516,1260,2217,2985,3301,3365,2853,1649,755,118,9,4,18428,18428,1195,1940,2947,3100,3160,3040,1773,899,311,56,7
서울특별시 중랑구 면목제7동(1126057000),26329,26329,1958,2818,4201,4646,4457,4226,2462,1164,331,60,6,13164,13164,1006,1494,2113,2423,2222,2087,1210,505,91,12,1,13165,13165,952,1324,2088,2223,2235,2139,1252,659,240,48,5
서울특별시 중랑구 면목제3.8동(1126057500),30094,30094,2010,3404,4813,5041,5154,4894,2893,1433,380,68,4,15133,15133,984,1770,2489,2674,2645,2407,1392,642,108,22,0,14961,14961,1026,1634,2324,2367,2509,2487,1501,791,272,46,4
서울특별시 중랑구 상봉제1동(1126058000),26074,26074,2198,3950,3761,3773,4955,4047,1927,1091,323,45,4,12883,12883,1147,2056,1942,1826,2435,2013,925,450,83,6,0,13191,13191,1051,1894,1819,1947,2520,2034,1002,641,240,39,4
서울특별시 중랑구 상봉제2동(1126059000),18697,18697,1151,1619,3136,3505,2961,3206,1962,876,237,36,8,9508,9508,588,862,1565,1927,1540,1575,974,396,72,7,2,9189,9189,563,757,1571,1578,1421,1631,988,480,165,29,6
서울특별시 중랑구 중화제1동(1126060000),21832,21832,1815,2611,3308,3844,3625,3576,1862,894,265,30,2,10855,10855,899,1368,1646,2012,1772,1748,929,403,73,5,0,10977,10977,916,1243,1662,1832,1853,1828,933,491,192,25,2
서울특별시 중랑구 중화제2동(1126061000),31532,31532,1829,3232,4828,5195,5741,5500,3130,1591,410,68,8,16253,16253,983,1695,2511,2820,3071,2789,1499,739,129,14,3,15279,15279,846,1537,2317,2375,2670,2711,1631,852,281,54,5
서울특별시 중랑구 묵제1동(1126062000),35649,35649,2914,4360,5250,6207,5904,5705,3211,1558,454,77,9,17592,17592,1467,2279,2610,3129,2904,2724,1601,723,137,15,3,18057,18057,1447,2081,2640,3078,3000,2981,1610,835,317,62,6
서울특별시 중랑구 묵제2동(1126063000),20240,20240,1524,2188,3047,3577,3314,3320,2026,934,250,55,5,10162,10162,803,1151,1562,1809,1722,1598,1001,426,76,11,3,10078,10078,721,1037,1485,1768,1592,1722,1025,508,174,44,2
서울특별시 중랑구 망우본동(1126065500),34263,34263,2376,3986,5109,5405,6007,5980,3165,1627,515,82,11,17355,17355,1216,2082,2667,2914,3031,3012,1568,714,135,12,4,16908,16908,1160,1904,2442,2491,2976,2968,1597,913,380,70,7
서울특별시 중랑구 망우제3동(1126066000),19666,19666,1380,2498,2798,3026,3689,3227,1831,906,270,35,6,9894,9894,676,1214,1417,1563,1943,1658,933,391,88,10,1,9772,9772,704,1284,1381,1463,1746,1569,898,515,182,25,5
서울특별시 중랑구 신내1동(1126068000),32314,32314,3103,4145,4703,5150,5417,5166,2602,1440,482,93,13,16016,16016,1571,2185,2373,2576,2647,2605,1287,635,122,14,1,16298,16298,1532,1960,2330,2574,2770,2561,1315,805,360,79,12
서울특별시 중랑구 신내2동(1126069000),25483,25483,2441,3355,3443,4372,4451,3918,1932,1132,388,51,0,12464,12464,1287,1774,1719,2113,2154,1917,899,475,112,14,0,13019,13019,1154,1581,1724,2259,2297,2001,1033,657,276,37,0
서울특별시 성북구 (1129000000),488036,488036,43466,53868,72113,88323,80656,71120,44889,25141,7123,1126,211,241131,241131,22428,27914,35865,44886,41153,34211,21077,11054,2216,265,62,246905,246905,21038,25954,36248,43437,39503,36909,23812,14087,4907,861,149
서울특별시 성북구 성북동(1129052500),19236,19236,1323,2046,2971,3352,3171,2724,1884,1258,443,56,8,9275,9275,674,1061,1380,1695,1581,1283,835,570,166,23,7,9961,9961,649,985,1591,1657,1590,1441,1049,688,277,33,1
서울특별시 성북구 삼선동(1129055500),27509,27509,2063,3058,4502,4948,4653,3740,2539,1487,424,73,22,13445,13445,1105,1574,2156,2539,2328,1828,1139,622,129,15,10,14064,14064,958,1484,2346,2409,2325,1912,1400,865,295,58,12
서울특별시 성북구 동선동(1129057500),16081,16081,1043,1592,3422,3046,2385,1998,1463,819,254,48,11,7303,7303,541,732,1305,1476,1235,909,653,363,73,13,3,8778,8778,502,860,2117,1570,1150,1089,810,456,181,35,8
서울특별시 성북구 돈암제1동(1129058000),16780,16780,1370,2015,2397,2664,2943,2615,1566,905,257,42,6,8113,8113,697,985,1188,1331,1460,1266,727,363,82,10,4,8667,8667,673,1030,1209,1333,1483,1349,839,542,175,32,2
서울특별시 성북구 돈암제2동(1129059000),24328,24328,2754,3319,2930,4120,4605,3277,1825,1087,353,48,10,11835,11835,1411,1708,1471,1888,2304,1606,841,457,134,12,3,12493,12493,1343,1611,1459,2232,2301,1671,984,630,219,36,7
서울특별시 성북구 안암동(1129060000),17111,17111,929,1749,4408,2885,2464,2147,1372,881,231,41,4,8692,8692,513,941,2256,1579,1288,1020,628,377,75,13,2,8419,8419,416,808,2152,1306,1176,1127,744,504,156,28,2
서울특별시 성북구 보문동(1129061000),14908,14908,900,1528,2505,2678,2527,2268,1421,808,236,30,7,7476,7476,445,829,1271,1416,1287,1129,653,360,77,6,3,7432,7432,455,699,1234,1262,1240,1139,768,448,159,24,4
서울특별시 성북구 정릉제1동(1129062000),20658,20658,2148,2272,2648,4035,3381,2903,1835,1059,316,55,6,9925,9925,1085,1157,1276,1966,1687,1361,817,462,97,14,3,10733,10733,1063,1115,1372,2069,1694,1542,1018,597,219,41,3
서울특별시 성북구 정릉제2동(1129063000),24898,24898,2374,2742,3312,4527,3942,3796,2390,1358,384,54,19,12327,12327,1233,1472,1642,2328,1973,1787,1143,612,125,11,1,12571,12571,1141,1270,1670,2199,1969,2009,1247,746,259,43,18
서울특별시 성북구 정릉제3동(1129064000),18394,18394,1299,1934,3144,2920,2862,2801,1916,1140,337,33,8,9187,9187,660,999,1721,1565,1436,1315,892,483,103,12,1,9207,9207,639,935,1423,1355,1426,1486,1024,657,234,21,7
서울특별시 성북구 정릉제4동(1129065000),28217,28217,2994,3015,3482,5506,4607,4003,2656,1445,427,74,8,13877,13877,1554,1555,1710,2731,2357,1890,1266,660,139,14,1,14340,14340,1440,1460,1772,2775,2250,2113,1390,785,288,60,7
서울특별시 성북구 길음제1동(1129066000),37073,37073,5078,4101,4394,8241,6158,4501,2737,1355,423,73,12,18107,18107,2645,2087,2126,3911,3235,2082,1299,587,114,18,3,18966,18966,2433,2014,2268,4330,2923,2419,1438,768,309,55,9
서울특별시 성북구 길음제2동(1129068500),20151,20151,1564,2001,2906,3548,3261,3286,2122,1132,270,54,7,9942,9942,815,1035,1491,1818,1654,1530,1012,490,84,12,1,10209,10209,749,966,1415,1730,1607,1756,1110,642,186,42,6
서울특별시 성북구 종암동(1129070500),43280,43280,4171,5044,6538,7773,7365,5970,3576,2118,612,93,20,21576,21576,2127,2703,3357,3953,3777,2906,1628,910,191,19,5,21704,21704,2044,2341,3181,3820,3588,3064,1948,1208,421,74,15
서울특별시 성북구 월곡제1동(1129071500),29105,29105,3166,3002,3762,5650,4610,4424,2665,1372,374,64,16,14466,14466,1636,1534,1876,2857,2385,2179,1278,597,104,16,4,14639,14639,1530,1468,1886,2793,2225,2245,1387,775,270,48,12
서울특별시 성북구 월곡제2동(1129072500),21667,21667,1927,2301,3271,3929,3449,3219,2014,1163,345,43,6,10691,10691,950,1193,1549,2003,1797,1581,978,520,114,5,1,10976,10976,977,1108,1722,1926,1652,1638,1036,643,231,38,5
서울특별시 성북구 장위제1동(1129076000),26871,26871,2052,3215,3815,4529,4732,4198,2583,1345,345,48,9,13430,13430,1072,1624,1979,2415,2372,2022,1240,591,103,10,2,13441,13441,980,1591,1836,2114,2360,2176,1343,754,242,38,7
서울특별시 성북구 장위제2동(1129077000),23637,23637,1750,2726,3262,3986,3999,3756,2447,1309,324,62,16,11964,11964,885,1431,1729,2142,2060,1850,1163,588,97,16,3,11673,11673,865,1295,1533,1844,1939,1906,1284,721,227,46,13
서울특별시 성북구 장위제3동(1129078000),19735,19735,1649,2164,2612,3273,3381,3177,2054,1115,255,48,7,10086,10086,858,1173,1370,1705,1804,1543,1032,513,80,8,0,9649,9649,791,991,1242,1568,1577,1634,1022,602,175,40,7
서울특별시 성북구 석관동(1129081000),38397,38397,2912,4044,5832,6713,6161,6317,3824,1985,513,87,9,19414,19414,1522,2121,3012,3568,3133,3124,1853,929,129,18,5,18983,18983,1390,1923,2820,3145,3028,3193,1971,1056,384,69,4
서울특별시 강북구 (1130500000),345502,345502,26136,38418,47867,59764,57009,53921,36923,19478,5020,805,161,171284,171284,13439,20095,24293,31116,28970,25600,17029,8882,1613,205,42,174218,174218,12697,18323,23574,28648,28039,28321,19894,10596,3407,600,119
서울특별시 강북구 삼양동(1130553400),32621,32621,2875,3624,4346,5909,5499,4945,3221,1633,471,78,20,16403,16403,1510,1911,2212,3108,2830,2416,1546,683,153,29,5,16218,16218,1365,1713,2134,2801,2669,2529,1675,950,318,49,15
서울특별시 강북구 미아동(1130553500),24062,24062,1411,2599,3786,3914,4073,4012,2557,1358,299,47,6,12046,12046,684,1445,1931,2113,2026,1929,1191,621,90,15,1,12016,12016,727,1154,1855,1801,2047,2083,1366,737,209,32,5
서울특별시 강북구 송중동(1130554500),35407,35407,2322,3842,5247,6002,5820,5918,3752,1967,446,77,14,17306,17306,1161,1944,2641,3108,2880,2739,1736,929,140,22,6,18101,18101,1161,1898,2606,2894,2940,3179,2016,1038,306,55,8
서울특별시 강북구 송천동(1130555500),32665,32665,2140,3453,4733,5458,5502,5269,3608,1943,458,85,16,16335,16335,1113,1813,2375,2907,2828,2561,1684,886,144,20,4,16330,16330,1027,1640,2358,2551,2674,2708,1924,1057,314,65,12
서울특별시 강북구 삼각산동(1130557500),30940,30940,4018,4188,3306,6174,5807,3751,2114,1177,330,60,15,15182,15182,2084,2140,1631,2888,3063,1809,961,489,94,19,4,15758,15758,1934,2048,1675,3286,2744,1942,1153,688,236,41,11
서울특별시 강북구 번제1동(1130559000),20770,20770,1420,2228,3151,3890,3441,3055,2174,1095,270,36,10,10305,10305,704,1195,1544,1995,1790,1452,999,507,105,10,4,10465,10465,716,1033,1607,1895,1651,1603,1175,588,165,26,6
서울특별시 강북구 번제2동(1130560000),20352,20352,1493,2348,2776,3553,3254,3082,2360,1179,270,35,2,10025,10025,741,1220,1461,1885,1641,1453,1003,529,85,7,0,10327,10327,752,1128,1315,1668,1613,1629,1357,650,185,28,2
서울특별시 강북구 번제3동(1130560600),21578,21578,1783,2423,2545,3999,3110,3044,3044,1247,317,60,6,10458,10458,910,1268,1275,2120,1564,1374,1275,583,79,9,1,11120,11120,873,1155,1270,1879,1546,1670,1769,664,238,51,5
서울특별시 강북구 수유제1동(1130561000),23547,23547,1639,2686,3341,3937,3893,3819,2428,1390,336,54,24,11891,11891,838,1400,1731,2128,1997,1847,1176,642,120,9,3,11656,11656,801,1286,1610,1809,1896,1972,1252,748,216,45,21
서울특별시 강북구 수유제2동(1130562000),23789,23789,1728,2670,3248,3826,3815,3864,2621,1505,450,56,6,11761,11761,923,1392,1652,1985,1928,1793,1236,677,160,13,2,12028,12028,805,1278,1596,1841,1887,2071,1385,828,290,43,4
서울특별시 강북구 수유제3동(1130563000),24115,24115,1480,2167,3820,4384,3767,3967,2716,1435,330,38,11,12040,12040,795,1140,1923,2325,1933,1851,1281,664,119,6,3,12075,12075,685,1027,1897,2059,1834,2116,1435,771,211,32,8
서울특별시 강북구 우이동(1130564500),21778,21778,1521,2313,2893,3388,3533,3627,2554,1416,429,84,20,10857,10857,808,1225,1511,1766,1766,1755,1175,683,146,16,6,10921,10921,713,1088,1382,1622,1767,1872,1379,733,283,68,14
서울특별시 강북구 인수동(1130566000),33878,33878,2306,3877,4675,5330,5495,5568,3774,2133,614,95,11,16675,16675,1168,2002,2406,2788,2724,2621,1766,989,178,30,3,17203,17203,1138,1875,2269,2542,2771,2947,2008,1144,436,65,8
서울특별시 도봉구 (1132000000),366879,366879,29300,46724,52725,57930,63794,59343,32422,18266,5545,744,86,181652,181652,15050,24572,26897,29199,31192,28878,15833,7986,1835,195,15,185227,185227,14250,22152,25828,28731,32602,30465,16589,10280,3710,549,71
서울특별시 도봉구 창제1동(1132051100),28788,28788,2468,3759,3843,5036,5142,4267,2324,1491,410,45,3,14083,14083,1297,1980,1928,2499,2492,2045,1067,619,144,12,0,14705,14705,1171,1779,1915,2537,2650,2222,1257,872,266,33,3
서울특별시 도봉구 창제2동(1132051200),31465,31465,2681,3883,4624,5606,5462,4698,2650,1419,386,55,1,15561,15561,1321,2051,2271,2880,2709,2282,1268,652,115,12,0,15904,15904,1360,1832,2353,2726,2753,2416,1382,767,271,43,1
서울특별시 도봉구 창제3동(1132051300),16430,16430,1345,2071,2163,2685,2960,2501,1600,838,231,30,6,8287,8287,696,1090,1110,1377,1547,1241,791,357,68,9,1,8143,8143,649,981,1053,1308,1413,1260,809,481,163,21,5
서울특별시 도봉구 창제4동(1132051400),31148,31148,2879,4611,4251,4972,5967,4557,2034,1340,470,64,3,15110,15110,1455,2406,2096,2337,2862,2257,986,536,158,17,0,16038,16038,1424,2205,2155,2635,3105,2300,1048,804,312,47,3
서울특별시 도봉구 창제5동(1132051500),28198,28198,2351,3556,4406,4473,4814,4675,2243,1235,382,55,8,13945,13945,1225,1802,2287,2227,2325,2274,1113,537,132,22,1,14253,14253,1126,1754,2119,2246,2489,2401,1130,698,250,33,7
서울특별시 도봉구 도봉제1동(1132052100),24943,24943,1437,2554,3487,3761,4014,4297,3209,1677,444,51,12,12723,12723,739,1389,1782,2091,2051,2112,1577,787,184,9,2,12220,12220,698,1165,1705,1670,1963,2185,1632,890,260,42,10
서울특별시 도봉구 도봉제2동(1132052200),31849,31849,2788,3028,4459,5376,4694,5577,3426,1868,543,76,14,15837,15837,1426,1610,2303,2740,2365,2600,1745,856,175,13,4,16012,16012,1362,1418,2156,2636,2329,2977,1681,1012,368,63,10
서울특별시 도봉구 쌍문제1동(1132066000),22527,22527,1643,2990,3091,3357,3867,3582,2291,1274,377,46,9,11050,11050,802,1534,1551,1717,1895,1722,1100,580,130,19,0,11477,11477,841,1456,1540,1640,1972,1860,1191,694,247,27,9
서울특별시 도봉구 쌍문제2동(1132067000),21729,21729,1582,2692,3177,3512,3704,3535,1984,1122,356,55,10,10696,10696,824,1442,1595,1821,1754,1692,952,492,108,11,5,11033,11033,758,1250,1582,1691,1950,1843,1032,630,248,44,5
서울특별시 도봉구 쌍문제3동(1132068000),18698,18698,1480,1905,2889,3399,2890,2908,1936,989,252,48,2,9181,9181,756,991,1420,1771,1410,1375,894,466,87,11,0,9517,9517,724,914,1469,1628,1480,1533,1042,523,165,37,2
서울특별시 도봉구 쌍문제4동(1132068100),21877,21877,1635,3431,3386,2814,4135,3756,1400,917,362,36,5,10589,10589,836,1809,1739,1287,1873,1868,705,332,127,12,1,11288,11288,799,1622,1647,1527,2262,1888,695,585,235,24,4
서울특별시 도봉구 방학제1동(1132069000),32331,32331,2405,4013,4845,4895,5611,5630,2989,1456,424,56,7,16201,16201,1255,2117,2519,2465,2758,2758,1522,668,130,9,0,16130,16130,1150,1896,2326,2430,2853,2872,1467,788,294,47,7
서울특별시 도봉구 방학제2동(1132070000),24364,24364,1765,3275,3339,3691,4458,3945,2249,1223,364,50,5,12371,12371,918,1717,1781,1962,2298,1956,1080,543,104,12,0,11993,11993,847,1558,1558,1729,2160,1989,1169,680,260,38,5
서울특별시 도봉구 방학제3동(1132071000),32532,32532,2841,4956,4765,4353,6076,5415,2087,1417,544,77,1,16018,16018,1500,2634,2515,2025,2853,2696,1033,561,173,27,1,16514,16514,1341,2322,2250,2328,3223,2719,1054,856,371,50,0
서울특별시 노원구 (1135000000),605756,605756,52961,88970,81925,97909,111454,89245,45646,27019,9226,1249,152,296386,296386,27221,46958,41317,48155,54141,43449,21265,10735,2769,323,53,309370,309370,25740,42012,40608,49754,57313,45796,24381,16284,6457,926,99
서울특별시 노원구 월계1동(1135056000),23888,23888,2096,2436,3684,4396,3564,3674,2433,1184,370,48,3,12202,12202,1105,1305,2036,2289,1829,1775,1175,549,121,18,0,11686,11686,991,1131,1648,2107,1735,1899,1258,635,249,30,3
서울특별시 노원구 월계2동(1135057000),31343,31343,2709,3671,4056,5448,5020,5095,2978,1620,651,89,6,15333,15333,1420,1898,2117,2792,2529,2375,1410,585,176,31,0,16010,16010,1289,1773,1939,2656,2491,2720,1568,1035,475,58,6
서울특별시 노원구 월계3동(1135058000),36492,36492,4177,3566,4875,7550,5541,5321,3076,1763,543,72,8,17801,17801,2145,1822,2464,3798,2839,2408,1426,719,160,17,3,18691,18691,2032,1744,2411,3752,2702,2913,1650,1044,383,55,5
서울특별시 노원구 공릉1동(1135059500),40542,40542,3391,4275,6877,7304,6212,6657,3463,1715,561,81,6,19931,19931,1704,2287,3420,3777,3054,3092,1684,737,160,15,1,20611,20611,1687,1988,3457,3527,3158,3565,1779,978,401,66,5
서울특별시 노원구 공릉2동(1135060000),45892,45892,4646,6573,6812,7623,8310,6616,3033,1640,559,72,8,22731,22731,2347,3461,3519,3670,4079,3276,1507,684,164,21,3,23161,23161,2299,3112,3293,3953,4231,3340,1526,956,395,51,5
서울특별시 노원구 하계1동(1135061100),31117,31117,1688,5789,4513,3594,6294,5037,2053,1497,571,75,6,15107,15107,864,3265,2353,1771,2807,2478,855,494,194,25,1,16010,16010,824,2524,2160,1823,3487,2559,1198,1003,377,50,5
서울특별시 노원구 하계2동(1135061200),26125,26125,2139,4809,3301,3647,5541,3622,1611,1035,380,38,2,12735,12735,1095,2513,1674,1698,2644,1826,751,413,112,9,0,13390,13390,1044,2296,1627,1949,2897,1796,860,622,268,29,2
서울특별시 노원구 중계본동(1135061900),30304,30304,2165,6953,3481,2960,7451,4246,1509,1112,361,58,8,14966,14966,1082,3664,1760,1279,3522,2398,711,437,98,12,3,15338,15338,1083,3289,1721,1681,3929,1848,798,675,263,46,5
서울특별시 노원구 중계1동(1135062100),30782,30782,2232,8061,3077,2693,8527,3693,1214,902,334,42,7,15119,15119,1202,4300,1529,1023,4035,2036,569,316,96,12,1,15663,15663,1030,3761,1548,1670,4492,1657,645,586,238,30,6
서울특별시 노원구 중계4동(1135062400),22854,22854,1787,3587,2875,3433,4238,3328,2107,1119,329,45,6,11203,11203,937,1892,1483,1746,2042,1634,906,449,108,4,2,11651,11651,850,1695,1392,1687,2196,1694,1201,670,221,41,4
서울특별시 노원구 중계2.3동(1135062500),42731,42731,3762,6141,5189,7401,7242,5875,3705,2475,813,122,6,20151,20151,1893,3146,2466,3727,3510,2709,1496,932,243,27,2,22580,22580,1869,2995,2723,3674,3732,3166,2209,1543,570,95,4
서울특별시 노원구 상계1동(1135063000),44469,44469,3658,6175,6392,6752,7843,7296,3512,1986,692,123,40,21998,21998,1881,3297,3224,3288,3822,3647,1730,849,204,30,26,22471,22471,1777,2878,3168,3464,4021,3649,1782,1137,488,93,14
서울특별시 노원구 상계2동(1135064000),23109,23109,1532,3338,3598,3255,4263,3879,1875,1008,314,43,4,11469,11469,770,1732,1798,1676,2037,1936,977,437,92,14,0,11640,11640,762,1606,1800,1579,2226,1943,898,571,222,29,4
서울특별시 노원구 상계3.4동(1135066500),40314,40314,3048,4622,5209,6417,6905,6482,4357,2492,673,88,21,20376,20376,1618,2444,2785,3396,3604,3127,2069,1117,188,23,5,19938,19938,1430,2178,2424,3021,3301,3355,2288,1375,485,65,16
서울특별시 노원구 상계5동(1135067000),24611,24611,1781,3383,3535,3867,4317,3867,2186,1205,401,57,12,12070,12070,901,1808,1771,1977,2069,1874,1039,477,138,14,2,12541,12541,880,1575,1764,1890,2248,1993,1147,728,263,43,10
서울특별시 노원구 상계6.7동(1135069500),37521,37521,3945,5188,4980,7042,6985,4935,2242,1491,637,74,2,17741,17741,2049,2684,2290,3267,3346,2306,1043,547,188,20,1,19780,19780,1896,2504,2690,3775,3639,2629,1199,944,449,54,1
서울특별시 노원구 상계8동(1135070000),27574,27574,3648,3774,3108,6330,4726,3044,1605,975,318,42,4,13266,13266,1858,1951,1465,3107,2373,1396,657,344,102,12,1,14308,14308,1790,1823,1643,3223,2353,1648,948,631,216,30,3
서울특별시 노원구 상계9동(1135071000),25196,25196,2588,3808,3263,4308,4737,3565,1510,973,400,44,0,12269,12269,1317,2055,1677,2014,2257,1721,727,357,131,13,0,12927,12927,1271,1753,1586,2294,2480,1844,783,616,269,31,0
서울특별시 노원구 상계10동(1135072000),20892,20892,1969,2821,3100,3889,3738,3013,1177,827,319,36,3,9918,9918,1033,1434,1486,1860,1743,1435,533,292,94,6,2,10974,10974,936,1387,1614,2029,1995,1578,644,535,225,30,1
서울특별시 은평구 (1138000000),491741,491741,41921,58650,66620,87245,82774,73702,46750,25617,7183,1001,278,242006,242006,21536,30280,33295,44198,41452,35202,21898,11541,2329,241,34,249735,249735,20385,28370,33325,43047,41322,38500,24852,14076,4854,760,244
서울특별시 은평구 녹번동(1138051000),35214,35214,2719,3560,4912,6625,5726,5351,3675,2043,510,81,12,17155,17155,1392,1846,2455,3368,2919,2419,1652,917,164,21,2,18059,18059,1327,1714,2457,3257,2807,2932,2023,1126,346,60,10
서울특별시 은평구 불광제1동(1138052000),38936,38936,3384,4346,5213,7243,6563,5631,3658,2183,613,86,16,19048,19048,1790,2236,2627,3653,3269,2679,1593,959,215,24,3,19888,19888,1594,2110,2586,3590,3294,2952,2065,1224,398,62,13
서울특별시 은평구 불광제2동(1138053000),30886,30886,2020,3519,4555,5182,5091,4972,3226,1765,494,54,8,15205,15205,1042,1830,2274,2754,2476,2374,1494,782,165,12,2,15681,15681,978,1689,2281,2428,2615,2598,1732,983,329,42,6
서울특별시 은평구 갈현제1동(1138055100),26659,26659,1840,3422,3931,4471,4527,4123,2597,1319,366,57,6,13205,13205,927,1854,1977,2361,2212,1919,1203,628,111,13,0,13454,13454,913,1568,1954,2110,2315,2204,1394,691,255,44,6
서울특별시 은평구 갈현제2동(1138055200),27932,27932,2008,4101,3942,4565,4980,4105,2486,1305,361,69,10,13515,13515,1031,2073,1868,2311,2398,1944,1157,594,117,19,3,14417,14417,977,2028,2074,2254,2582,2161,1329,711,244,50,7
서울특별시 은평구 구산동(1138056000),33818,33818,2600,4451,4329,5320,5944,5388,3407,1757,529,86,7,17461,17461,1329,2232,2185,2764,3081,2852,1898,909,184,26,1,16357,16357,1271,2219,2144,2556,2863,2536,1509,848,345,60,6
서울특별시 은평구 대조동(1138057000),31629,31629,2382,3590,4405,5904,5168,4685,3163,1809,452,63,8,15214,15214,1206,1782,2080,3018,2569,2135,1442,804,156,19,3,16415,16415,1176,1808,2325,2886,2599,2550,1721,1005,296,44,5
서울특별시 은평구 응암제1동(1138058000),32218,32218,3030,3817,4248,6184,5338,4387,3056,1616,482,53,7,15794,15794,1570,2030,2104,3080,2717,2012,1400,715,152,14,0,16424,16424,1460,1787,2144,3104,2621,2375,1656,901,330,39,7
서울특별시 은평구 응암제2동(1138059000),19779,19779,1375,2413,2488,3172,3514,3105,2084,1223,343,51,11,9822,9822,726,1255,1286,1650,1783,1498,978,521,108,11,6,9957,9957,649,1158,1202,1522,1731,1607,1106,702,235,40,5
서울특별시 은평구 응암제3동(1138060000),27569,27569,1926,3199,3878,4585,4645,4284,2889,1656,438,61,8,13652,13652,957,1745,1978,2365,2364,2033,1313,728,150,16,3,13917,13917,969,1454,1900,2220,2281,2251,1576,928,288,45,5
서울특별시 은평구 역촌동(1138062500),48380,48380,4221,5898,6643,9067,8131,7083,4348,2215,676,85,13,23449,23449,2167,2927,3245,4544,3998,3340,2007,1008,195,17,1,24931,24931,2054,2971,3398,4523,4133,3743,2341,1207,481,68,12
서울특별시 은평구 신사제1동(1138063100),27894,27894,2389,3310,4054,5090,4507,4260,2585,1311,339,44,5,13666,13666,1223,1761,2013,2538,2154,2030,1238,598,104,6,1,14228,14228,1166,1549,2041,2552,2353,2230,1347,713,235,38,4
서울특별시 은평구 신사제2동(1138063200),23606,23606,1978,3118,3225,3899,4152,3700,2064,1129,293,39,9,11919,11919,1020,1700,1719,1974,2084,1797,1023,492,100,8,2,11687,11687,958,1418,1506,1925,2068,1903,1041,637,193,31,7
서울특별시 은평구 증산동(1138064000),21752,21752,1901,2436,2953,3952,3604,3369,2093,1098,303,40,3,10888,10888,984,1264,1550,1986,1834,1627,1010,514,109,7,3,10864,10864,917,1172,1403,1966,1770,1742,1083,584,194,33,0
서울특별시 은평구 수색동(1138065000),20531,20531,1707,2125,2789,3461,3364,3380,2077,1230,359,36,3,10279,10279,883,1105,1465,1839,1735,1683,936,513,112,7,1,10252,10252,824,1020,1324,1622,1629,1697,1141,717,247,29,2
서울특별시 은평구 진관동(1138069000),44938,44938,6441,5345,5055,8525,7520,5879,3342,1958,625,96,152,21734,21734,3289,2640,2469,3993,3859,2860,1554,859,187,21,3,23204,23204,3152,2705,2586,4532,3661,3019,1788,1099,438,75,149
서울특별시 서대문구 (1141000000),318467,318467,24427,36315,48108,54255,53543,46414,30285,18789,5395,805,131,155775,155775,12561,18780,23890,27504,26873,22245,13761,8162,1725,248,26,162692,162692,11866,17535,24218,26751,26670,24169,16524,10627,3670,557,105
서울특별시 서대문구 천연동(1141052000),20505,20505,1966,2289,2535,3730,3571,2901,1778,1278,380,61,16,9981,9981,1033,1194,1292,1868,1797,1403,762,507,101,18,6,10524,10524,933,1095,1243,1862,1774,1498,1016,771,279,43,10
서울특별시 서대문구 북아현동(1141055500),12125,12125,804,1310,1905,2206,2101,1743,1116,668,220,38,14,5852,5852,398,671,913,1121,1072,809,511,276,69,11,1,6273,6273,406,639,992,1085,1029,934,605,392,151,27,13
서울특별시 서대문구 충현동(1141056500),22983,22983,1452,2487,3465,3955,3947,3508,2188,1430,448,87,16,11322,11322,743,1311,1700,2073,2027,1711,1005,589,133,27,3,11661,11661,709,1176,1765,1882,1920,1797,1183,841,315,60,13
서울특별시 서대문구 신촌동(1141058500),18393,18393,1235,1490,5225,3509,2280,2016,1375,894,302,56,11,8643,8643,727,699,2224,1757,1165,929,629,384,106,22,1,9750,9750,508,791,3001,1752,1115,1087,746,510,196,34,10
서울특별시 서대문구 연희동(1141061500),41594,41594,2920,4565,7498,7155,6608,5658,3869,2482,723,101,15,20342,20342,1521,2354,3815,3561,3263,2698,1696,1123,272,37,2,21252,21252,1399,2211,3683,3594,3345,2960,2173,1359,451,64,13
서울특별시 서대문구 홍제제1동(1141062000),28164,28164,2260,3156,3863,4979,4721,4143,2746,1755,485,53,3,13599,13599,1136,1654,1905,2520,2308,1893,1272,740,156,14,1,14565,14565,1124,1502,1958,2459,2413,2250,1474,1015,329,39,2
서울특별시 서대문구 홍제제3동(1141064000),20684,20684,1478,2352,2844,3383,3548,3165,2104,1400,348,54,8,10109,10109,751,1196,1442,1745,1801,1522,938,592,102,18,2,10575,10575,727,1156,1402,1638,1747,1643,1166,808,246,36,6
서울특별시 서대문구 홍제제2동(1141065500),16217,16217,1353,1895,2300,2677,2865,2465,1483,875,267,35,2,7809,7809,684,1011,1092,1341,1368,1189,674,359,78,13,0,8408,8408,669,884,1208,1336,1497,1276,809,516,189,22,2
서울특별시 서대문구 홍은제1동(1141066000),26774,26774,2124,3281,3510,4072,4697,4184,2670,1667,491,69,9,13172,13172,1071,1611,1839,2073,2412,2042,1210,732,161,18,3,13602,13602,1053,1670,1671,1999,2285,2142,1460,935,330,51,6
서울특별시 서대문구 홍은제2동(1141068500),29930,29930,2276,3707,4231,4884,5231,4563,2737,1716,489,83,13,14771,14771,1163,1921,2223,2483,2599,2160,1256,785,158,23,0,15159,15159,1113,1786,2008,2401,2632,2403,1481,931,331,60,13
서울특별시 서대문구 남가좌제1동(1141069000),4300,4300,296,375,476,665,750,765,576,307,65,22,3,2193,2193,156,204,235,326,421,402,270,145,27,6,1,2107,2107,140,171,241,339,329,363,306,162,38,16,2
서울특별시 서대문구 남가좌제2동(1141070000),31265,31265,2468,3848,4269,5077,5526,4549,3101,1819,536,60,12,15396,15396,1231,2017,2225,2557,2770,2213,1407,793,165,16,2,15869,15869,1237,1831,2044,2520,2756,2336,1694,1026,371,44,10
서울특별시 서대문구 북가좌제1동(1141071000),10529,10529,908,1198,1349,1857,1778,1568,1099,594,147,28,3,5283,5283,484,649,663,991,890,760,506,285,49,5,1,5246,5246,424,549,686,866,888,808,593,309,98,23,2
서울특별시 서대문구 북가좌제2동(1141072000),35004,35004,2887,4362,4638,6106,5920,5186,3443,1904,494,58,6,17303,17303,1463,2288,2322,3088,2980,2514,1625,852,148,20,3,17701,17701,1424,2074,2316,3018,2940,2672,1818,1052,346,38,3
서울특별시 마포구 (1144000000),392635,392635,34722,40898,60127,80664,63935,52418,33481,19627,5699,898,166,191152,191152,17839,21112,28510,40272,32591,24947,15174,8539,1899,231,38,201483,201483,16883,19786,31617,40392,31344,27471,18307,11088,3800,667,128
서울특별시 마포구 아현동(1144055500),19086,19086,1465,1805,2773,3767,3051,3020,1718,1103,303,61,20,9292,9292,697,930,1354,1918,1571,1467,765,464,100,20,6,9794,9794,768,875,1419,1849,1480,1553,953,639,203,41,14
서울특별시 마포구 공덕동(1144056500),36407,36407,2753,3858,5133,6834,6385,5188,3416,2168,570,79,23,17878,17878,1382,1968,2545,3512,3248,2554,1557,907,178,24,3,18529,18529,1371,1890,2588,3322,3137,2634,1859,1261,392,55,20
서울특별시 마포구 도화동(1144058500),23486,23486,2177,2439,3152,4468,3914,3352,2104,1374,432,57,17,11377,11377,1142,1250,1457,2228,1958,1578,986,603,159,13,3,12109,12109,1035,1189,1695,2240,1956,1774,1118,771,273,44,14
서울특별시 마포구 용강동(1144059000),20904,20904,2143,2138,2687,4570,3542,2730,1737,1015,292,46,4,10130,10130,1102,1072,1283,2223,1829,1303,777,430,98,12,1,10774,10774,1041,1066,1404,2347,1713,1427,960,585,194,34,3
서울특별시 마포구 대흥동(1144060000),14763,14763,674,1101,3497,2896,2185,1985,1294,816,266,38,11,7208,7208,347,579,1603,1532,1196,915,575,350,97,14,0,7555,7555,327,522,1894,1364,989,1070,719,466,169,24,11
서울특별시 마포구 염리동(1144061000),18263,18263,1272,1866,2870,3440,3089,2698,1690,1031,255,43,9,9090,9090,680,961,1425,1812,1592,1293,764,466,83,11,3,9173,9173,592,905,1445,1628,1497,1405,926,565,172,32,6
서울특별시 마포구 신수동(1144063000),23119,23119,2121,2352,3630,4772,3632,3092,1975,1161,334,40,10,11412,11412,1082,1237,1853,2394,1837,1463,883,535,110,14,4,11707,11707,1039,1115,1777,2378,1795,1629,1092,626,224,26,6
서울특별시 마포구 서강동(1144065500),26802,26802,2283,2578,5049,5611,4338,3461,1936,1155,325,58,8,12904,12904,1182,1309,2331,2712,2168,1701,871,508,109,13,0,13898,13898,1101,1269,2718,2899,2170,1760,1065,647,216,45,8
서울특별시 마포구 서교동(1144066000),28446,28446,1562,2175,6304,6936,3995,3274,2274,1419,425,70,12,13238,13238,772,1108,2589,3351,2021,1524,1023,652,175,19,4,15208,15208,790,1067,3715,3585,1974,1750,1251,767,250,51,8
서울특별시 마포구 합정동(1144068000),21023,21023,1864,2134,3617,4550,3021,2727,1824,977,263,34,12,10293,10293,1022,1074,1667,2342,1518,1274,845,452,91,4,4,10730,10730,842,1060,1950,2208,1503,1453,979,525,172,30,8
서울특별시 마포구 망원제1동(1144069000),24452,24452,2057,2484,3757,5214,3872,3301,2209,1167,325,60,6,12012,12012,1033,1315,1775,2699,1994,1545,1041,499,94,15,2,12440,12440,1024,1169,1982,2515,1878,1756,1168,668,231,45,4
서울특별시 마포구 망원제2동(1144070000),21700,21700,2120,2549,2815,4476,3645,2872,1893,1003,273,48,6,10591,10591,1063,1324,1354,2209,1863,1343,890,441,90,12,2,11109,11109,1057,1225,1461,2267,1782,1529,1003,562,183,36,4
서울특별시 마포구 연남동(1144071000),19446,19446,1317,1729,3425,4134,2954,2706,1741,1059,330,43,8,9359,9359,679,933,1603,2057,1483,1245,757,463,129,9,1,10087,10087,638,796,1822,2077,1471,1461,984,596,201,34,7
서울특별시 마포구 성산제1동(1144072000),20809,20809,1692,2275,3049,4225,3424,2959,1872,989,272,43,9,10202,10202,885,1195,1489,2132,1668,1420,855,457,82,16,3,10607,10607,807,1080,1560,2093,1756,1539,1017,532,190,27,6
서울특별시 마포구 성산제2동(1144073000),41448,41448,4362,5322,4883,8301,7353,5137,3592,1814,571,108,5,20187,20187,2270,2749,2423,4120,3736,2425,1549,739,151,24,1,21261,21261,2092,2573,2460,4181,3617,2712,2043,1075,420,84,4
서울특별시 마포구 상암동(1144074000),32481,32481,4860,4093,3486,6470,5535,3916,2206,1376,463,70,6,15979,15979,2501,2108,1759,3031,2909,1897,1036,573,153,11,1,16502,16502,2359,1985,1727,3439,2626,2019,1170,803,310,59,5
서울특별시 양천구 (1147000000),498819,498819,41889,78277,68367,76600,96949,75625,35958,17914,6321,839,80,248230,248230,21585,41743,34603,37498,47407,37841,18272,7261,1807,196,17,250589,250589,20304,36534,33764,39102,49542,37784,17686,10653,4514,643,63
서울특별시 양천구 목1동(1147051000),33236,33236,3207,6315,4237,4369,7433,4704,1736,875,304,52,4,16196,16196,1671,3196,2068,1848,3601,2455,904,350,85,17,1,17040,17040,1536,3119,2169,2521,3832,2249,832,525,219,35,3
서울특별시 양천구 목2동(1147052000),31754,31754,2394,4484,4962,5253,5714,5102,2212,1150,433,46,4,15760,15760,1197,2502,2525,2570,2791,2487,1100,433,137,15,3,15994,15994,1197,1982,2437,2683,2923,2615,1112,717,296,31,1
서울특별시 양천구 목3동(1147053000),23315,23315,1825,2817,3753,4218,3827,3801,1858,884,291,36,5,11513,11513,921,1562,1921,2150,1777,1800,934,358,79,10,1,11802,11802,904,1255,1832,2068,2050,2001,924,526,212,26,4
서울특별시 양천구 목4동(1147054000),28773,28773,2174,5818,3538,4043,6367,3729,1845,891,314,50,4,14357,14357,1118,3211,1835,1901,3066,1893,913,331,81,8,0,14416,14416,1056,2607,1703,2142,3301,1836,932,560,233,42,4
서울특별시 양천구 목5동(1147055000),46138,46138,3639,10235,5738,4601,11141,6644,2154,1261,645,76,4,22932,22932,1885,5695,2975,1837,5197,3483,1186,458,198,18,0,23206,23206,1754,4540,2763,2764,5944,3161,968,803,447,58,4
서울특별시 양천구 신월1동(1147056000),24842,24842,1913,2896,3581,4402,4374,4105,2308,901,305,49,8,12793,12793,972,1563,1883,2342,2297,2067,1185,395,77,9,3,12049,12049,941,1333,1698,2060,2077,2038,1123,506,228,40,5
서울특별시 양천구 신월2동(1147057000),20760,20760,1826,2427,3011,3649,3242,3513,1935,840,279,34,4,10399,10399,923,1315,1499,1909,1625,1672,1005,372,68,10,1,10361,10361,903,1112,1512,1740,1617,1841,930,468,211,24,3
서울특별시 양천구 신월3동(1147058000),18698,18698,1435,2303,2682,3154,3365,2980,1681,812,243,37,6,9677,9677,750,1170,1436,1747,1778,1561,833,336,56,9,1,9021,9021,685,1133,1246,1407,1587,1419,848,476,187,28,5
서울특별시 양천구 신월4동(1147059000),19456,19456,2000,2302,2604,3665,3008,3081,1771,765,233,24,3,9696,9696,1005,1187,1335,1854,1510,1479,935,303,83,4,1,9760,9760,995,1115,1269,1811,1498,1602,836,462,150,20,2
서울특별시 양천구 신월5동(1147060000),16249,16249,1335,2175,2380,2705,2892,2582,1344,607,197,31,1,8055,8055,674,1121,1193,1384,1390,1286,684,266,50,7,0,8194,8194,661,1054,1187,1321,1502,1296,660,341,147,24,1
서울특별시 양천구 신월6동(1147061000),13847,13847,984,1812,2058,2065,2397,2505,1237,582,168,33,6,7025,7025,495,955,1069,1112,1237,1242,624,240,42,8,1,6822,6822,489,857,989,953,1160,1263,613,342,126,25,5
서울특별시 양천구 신월7동(1147061100),26860,26860,2577,3279,3694,4829,4438,4135,2218,1282,373,35,0,13425,13425,1290,1737,1915,2509,2214,2033,1080,525,110,12,0,13435,13435,1287,1542,1779,2320,2224,2102,1138,757,263,23,0
서울특별시 양천구 신정1동(1147062000),22640,22640,1777,4501,2701,2653,5149,3249,1473,759,332,44,2,11184,11184,920,2349,1344,1177,2522,1704,743,309,106,9,1,11456,11456,857,2152,1357,1476,2627,1545,730,450,226,35,1
서울특별시 양천구 신정2동(1147063000),22825,22825,1528,4631,3006,2450,5204,3495,1433,767,271,32,8,11362,11362,790,2476,1526,1108,2486,1860,720,317,75,4,0,11463,11463,738,2155,1480,1342,2718,1635,713,450,196,28,8
서울특별시 양천구 신정3동(1147064000),51399,51399,5607,6862,6687,9489,9406,7107,3637,1904,616,78,6,25455,25455,2944,3564,3336,4672,4765,3431,1792,765,172,13,1,25944,25944,2663,3298,3351,4817,4641,3676,1845,1139,444,65,5
서울특별시 양천구 신정4동(1147065000),36941,36941,2814,3918,5902,7499,5602,5854,3466,1417,399,64,6,18279,18279,1455,1977,2868,3918,2793,2694,1776,674,110,12,2,18662,18662,1359,1941,3034,3581,2809,3160,1690,743,289,52,4
서울특별시 양천구 신정6동(1147067000),27475,27475,2265,5868,3389,3152,6533,3853,1277,732,357,47,2,13437,13437,1212,3092,1663,1298,3075,2016,680,266,118,17,0,14038,14038,1053,2776,1726,1854,3458,1837,597,466,239,30,2
서울특별시 양천구 신정7동(1147068000),33611,33611,2589,5634,4444,4404,6857,5186,2373,1485,561,71,7,16685,16685,1363,3071,2212,2162,3283,2678,1178,563,160,14,1,16926,16926,1226,2563,2232,2242,3574,2508,1195,922,401,57,6
서울특별시 강서구 (1150000000),571526,571526,50658,68140,85493,106353,93431,88810,46333,22985,8080,1115,128,281708,281708,26135,35384,42596,54053,46297,42253,22941,9460,2241,308,40,289818,289818,24523,32756,42897,52300,47134,46557,23392,13525,5839,807,88
서울특별시 강서구 염창동(1150051000),42542,42542,4988,6344,5092,7949,8209,5716,2553,1249,383,54,5,21047,21047,2575,3274,2531,3739,4158,2877,1281,498,101,13,0,21495,21495,2413,3070,2561,4210,4051,2839,1272,751,282,41,5
서울특별시 강서구 등촌제1동(1150052000),21599,21599,1866,2577,3511,4386,3581,2982,1404,853,391,44,4,10695,10695,967,1374,1609,2240,1804,1488,697,354,138,23,1,10904,10904,899,1203,1902,2146,1777,1494,707,499,253,21,3
서울특별시 강서구 등촌제2동(1150053000),22675,22675,1795,3154,3566,3562,3911,3799,1806,779,261,42,0,11402,11402,961,1758,1863,1783,1839,1814,967,344,62,11,0,11273,11273,834,1396,1703,1779,2072,1985,839,435,199,31,0
서울특별시 강서구 등촌제3동(1150053500),37821,37821,2756,5525,5784,5382,6495,6203,2655,1991,910,118,2,18131,18131,1446,2894,2945,2665,2990,2947,1243,697,259,44,1,19690,19690,1310,2631,2839,2717,3505,3256,1412,1294,651,74,1
서울특별시 강서구 화곡제1동(1150054000),51536,51536,3771,5090,8354,10534,7735,8400,5046,1970,548,78,10,25658,25658,1922,2639,4152,5582,3875,3830,2580,910,149,15,4,25878,25878,1849,2451,4202,4952,3860,4570,2466,1060,399,63,6
서울특별시 강서구 화곡제2동(1150055000),20765,20765,2050,2388,2964,4325,3363,2908,1779,733,221,31,3,10258,10258,1053,1250,1453,2182,1704,1337,883,327,62,7,0,10507,10507,997,1138,1511,2143,1659,1571,896,406,159,24,3
서울특별시 강서구 화곡제3동(1150056000),24260,24260,1739,2848,4071,3870,3675,4394,2279,940,356,73,15,11877,11877,935,1460,2043,1899,1731,2090,1208,407,82,18,4,12383,12383,804,1388,2028,1971,1944,2304,1071,533,274,55,11
서울특별시 강서구 화곡제4동(1150057000),22999,22999,1863,2524,3509,4454,3662,3658,2095,918,275,36,5,11502,11502,959,1343,1787,2368,1836,1669,1047,408,75,9,1,11497,11497,904,1181,1722,2086,1826,1989,1048,510,200,27,4
서울특별시 강서구 화곡본동(1150059000),36515,36515,3732,3853,5585,8486,5450,4982,2747,1237,365,68,10,17958,17958,1951,1937,2721,4362,2772,2245,1304,543,99,21,3,18557,18557,1781,1916,2864,4124,2678,2737,1443,694,266,47,7
서울특별시 강서구 화곡제6동(1150059100),24997,24997,2208,2861,3848,4668,4058,4094,1983,911,325,39,2,12404,12404,1143,1527,1913,2427,1974,1901,1051,366,94,8,0,12593,12593,1065,1334,1935,2241,2084,2193,932,545,231,31,2
서울특별시 강서구 화곡제8동(1150059300),27545,27545,2532,2555,4361,6228,3924,4051,2574,996,282,38,4,13510,13510,1255,1340,2112,3208,1965,1782,1291,462,80,14,1,14035,14035,1277,1215,2249,3020,1959,2269,1283,534,202,24,3
서울특별시 강서구 가양제1동(1150060300),20769,20769,2000,2580,3198,3660,3539,3386,1439,672,257,37,1,10465,10465,1045,1401,1645,1855,1694,1708,756,284,66,10,1,10304,10304,955,1179,1553,1805,1845,1678,683,388,191,27,0
서울특별시 강서구 가양제2동(1150060400),18275,18275,865,1566,3402,2751,2423,3796,1763,1123,524,60,2,8828,8828,443,799,1761,1518,1130,1846,816,378,125,12,0,9447,9447,422,767,1641,1233,1293,1950,947,745,399,48,2
서울특별시 강서구 가양제3동(1150060500),19188,19188,1550,1918,2769,3780,2811,3091,1730,1052,438,48,1,9236,9236,734,1046,1385,2019,1374,1433,747,360,127,10,1,9952,9952,816,872,1384,1761,1437,1658,983,692,311,38,0
서울특별시 강서구 발산제1동(1150061100),33335,33335,3703,5658,3963,5742,6470,4122,2044,1185,397,48,3,16102,16102,1877,2752,1971,2743,3198,2002,957,488,104,8,2,17233,17233,1826,2906,1992,2999,3272,2120,1087,697,293,40,1
서울특별시 강서구 우장산동(1150061500),40261,40261,3922,5859,5525,6801,7398,6096,2917,1241,420,69,13,19559,19559,2002,2915,2694,3174,3644,2954,1516,548,94,14,4,20702,20702,1920,2944,2831,3627,3754,3142,1401,693,326,55,9
서울특별시 강서구 공항동(1150062000),21419,21419,1789,1890,3475,4305,3294,3379,1934,1003,291,41,18,10966,10966,926,990,1737,2351,1776,1686,954,448,76,16,6,10453,10453,863,900,1738,1954,1518,1693,980,555,215,25,12
서울특별시 강서구 방화제1동(1150063000),31115,31115,3030,3556,4388,5604,5156,4980,2631,1275,428,57,10,15690,15690,1625,1870,2250,2840,2639,2466,1311,539,132,14,4,15425,15425,1405,1686,2138,2764,2517,2514,1320,736,296,43,6
서울특별시 강서구 방화제2동(1150064000),26205,26205,2038,2712,3995,4536,4061,4396,2501,1427,468,55,16,12975,12975,1044,1397,2057,2403,2081,2073,1185,560,150,20,5,13230,13230,994,1315,1938,2133,1980,2323,1316,867,318,35,11
서울특별시 강서구 방화제3동(1150064100),27705,27705,2461,2682,4133,5330,4216,4377,2453,1430,540,79,4,13445,13445,1272,1418,1967,2695,2113,2105,1147,539,166,21,2,14260,14260,1189,1264,2166,2635,2103,2272,1306,891,374,58,2
서울특별시 구로구 (1153000000),422322,422322,39086,45157,61118,82804,67243,64775,38624,17763,4970,689,93,213173,213173,20152,23729,30960,43193,34788,31290,19368,8064,1448,159,22,209149,209149,18934,21428,30158,39611,32455,33485,19256,9699,3522,530,71
서울특별시 구로구 신도림동(1153051000),37189,37189,4326,4219,5125,7877,5724,5417,2868,1177,394,59,3,18426,18426,2175,2194,2516,3847,2904,2608,1513,545,111,12,1,18763,18763,2151,2025,2609,4030,2820,2809,1355,632,283,47,2
서울특별시 구로구 구로제1동(1153052000),23169,23169,2438,3052,3511,4657,3778,3506,1343,626,234,23,1,11563,11563,1291,1626,1744,2340,1848,1692,713,246,60,3,0,11606,11606,1147,1426,1767,2317,1930,1814,630,380,174,20,1
서울특별시 구로구 구로제2동(1153053000),33394,33394,2326,3463,4560,5740,5987,5389,3643,1780,425,61,20,17110,17110,1233,1855,2344,3087,3230,2690,1711,820,120,14,6,16284,16284,1093,1608,2216,2653,2757,2699,1932,960,305,47,14
서울특별시 구로구 구로제3동(1153054000),27716,27716,2576,2048,5690,7502,3513,3106,2093,932,201,42,13,14108,14108,1335,1072,2646,4194,1906,1416,1021,433,71,12,2,13608,13608,1241,976,3044,3308,1607,1690,1072,499,130,30,11
서울특별시 구로구 구로제4동(1153055000),26881,26881,2369,2513,3680,5772,4312,3839,2681,1326,332,46,11,13512,13512,1213,1364,1823,3109,2226,1776,1321,574,98,4,4,13369,13369,1156,1149,1857,2663,2086,2063,1360,752,234,42,7
서울특별시 구로구 구로제5동(1153056000),31553,31553,3097,3009,4745,6655,5000,4587,2760,1304,350,46,0,15967,15967,1580,1581,2403,3444,2603,2264,1347,616,119,10,0,15586,15586,1517,1428,2342,3211,2397,2323,1413,688,231,36,0
서울특별시 구로구 가리봉동(1153059500),14951,14951,746,1262,1773,2374,3182,2873,1629,845,218,35,14,8122,8122,384,666,972,1352,1872,1620,809,364,74,5,4,6829,6829,362,596,801,1022,1310,1253,820,481,144,30,10
서울특별시 구로구 고척제1동(1153072000),26004,26004,2276,3139,3693,4514,4273,4207,2417,1123,324,36,2,13153,13153,1191,1637,1931,2367,2165,2040,1240,488,85,9,0,12851,12851,1085,1502,1762,2147,2108,2167,1177,635,239,27,2
서울특별시 구로구 고척제2동(1153073000),31684,31684,3126,4028,4049,5721,5541,4628,2854,1321,372,41,3,16104,16104,1608,2100,2098,2925,2855,2358,1414,622,116,7,1,15580,15580,1518,1928,1951,2796,2686,2270,1440,699,256,34,2
서울특별시 구로구 개봉제1동(1153074000),34839,34839,2886,4022,4896,6234,5739,5629,3387,1551,435,56,4,17571,17571,1456,2065,2551,3230,2963,2720,1738,725,110,12,1,17268,17268,1430,1957,2345,3004,2776,2909,1649,826,325,44,3
서울특별시 구로구 개봉제2동(1153075000),35250,35250,3437,3423,5270,6946,4815,5932,3594,1351,413,65,4,17409,17409,1733,1761,2610,3580,2397,2694,1845,646,123,20,0,17841,17841,1704,1662,2660,3366,2418,3238,1749,705,290,45,4
서울특별시 구로구 개봉제3동(1153076000),22170,22170,2026,2637,3037,4088,3492,3565,2088,931,272,29,5,11103,11103,1056,1350,1594,2106,1761,1669,1074,400,82,9,2,11067,11067,970,1287,1443,1982,1731,1896,1014,531,190,20,3
서울특별시 구로구 오류제1동(1153077000),20906,20906,1706,2072,3249,3950,3075,3359,2131,1043,276,42,3,10517,10517,882,1070,1695,2086,1575,1570,1062,492,74,11,0,10389,10389,824,1002,1554,1864,1500,1789,1069,551,202,31,3
서울특별시 구로구 오류제2동(1153078000),30703,30703,3139,3325,4216,5774,4725,4815,2846,1388,407,66,2,15499,15499,1645,1732,2210,2989,2431,2297,1429,626,118,22,0,15204,15204,1494,1593,2006,2785,2294,2518,1417,762,289,44,2
서울특별시 구로구 수궁동(1153079000),25913,25913,2612,2945,3624,5000,4087,3923,2290,1065,317,42,8,13009,13009,1370,1656,1823,2537,2052,1876,1131,467,87,9,1,12904,12904,1242,1289,1801,2463,2035,2047,1159,598,230,33,7
서울특별시 금천구 (1154500000),243280,243280,18269,27853,36565,41903,43133,38765,22470,10829,2941,469,83,124593,124593,9310,14550,19328,22559,22425,19458,11139,4841,836,123,24,118687,118687,8959,13303,17237,19344,20708,19307,11331,5988,2105,346,59
서울특별시 금천구 가산동(1154551000),19809,19809,1144,1435,4039,3916,3237,3240,1778,784,201,30,5,11111,11111,583,736,2272,2405,1906,1797,974,368,61,7,2,8698,8698,561,699,1767,1511,1331,1443,804,416,140,23,3
서울특별시 금천구 독산제1동(1154561000),31933,31933,2602,3122,5430,6363,4901,4715,2972,1391,367,64,6,16621,16621,1352,1634,2904,3601,2584,2389,1389,644,104,19,1,15312,15312,1250,1488,2526,2762,2317,2326,1583,747,263,45,5
서울특별시 금천구 독산제2동(1154562000),23505,23505,1581,3085,3487,3726,4713,3746,1962,909,254,34,8,11923,11923,788,1576,1795,1953,2468,1872,983,401,74,11,2,11582,11582,793,1509,1692,1773,2245,1874,979,508,180,23,6
서울특별시 금천구 독산제3동(1154563000),29038,29038,1896,3327,4159,4778,5554,4967,2707,1270,330,35,15,14749,14749,920,1740,2160,2562,2833,2494,1360,577,93,8,2,14289,14289,976,1587,1999,2216,2721,2473,1347,693,237,27,13
서울특별시 금천구 독산제4동(1154564000),19643,19643,1387,2408,2873,3350,3828,3121,1724,727,179,41,5,10046,10046,692,1268,1482,1755,2003,1541,907,339,46,12,1,9597,9597,695,1140,1391,1595,1825,1580,817,388,133,29,4
서울특별시 금천구 시흥제1동(1154567000),31565,31565,2353,3464,4472,5473,5561,5088,3070,1548,447,78,11,16091,16091,1201,1889,2392,2918,2847,2519,1483,691,134,14,3,15474,15474,1152,1575,2080,2555,2714,2569,1587,857,313,64,8
서울특별시 금천구 시흥제2동(1154568000),25451,25451,2583,3258,3331,4197,4451,3855,2233,1114,348,62,19,12666,12666,1373,1665,1704,2045,2215,1934,1115,490,94,20,11,12785,12785,1210,1593,1627,2152,2236,1921,1118,624,254,42,8
서울특별시 금천구 시흥제3동(1154569000),12899,12899,898,1488,1847,2133,2083,2205,1336,691,191,26,1,6513,6513,443,784,985,1153,1066,1045,682,290,60,5,0,6386,6386,455,704,862,980,1017,1160,654,401,131,21,1
서울특별시 금천구 시흥제4동(1154570000),24725,24725,1994,3112,3506,4052,4492,3947,2211,1064,294,48,5,12477,12477,1025,1617,1830,2112,2279,1965,1084,462,85,17,1,12248,12248,969,1495,1676,1940,2213,1982,1127,602,209,31,4
서울특별시 금천구 시흥제5동(1154571000),24712,24712,1831,3154,3421,3915,4313,3881,2477,1331,330,51,8,12396,12396,933,1641,1804,2055,2224,1902,1162,579,85,10,1,12316,12316,898,1513,1617,1860,2089,1979,1315,752,245,41,7
서울특별시 영등포구 (1156000000),403062,403062,34320,41467,58320,77639,65892,61466,37481,19667,5709,910,191,202979,202979,17768,21746,29291,40276,34487,30107,18280,8898,1823,251,52,200083,200083,16552,19721,29029,37363,31405,31359,19201,10769,3886,659,139
서울특별시 영등포구 영등포본동(1156051500),25810,25810,2331,2572,3626,5180,4245,3981,2320,1173,318,54,10,13175,13175,1253,1352,1877,2701,2241,1966,1135,527,105,15,3,12635,12635,1078,1220,1749,2479,2004,2015,1185,646,213,39,7
서울특별시 영등포구 영등포동(1156053500),18962,18962,1135,1333,2730,3454,3186,3495,2179,1060,318,52,20,10780,10780,614,699,1462,2042,2048,2072,1200,497,121,18,7,8182,8182,521,634,1268,1412,1138,1423,979,563,197,34,13
서울특별시 영등포구 여의동(1156054000),34263,34263,2981,4063,4654,5501,5782,5160,3253,2070,662,121,16,16435,16435,1540,2069,2285,2531,2825,2423,1527,955,248,29,3,17828,17828,1441,1994,2369,2970,2957,2737,1726,1115,414,92,13
서울특별시 영등포구 당산제1동(1156055000),21453,21453,1689,1847,3345,4530,3191,3330,2065,1064,338,47,7,10732,10732,849,932,1642,2401,1682,1599,986,492,131,17,1,10721,10721,840,915,1703,2129,1509,1731,1079,572,207,30,6
서울특별시 영등포구 당산제2동(1156056000),34019,34019,3271,3327,5669,6949,5066,4866,2787,1513,462,88,21,16709,16709,1727,1699,2707,3474,2556,2346,1356,675,137,27,5,17310,17310,1544,1628,2962,3475,2510,2520,1431,838,325,61,16
서울특별시 영등포구 도림동(1156058500),19011,19011,1370,1649,2831,4108,3139,2795,1836,973,261,36,13,9710,9710,704,861,1372,2265,1681,1363,915,458,75,13,3,9301,9301,666,788,1459,1843,1458,1432,921,515,186,23,10
서울특별시 영등포구 문래동(1156060500),32442,32442,3873,3134,4241,7200,4724,4530,2819,1382,443,82,14,16199,16199,2011,1655,2038,3556,2511,2141,1477,632,151,21,6,16243,16243,1862,1479,2203,3644,2213,2389,1342,750,292,61,8
서울특별시 영등포구 양평제1동(1156061000),17252,17252,1811,1392,2431,4402,2381,2232,1521,803,234,39,6,8663,8663,901,734,1158,2365,1301,1026,730,364,73,10,1,8589,8589,910,658,1273,2037,1080,1206,791,439,161,29,5
서울특별시 영등포구 양평제2동(1156062000),22065,22065,2376,2531,3252,4650,3673,2934,1546,821,244,30,8,11198,11198,1181,1339,1586,2395,1989,1490,766,370,74,6,2,10867,10867,1195,1192,1666,2255,1684,1444,780,451,170,24,6
서울특별시 영등포구 신길제1동(1156063000),21331,21331,1403,2073,3384,3994,3445,3256,2147,1235,331,52,11,10737,10737,711,1100,1729,2157,1792,1567,995,561,112,10,3,10594,10594,692,973,1655,1837,1653,1689,1152,674,219,42,8
서울특별시 영등포구 신길제3동(1156065000),18601,18601,1502,2136,2458,3160,3293,2940,1827,979,271,30,5,9329,9329,781,1146,1268,1641,1682,1422,888,404,85,9,3,9272,9272,721,990,1190,1519,1611,1518,939,575,186,21,2
서울특별시 영등포구 신길제4동(1156066000),13209,13209,886,1537,1828,2089,2351,2219,1360,704,198,32,5,6684,6684,463,831,968,1107,1211,1103,646,281,62,11,1,6525,6525,423,706,860,982,1140,1116,714,423,136,21,4
서울특별시 영등포구 신길제5동(1156067000),17442,17442,1264,1940,2309,3002,3066,2885,1766,895,255,44,16,8732,8732,670,1009,1211,1558,1551,1395,842,407,70,15,4,8710,8710,594,931,1098,1444,1515,1490,924,488,185,29,12
서울특별시 영등포구 신길제6동(1156068000),24395,24395,2010,2650,3527,4502,3986,3862,2269,1173,355,48,13,12194,12194,1025,1434,1804,2350,2011,1850,1088,514,100,14,4,12201,12201,985,1216,1723,2152,1975,2012,1181,659,255,34,9
서울특별시 영등포구 신길제7동(1156069000),17790,17790,1449,2359,2700,2874,3243,2788,1311,778,233,45,10,8916,8916,769,1214,1390,1467,1648,1408,604,325,75,14,2,8874,8874,680,1145,1310,1407,1595,1380,707,453,158,31,8
서울특별시 영등포구 대림제1동(1156070000),17264,17264,1223,2033,2474,2984,2916,2714,1807,844,218,40,11,8709,8709,634,1087,1277,1584,1519,1300,860,385,52,9,2,8555,8555,589,946,1197,1400,1397,1414,947,459,166,31,9
서울특별시 영등포구 대림제2동(1156071000),18520,18520,1331,1717,2477,3524,3233,2899,2055,999,251,29,5,9251,9251,680,921,1263,1839,1627,1392,976,482,65,4,2,9269,9269,651,796,1214,1685,1606,1507,1079,517,186,25,3
서울특별시 영등포구 대림제3동(1156072000),29233,29233,2415,3174,4384,5536,4972,4580,2613,1201,317,41,0,14826,14826,1255,1664,2254,2843,2612,2244,1289,569,87,9,0,14407,14407,1160,1510,2130,2693,2360,2336,1324,632,230,32,0
서울특별시 동작구 (1159000000),402567,402567,33052,42157,65850,77094,61935,58178,37818,19585,5786,971,141,198454,198454,17064,21958,32816,39684,31091,27097,17810,8806,1844,245,39,204113,204113,15988,20199,33034,37410,30844,31081,20008,10779,3942,726,102
서울특별시 동작구 노량진제1동(1159051000),33886,33886,2868,3383,5552,6176,5179,5040,3174,1844,565,92,13,17073,17073,1463,1814,3033,3233,2667,2382,1469,810,173,24,5,16813,16813,1405,1569,2519,2943,2512,2658,1705,1034,392,68,8
서울특별시 동작구 노량진제2동(1159052000),16617,16617,925,1561,2965,2905,2669,2614,1706,951,275,36,10,8304,8304,440,781,1518,1610,1398,1229,793,427,94,11,3,8313,8313,485,780,1447,1295,1271,1385,913,524,181,25,7
서울특별시 동작구 상도제1동(1159053000),39114,39114,3123,3484,7872,7597,5258,5556,3629,1857,611,116,11,19285,19285,1612,1812,4025,3905,2607,2553,1718,823,201,26,3,19829,19829,1511,1672,3847,3692,2651,3003,1911,1034,410,90,8
서울특별시 동작구 상도제2동(1159054000),26511,26511,2471,2568,4150,5321,4113,3719,2366,1296,421,69,17,12974,12974,1290,1305,2040,2665,2086,1725,1108,587,144,20,4,13537,13537,1181,1263,2110,2656,2027,1994,1258,709,277,49,13
서울특별시 동작구 상도제3동(1159055000),25025,25025,2026,2592,3867,4946,3736,3527,2575,1320,370,57,9,12338,12338,1041,1390,1885,2619,1837,1604,1232,594,120,13,3,12687,12687,985,1202,1982,2327,1899,1923,1343,726,250,44,6
서울특별시 동작구 상도제4동(1159056000),30048,30048,2495,3397,4413,5841,4738,4308,2805,1579,395,71,6,15009,15009,1326,1809,2216,3058,2375,2041,1339,689,138,16,2,15039,15039,1169,1588,2197,2783,2363,2267,1466,890,257,55,4
서울특별시 동작구 흑석동(1159060500),33653,33653,2409,3438,5752,5869,5290,4733,3338,2081,609,117,17,16602,16602,1228,1739,2967,3147,2696,2229,1491,876,188,37,4,17051,17051,1181,1699,2785,2722,2594,2504,1847,1205,421,80,13
서울특별시 동작구 사당제1동(1159062000),23416,23416,1439,1687,5037,5253,2935,3475,2354,936,256,42,2,11263,11263,767,881,2320,2743,1398,1480,1134,468,65,7,0,12153,12153,672,806,2717,2510,1537,1995,1220,468,191,35,2
서울특별시 동작구 사당제2동(1159063000),30035,30035,2524,2552,4876,6201,4120,4707,3127,1429,413,76,10,14803,14803,1328,1426,2342,3152,2054,2188,1492,660,131,29,1,15232,15232,1196,1126,2534,3049,2066,2519,1635,769,282,47,9
서울특별시 동작구 사당제3동(1159064000),25020,25020,2134,2312,4075,4905,3573,3907,2562,1152,329,59,12,12331,12331,1092,1204,2009,2490,1841,1776,1260,538,111,6,4,12689,12689,1042,1108,2066,2415,1732,2131,1302,614,218,53,8
서울특별시 동작구 사당제4동(1159065000),15345,15345,1271,1387,2445,3290,2128,2282,1587,709,208,35,3,7535,7535,642,753,1217,1699,1050,1023,766,334,45,6,0,7810,7810,629,634,1228,1591,1078,1259,821,375,163,29,3
서울특별시 동작구 사당제5동(1159065100),15910,15910,1504,1672,2398,3331,2486,2165,1429,695,191,31,8,7904,7904,769,873,1188,1750,1244,1018,675,324,51,11,1,8006,8006,735,799,1210,1581,1242,1147,754,371,140,20,7
서울특별시 동작구 대방동(1159066000),40357,40357,3355,6121,5660,6805,7437,5453,3191,1729,519,76,11,19636,19636,1706,3167,2778,3363,3659,2583,1434,750,177,16,3,20721,20721,1649,2954,2882,3442,3778,2870,1757,979,342,60,8
서울특별시 동작구 신대방제1동(1159067000),26546,26546,2417,3492,3851,4512,4726,3883,2140,1119,352,53,1,13044,13044,1244,1786,1867,2185,2390,1896,1035,505,121,15,0,13502,13502,1173,1706,1984,2327,2336,1987,1105,614,231,38,1
서울특별시 동작구 신대방제2동(1159068000),21084,21084,2091,2511,2937,4142,3547,2809,1835,888,272,41,11,10353,10353,1116,1218,1411,2065,1789,1370,864,421,85,8,6,10731,10731,975,1293,1526,2077,1758,1439,971,467,187,33,5
서울특별시 관악구 (1162000000),529195,529195,38957,49183,100726,110474,78072,72783,48995,22876,6026,911,192,268632,268632,19991,25703,50963,60906,40842,34027,23514,10680,1783,185,38,260563,260563,18966,23480,49763,49568,37230,38756,25481,12196,4243,726,154
서울특별시 관악구 보라매동(1162052500),27147,27147,2114,2708,4566,5533,3988,3950,2665,1221,351,46,5,13521,13521,1095,1455,2273,2946,1972,1840,1305,554,75,5,1,13626,13626,1019,1253,2293,2587,2016,2110,1360,667,276,41,4
서울특별시 관악구 청림동(1162054500),17349,17349,2121,1607,2217,3955,2565,2264,1495,827,250,35,13,8571,8571,1078,838,1119,2008,1351,1050,688,345,83,10,1,8778,8778,1043,769,1098,1947,1214,1214,807,482,167,25,12
서울특별시 관악구 성현동(1162056500),35208,35208,3590,4199,4330,6749,5914,4813,3394,1680,464,67,8,17401,17401,1884,2153,2199,3381,3081,2218,1574,744,155,12,0,17807,17807,1706,2046,2131,3368,2833,2595,1820,936,309,55,8
서울특별시 관악구 행운동(1162057500),30290,30290,1880,2273,7158,6780,3786,4029,2758,1237,336,43,10,15046,15046,933,1169,3395,3715,1961,1843,1313,606,97,10,4,15244,15244,947,1104,3763,3065,1825,2186,1445,631,239,33,6
서울특별시 관악구 낙성대동(1162058500),17988,17988,1324,1325,4711,4241,2204,1954,1390,652,153,28,6,9301,9301,681,637,2429,2411,1208,922,668,295,43,6,1,8687,8687,643,688,2282,1830,996,1032,722,357,110,22,5
서울특별시 관악구 청룡동(1162059500),33673,33673,2003,2698,7961,7217,4529,4360,3101,1397,334,57,16,16983,16983,1062,1392,3789,4059,2373,2004,1491,684,109,15,5,16690,16690,941,1306,4172,3158,2156,2356,1610,713,225,42,11
서울특별시 관악구 은천동(1162060500),36752,36752,3586,3522,5558,7803,5524,5215,3457,1587,426,59,15,18388,18388,1831,1873,2766,4132,2840,2429,1626,748,128,12,3,18364,18364,1755,1649,2792,3671,2684,2786,1831,839,298,47,12
서울특별시 관악구 중앙동(1162061500),14894,14894,869,1257,3107,2981,2067,2091,1553,775,164,22,8,7379,7379,444,642,1488,1617,1088,962,727,354,51,5,1,7515,7515,425,615,1619,1364,979,1129,826,421,113,17,7
서울특별시 관악구 인헌동(1162062500),28538,28538,2325,2676,5552,6325,4139,3486,2543,1186,265,37,4,14271,14271,1173,1425,2698,3412,2157,1549,1207,554,86,9,1,14267,14267,1152,1251,2854,2913,1982,1937,1336,632,179,28,3
서울특별시 관악구 남현동(1162063000),17888,17888,1369,1457,3667,3786,2340,2590,1684,726,233,32,4,8672,8672,687,735,1701,1967,1177,1147,832,354,64,7,1,9216,9216,682,722,1966,1819,1163,1443,852,372,169,25,3
서울특별시 관악구 서원동(1162064500),24093,24093,1381,1757,5788,5753,3052,3060,2113,959,192,27,11,12150,12150,698,934,2848,3237,1531,1351,1035,450,61,4,1,11943,11943,683,823,2940,2516,1521,1709,1078,509,131,23,10
서울특별시 관악구 신원동(1162065500),20133,20133,1295,1916,3640,4084,3047,2836,2045,981,237,42,10,9985,9985,649,1005,1818,2209,1550,1279,947,445,69,10,4,10148,10148,646,911,1822,1875,1497,1557,1098,536,168,32,6
서울특별시 관악구 서림동(1162066500),24720,24720,1280,1961,6092,5448,3282,3207,2103,1021,270,45,11,13578,13578,667,1046,3516,3422,1806,1503,1037,485,86,9,1,11142,11142,613,915,2576,2026,1476,1704,1066,536,184,36,10
서울특별시 관악구 신사동(1162068500),25439,25439,1634,2690,4683,5230,4326,3432,2157,984,250,47,6,12767,12767,865,1453,2283,2780,2193,1609,1019,488,65,11,1,12672,12672,769,1237,2400,2450,2133,1823,1138,496,185,36,5
서울특별시 관악구 신림동(1162069500),18781,18781,774,872,6121,5017,2053,1846,1351,573,142,19,13,9297,9297,384,450,2655,2846,1157,835,634,290,43,2,1,9484,9484,390,422,3466,2171,896,1011,717,283,99,17,12
서울특별시 관악구 난향동(1162071500),18149,18149,2194,1827,2135,3999,2873,2475,1638,771,199,32,6,9086,9086,1151,935,1077,2062,1502,1165,784,332,69,8,1,9063,9063,1043,892,1058,1937,1371,1310,854,439,130,24,5
서울특별시 관악구 조원동(1162072500),18326,18326,1197,1539,3301,3598,2854,2931,1799,853,216,35,3,9289,9289,599,753,1668,1954,1500,1428,915,401,65,6,0,9037,9037,598,786,1633,1644,1354,1503,884,452,151,29,3
서울특별시 관악구 대학동(1162073500),23136,23136,1025,1598,6030,5491,3405,2826,1671,844,197,35,14,13851,13851,531,822,3719,3848,2226,1416,808,414,57,6,4,9285,9285,494,776,2311,1643,1179,1410,863,430,140,29,10
서울특별시 관악구 삼성동(1162074500),30302,30302,2054,3303,4232,4951,4983,4947,3444,1765,540,69,14,15341,15341,1061,1725,2234,2737,2606,2370,1623,822,148,12,3,14961,14961,993,1578,1998,2214,2377,2577,1821,943,392,57,11
서울특별시 관악구 미성동(1162076500),34718,34718,2605,4108,5329,6119,5667,5673,3403,1322,410,72,10,17587,17587,1343,2172,2813,3251,2821,2695,1754,608,109,18,3,17131,17131,1262,1936,2516,2868,2846,2978,1649,714,301,54,7
서울특별시 관악구 난곡동(1162077500),31671,31671,2337,3890,4548,5414,5474,4798,3231,1515,397,62,5,16168,16168,1175,2089,2475,2912,2742,2412,1527,707,120,8,1,15503,15503,1162,1801,2073,2502,2732,2386,1704,808,277,54,4
서울특별시 서초구 (1165000000),432934,432934,37537,55703,64416,78805,74692,62790,36344,15756,5746,1038,107,209743,209743,19273,29162,30647,37370,36262,29650,17873,7512,1707,259,28,223191,223191,18264,26541,33769,41435,38430,33140,18471,8244,4039,779,79
서울특별시 서초구 서초1동(1165051000),21506,21506,1921,2235,3639,4276,3267,3213,1860,763,282,50,0,10454,10454,974,1215,1720,2075,1579,1518,940,343,78,12,0,11052,11052,947,1020,1919,2201,1688,1695,920,420,204,38,0
서울특별시 서초구 서초2동(1165052000),23357,23357,2210,2720,3472,4646,3778,3418,2001,740,295,68,9,11559,11559,1195,1474,1643,2262,1877,1625,990,380,92,20,1,11798,11798,1015,1246,1829,2384,1901,1793,1011,360,203,48,8
서울특별시 서초구 서초3동(1165053000),31237,31237,2109,3912,5094,5264,5233,4877,3003,1248,405,82,10,15663,15663,1055,2306,2530,2620,2513,2315,1545,629,129,19,2,15574,15574,1054,1606,2564,2644,2720,2562,1458,619,276,63,8
서울특별시 서초구 서초4동(1165053100),30894,30894,3311,4379,4063,5057,5755,4366,2470,1046,358,76,13,15031,15031,1706,2306,1961,2210,2856,2077,1245,541,99,25,5,15863,15863,1605,2073,2102,2847,2899,2289,1225,505,259,51,8
서울특별시 서초구 잠원동(1165054000),37072,37072,3427,5036,5334,7159,7231,4825,2285,1171,523,76,5,17698,17698,1782,2664,2469,3225,3504,2283,1086,501,161,22,1,19374,19374,1645,2372,2865,3934,3727,2542,1199,670,362,54,4
서울특별시 서초구 반포본동(1165055000),13523,13523,1067,2622,1353,1785,2918,1679,1278,629,158,31,3,6408,6408,586,1298,630,749,1368,822,573,318,58,6,0,7115,7115,481,1324,723,1036,1550,857,705,311,100,25,3
서울특별시 서초구 반포1동(1165056000),33388,33388,3108,3610,5705,7251,5576,4503,2357,877,343,47,11,15950,15950,1561,1821,2531,3442,2859,2090,1139,394,99,11,3,17438,17438,1547,1789,3174,3809,2717,2413,1218,483,244,36,8
서울특별시 서초구 반포2동(1165057000),21717,21717,2212,3517,2544,3386,4151,2896,1913,769,259,60,10,10335,10335,1151,1718,1204,1493,2014,1402,909,366,59,16,3,11382,11382,1061,1799,1340,1893,2137,1494,1004,403,200,44,7
서울특별시 서초구 반포3동(1165058000),24429,24429,2589,3677,2977,4352,4738,3111,1718,883,336,40,8,11686,11686,1320,1941,1424,1929,2301,1463,817,380,105,5,1,12743,12743,1269,1736,1553,2423,2437,1648,901,503,231,35,7
서울특별시 서초구 반포4동(1165058100),20645,20645,2100,2646,2972,3674,3548,3042,1658,677,263,62,3,9906,9906,1069,1358,1429,1670,1687,1441,824,327,79,20,2,10739,10739,1031,1288,1543,2004,1861,1601,834,350,184,42,1
서울특별시 서초구 방배본동(1165059000),21994,21994,1860,3437,2926,3432,4255,3049,1686,954,328,63,4,10417,10417,936,1670,1348,1507,2036,1499,836,446,125,14,0,11577,11577,924,1767,1578,1925,2219,1550,850,508,203,49,4
서울특별시 서초구 방배1동(1165060000),17106,17106,1262,1900,2752,3448,2542,2610,1641,658,243,44,6,8246,8246,684,1060,1267,1644,1208,1173,801,327,70,11,1,8860,8860,578,840,1485,1804,1334,1437,840,331,173,33,5
서울특별시 서초구 방배2동(1165061000),27976,27976,1848,3514,4587,4887,4344,4529,2760,1096,342,65,4,13540,13540,941,1867,2183,2481,2008,2093,1318,548,91,10,0,14436,14436,907,1647,2404,2406,2336,2436,1442,548,251,55,4
서울특별시 서초구 방배3동(1165062000),26383,26383,1864,3328,4342,4154,4191,4498,2476,1038,409,79,4,12893,12893,913,1817,2145,2047,1926,2116,1300,493,113,19,4,13490,13490,951,1511,2197,2107,2265,2382,1176,545,296,60,0
서울특별시 서초구 방배4동(1165062100),26060,26060,2000,3840,3756,4564,4638,3605,2239,1006,348,55,9,12238,12238,1034,1756,1701,2121,2191,1715,1090,520,97,11,2,13822,13822,966,2084,2055,2443,2447,1890,1149,486,251,44,7
서울특별시 서초구 양재1동(1165065100),26124,26124,2094,2476,4341,5222,3756,4160,2454,1102,447,69,3,12623,12623,1060,1303,2116,2640,1819,1872,1194,478,125,15,1,13501,13501,1034,1173,2225,2582,1937,2288,1260,624,322,54,2
서울특별시 서초구 양재2동(1165065200),23394,23394,2170,2271,3677,5345,3921,3251,1766,681,269,41,2,11856,11856,1109,1243,1851,2767,2059,1561,862,310,81,12,1,11538,11538,1061,1028,1826,2578,1862,1690,904,371,188,29,1
서울특별시 서초구 내곡동(1165066000),6129,6129,385,583,882,903,850,1158,779,418,138,30,3,3240,3240,197,345,495,488,457,585,404,211,46,11,1,2889,2889,188,238,387,415,393,573,375,207,92,19,2
서울특별시 강남구 (1168000000),570392,570392,41951,78995,90867,102584,101140,82799,44403,18935,7289,1291,138,274427,274427,21630,42584,41973,48356,47880,39246,21896,8529,2000,298,35,295965,295965,20321,36411,48894,54228,53260,43553,22507,10406,5289,993,103
서울특별시 강남구 신사동(1168051000),20482,20482,1509,2423,3409,3916,3394,2667,1847,951,305,53,8,9598,9598,759,1269,1445,1786,1631,1243,866,474,114,9,2,10884,10884,750,1154,1964,2130,1763,1424,981,477,191,44,6
서울특별시 강남구 논현1동(1168052100),27144,27144,1332,1728,6354,7359,3803,3423,1934,882,265,56,8,12712,12712,664,923,2664,3530,1941,1558,913,409,96,13,1,14432,14432,668,805,3690,3829,1862,1865,1021,473,169,43,7
서울특별시 강남구 논현2동(1168053100),23645,23645,1681,2026,4198,5808,3468,3091,2158,867,279,64,5,11121,11121,863,1058,1810,2674,1734,1389,1073,421,81,16,2,12524,12524,818,968,2388,3134,1734,1702,1085,446,198,48,3
서울특별시 강남구 압구정동(1168054500),29444,29444,2747,3721,3779,5244,4943,3965,2987,1452,521,79,6,13748,13748,1360,1884,1697,2359,2367,1732,1419,736,171,21,2,15696,15696,1387,1837,2082,2885,2576,2233,1568,716,350,58,4
서울특별시 강남구 청담동(1168056500),31103,31103,2721,3685,4736,5882,5220,4536,2704,1104,420,81,14,14965,14965,1415,2027,2260,2690,2462,2095,1344,531,120,17,4,16138,16138,1306,1658,2476,3192,2758,2441,1360,573,300,64,10
서울특별시 강남구 삼성1동(1168058000),15825,15825,1098,2235,2425,2565,2775,2485,1425,582,190,40,5,7992,7992,561,1418,1215,1242,1289,1176,749,280,50,10,2,7833,7833,537,817,1210,1323,1486,1309,676,302,140,30,3
서울특별시 강남구 삼성2동(1168059000),32592,32592,3022,4044,4901,7409,5774,3798,2383,853,327,70,11,15660,15660,1536,2382,2097,3307,2898,1738,1168,425,88,17,4,16932,16932,1486,1662,2804,4102,2876,2060,1215,428,239,53,7
서울특별시 강남구 대치1동(1168060000),25513,25513,1490,6500,3042,2018,6282,3653,1572,655,249,44,8,12508,12508,805,3459,1469,821,2821,1904,839,311,66,11,2,13005,13005,685,3041,1573,1197,3461,1749,733,344,183,33,6
서울특별시 강남구 대치2동(1168061000),44569,44569,2273,9524,6515,4449,9789,7294,3025,1090,507,90,13,22640,22640,1169,5684,3343,1987,4329,3851,1634,474,145,23,1,21929,21929,1104,3840,3172,2462,5460,3443,1391,616,362,67,12
서울특별시 강남구 대치4동(1168063000),22183,22183,1044,3464,3955,4553,4317,2683,1418,550,157,37,5,10495,10495,520,1936,1642,2086,1976,1319,690,270,48,6,2,11688,11688,524,1528,2313,2467,2341,1364,728,280,109,31,3
서울특별시 강남구 역삼1동(1168064000),35560,35560,1783,2150,8376,9969,4918,4383,2552,1006,332,80,11,16879,16879,896,1095,3380,4859,2680,2081,1252,523,97,14,2,18681,18681,887,1055,4996,5110,2238,2302,1300,483,235,66,9
서울특별시 강남구 역삼2동(1168065000),34718,34718,3540,4731,4974,7357,6296,4001,2460,926,346,76,11,16446,16446,1904,2411,2086,3326,3111,1869,1188,438,93,18,2,18272,18272,1636,2320,2888,4031,3185,2132,1272,488,253,58,9
서울특별시 강남구 도곡1동(1168065500),22314,22314,1802,3026,3624,3663,3909,3549,1673,759,262,42,5,10678,10678,916,1491,1676,1745,1825,1724,879,332,80,7,3,11636,11636,886,1535,1948,1918,2084,1825,794,427,182,35,2
서울특별시 강남구 도곡2동(1168065600),34382,34382,3027,5698,4658,4848,6702,5076,2719,1155,418,73,8,16235,16235,1586,2624,2180,2102,3103,2471,1422,584,139,22,2,18147,18147,1441,3074,2478,2746,3599,2605,1297,571,279,51,6
서울특별시 강남구 개포1동(1168066000),23408,23408,1385,3596,3661,3137,4193,4188,2007,827,363,48,3,11274,11274,695,1851,1835,1612,1843,1979,1013,349,85,12,0,12134,12134,690,1745,1826,1525,2350,2209,994,478,278,36,3
서울특별시 강남구 개포2동(1168067000),35140,35140,2975,5546,5124,5975,6692,5348,2131,878,399,66,6,16945,16945,1543,2932,2502,2911,3101,2565,1011,295,71,12,2,18195,18195,1432,2614,2622,3064,3591,2783,1120,583,328,54,4
서울특별시 강남구 개포4동(1168069000),24166,24166,1830,3476,3566,4345,4566,3680,1684,696,284,38,1,11917,11917,1002,1788,1745,2225,2201,1736,849,300,62,8,1,12249,12249,828,1688,1821,2120,2365,1944,835,396,222,30,0
서울특별시 강남구 세곡동(1168070000),9044,9044,985,942,1218,1513,1169,1386,1002,576,210,37,6,4463,4463,495,497,635,789,577,633,509,259,60,9,0,4581,4581,490,445,583,724,592,753,493,317,150,28,6
서울특별시 강남구 일원본동(1168072000),23205,23205,2035,3953,3404,3092,4627,3863,1235,604,344,47,1,11261,11261,1016,2163,1725,1351,2110,1925,649,226,83,13,0,11944,11944,1019,1790,1679,1741,2517,1938,586,378,261,34,1
서울특별시 강남구 일원1동(1168073000),19151,19151,1299,2380,3309,2964,3048,3199,1718,830,349,55,0,9385,9385,654,1323,1720,1527,1436,1483,849,301,79,13,0,9766,9766,645,1057,1589,1437,1612,1716,869,529,270,42,0
서울특별시 강남구 일원2동(1168074000),19598,19598,1381,2871,2821,3297,3410,3140,1732,650,258,36,2,9620,9620,756,1716,1428,1662,1581,1444,750,225,54,4,0,9978,9978,625,1155,1393,1635,1829,1696,982,425,204,32,2
서울특별시 강남구 수서동(1168075000),17206,17206,992,1276,2818,3221,1845,3391,2037,1042,504,79,1,7885,7885,515,653,1419,1765,864,1331,830,366,118,23,1,9321,9321,477,623,1399,1456,981,2060,1207,676,386,56,0
서울특별시 송파구 (1171000000),684028,684028,59690,88391,105440,123045,117460,104721,52266,23380,8242,1256,137,335456,335456,30882,45742,51544,60029,57675,50275,26515,10133,2329,294,38,348572,348572,28808,42649,53896,63016,59785,54446,25751,13247,5913,962,99
서울특별시 송파구 풍납1동(1171051000),19486,19486,1473,2102,3070,3553,3054,3286,1841,843,228,31,5,9604,9604,776,1093,1478,1794,1547,1556,907,369,75,6,3,9882,9882,697,1009,1592,1759,1507,1730,934,474,153,25,2
서울특별시 송파구 풍납2동(1171052000),28832,28832,2756,3389,4664,5655,4537,4251,2204,971,358,44,3,14016,14016,1423,1785,2100,2731,2283,2040,1099,441,104,10,0,14816,14816,1333,1604,2564,2924,2254,2211,1105,530,254,34,3
서울특별시 송파구 거여1동(1171053100),15910,15910,1447,2161,2299,2760,2884,2340,1232,587,164,35,1,8101,8101,732,1145,1226,1415,1456,1197,624,242,53,11,0,7809,7809,715,1016,1073,1345,1428,1143,608,345,111,24,1
서울특별시 송파구 거여2동(1171053200),28954,28954,3008,3401,3736,5599,5114,4114,2366,1171,390,51,4,14727,14727,1597,1790,1971,2879,2677,2043,1179,480,96,14,1,14227,14227,1411,1611,1765,2720,2437,2071,1187,691,294,37,3
서울특별시 송파구 마천1동(1171054000),21477,21477,1955,2492,2867,3861,3530,3356,2041,1029,289,46,11,10883,10883,990,1289,1481,2058,1871,1668,1001,436,80,6,3,10594,10594,965,1203,1386,1803,1659,1688,1040,593,209,40,8
서울특별시 송파구 마천2동(1171055000),25503,25503,2208,3119,3638,4329,4401,3935,2263,1178,344,71,17,12928,12928,1132,1649,1899,2276,2276,1954,1123,517,88,11,3,12575,12575,1076,1470,1739,2053,2125,1981,1140,661,256,60,14
서울특별시 송파구 방이1동(1171056100),17063,17063,1243,2897,2493,2552,3368,2574,1132,551,218,32,3,8393,8393,668,1493,1233,1212,1595,1271,625,229,57,9,1,8670,8670,575,1404,1260,1340,1773,1303,507,322,161,23,2
서울특별시 송파구 방이2동(1171056200),25870,25870,1974,2547,4598,5600,4045,3977,1986,833,279,29,2,12730,12730,1004,1353,2198,2905,1974,1865,980,364,84,3,0,13140,13140,970,1194,2400,2695,2071,2112,1006,469,195,26,2
서울특별시 송파구 오륜동(1171056600),20572,20572,1309,4396,2878,1838,4575,3385,1307,569,278,36,1,10006,10006,684,2309,1403,744,2063,1673,772,248,99,11,0,10566,10566,625,2087,1475,1094,2512,1712,535,321,179,25,1
서울특별시 송파구 오금동(1171057000),38926,38926,2968,5431,6121,5774,7084,6529,2924,1432,570,89,4,19326,19326,1558,2857,3035,2860,3424,3265,1527,600,173,26,1,19600,19600,1410,2574,3086,2914,3660,3264,1397,832,397,63,3
서울특별시 송파구 송파1동(1171058000),27137,27137,2064,2988,4842,5741,4228,3982,2071,887,288,40,6,13015,13015,1056,1525,2219,2823,2039,1855,1006,399,86,7,0,14122,14122,1008,1463,2623,2918,2189,2127,1065,488,202,33,6
서울특별시 송파구 송파2동(1171059000),20598,20598,1376,3370,3334,2598,3880,3588,1449,665,286,43,9,10083,10083,724,1719,1688,1226,1807,1763,810,269,68,6,3,10515,10515,652,1651,1646,1372,2073,1825,639,396,218,37,6
서울특별시 송파구 석촌동(1171060000),35219,35219,2829,3344,6355,8084,5323,5012,2765,1134,316,51,6,17149,17149,1369,1838,2973,4042,2678,2293,1350,500,89,16,1,18070,18070,1460,1506,3382,4042,2645,2719,1415,634,227,35,5
서울특별시 송파구 삼전동(1171061000),34941,34941,2749,3705,6168,8502,5469,4668,2333,944,336,62,5,16792,16792,1422,1951,2788,4242,2625,2156,1158,378,64,6,2,18149,18149,1327,1754,3380,4260,2844,2512,1175,566,272,56,3
서울특별시 송파구 가락본동(1171062000),29506,29506,2309,4033,4711,5031,5419,4706,1999,920,321,53,4,14786,14786,1228,2093,2371,2519,2718,2328,1019,405,87,18,0,14720,14720,1081,1940,2340,2512,2701,2378,980,515,234,35,4
서울특별시 송파구 가락1동(1171063100),15544,15544,1034,2012,2473,2520,2828,2699,1216,553,184,23,2,7624,7624,541,1075,1321,1305,1315,1255,573,196,38,4,1,7920,7920,493,937,1152,1215,1513,1444,643,357,146,19,1
서울특별시 송파구 가락2동(1171063200),36133,36133,3358,5891,5206,5593,7078,5420,2161,993,378,51,4,17950,17950,1726,3029,2675,2643,3494,2689,1157,415,109,12,1,18183,18183,1632,2862,2531,2950,3584,2731,1004,578,269,39,3
서울특별시 송파구 문정1동(1171064100),22687,22687,1821,2927,3859,3760,3721,3877,1742,670,267,42,1,11192,11192,936,1513,1947,1856,1754,1888,936,284,72,6,0,11495,11495,885,1414,1912,1904,1967,1989,806,386,195,36,1
서울특별시 송파구 문정2동(1171064200),16192,16192,1062,1983,2648,1982,2430,3080,1816,811,326,52,2,7896,7896,548,1001,1385,888,1159,1409,985,389,117,15,0,8296,8296,514,982,1263,1094,1271,1671,831,422,209,37,2
서울특별시 송파구 장지동(1171064600),37832,37832,4155,5050,5246,7485,6391,5245,2419,1247,524,65,5,18635,18635,2147,2595,2674,3747,3149,2555,1150,485,121,11,1,19197,19197,2008,2455,2572,3738,3242,2690,1269,762,403,54,4
서울특별시 송파구 잠실본동(1171065000),30616,30616,1998,3427,5831,6597,4900,4414,2178,912,316,40,3,14664,14664,1065,1754,2592,3291,2319,2048,1104,391,96,4,0,15952,15952,933,1673,3239,3306,2581,2366,1074,521,220,36,3
서울특별시 송파구 잠실2동(1171067000),37090,37090,4755,5597,4205,7076,7310,4555,2313,920,282,59,18,17774,17774,2467,2745,1938,3045,3785,2147,1133,415,74,18,7,19316,19316,2288,2852,2267,4031,3525,2408,1180,505,208,41,11
서울특별시 송파구 잠실3동(1171068000),37781,37781,3822,4699,5511,6328,6006,6184,3455,1255,444,67,10,18147,18147,1962,2304,2673,2867,2926,2881,1768,620,124,17,5,19634,19634,1860,2395,2838,3461,3080,3303,1687,635,320,50,5
서울특별시 송파구 잠실4동(1171069000),31703,31703,3839,3262,4528,6282,4943,4862,2495,1035,376,72,9,15477,15477,1978,1791,2246,2921,2462,2245,1242,470,99,19,4,16226,16226,1861,1471,2282,3361,2481,2617,1253,565,277,53,5
서울특별시 송파구 잠실6동(1171071000),17588,17588,1342,2490,2745,2563,3006,2985,1457,697,259,42,2,8433,8433,688,1286,1367,1136,1361,1438,737,307,99,13,1,9155,9155,654,1204,1378,1427,1645,1547,720,390,160,29,1
서울특별시 송파구 잠실7동(1171072000),10868,10868,836,1678,1414,1382,1936,1697,1101,573,221,30,0,5125,5125,461,760,663,604,918,793,550,284,77,15,0,5743,5743,375,918,751,778,1018,904,551,289,144,15,0
서울특별시 강동구 (1174000000),496364,496364,42263,62154,75475,86661,84253,80844,39547,17592,6481,974,120,248471,248471,21962,33255,38747,44224,41599,39115,20178,7433,1702,219,37,247893,247893,20301,28899,36728,42437,42654,41729,19369,10159,4779,755,83
서울특별시 강동구 강일동(1174051500),33504,33504,4987,4466,3920,6477,5257,4078,2317,1406,505,89,2,16333,16333,2548,2226,1933,3194,2666,1928,1116,563,139,20,0,17171,17171,2439,2240,1987,3283,2591,2150,1201,843,366,69,2
서울특별시 강동구 상일동(1174052000),27967,27967,2106,4158,4441,3960,5087,5034,1912,863,352,49,5,14042,14042,1066,2237,2441,2006,2355,2509,1008,339,72,9,0,13925,13925,1040,1921,2000,1954,2732,2525,904,524,280,40,5
서울특별시 강동구 명일제1동(1174053000),28908,28908,2628,4296,4157,4704,5145,4537,2026,943,397,70,5,14223,14223,1393,2274,2121,2223,2494,2203,1028,361,110,15,1,14685,14685,1235,2022,2036,2481,2651,2334,998,582,287,55,4
서울특별시 강동구 명일제2동(1174054000),18871,18871,1068,3456,3194,1771,3711,3610,1191,531,290,49,0,9525,9525,577,1919,1747,822,1658,1808,695,210,73,16,0,9346,9346,491,1537,1447,949,2053,1802,496,321,217,33,0
서울특별시 강동구 고덕제1동(1174055000),23274,23274,2170,3500,3465,3620,4426,3575,1339,751,352,61,15,11717,11717,1154,1956,1852,1766,2122,1822,658,270,91,19,7,11557,11557,1016,1544,1613,1854,2304,1753,681,481,261,42,8
서울특별시 강동구 고덕제2동(1174056000),18237,18237,1353,2332,2797,2839,3317,3141,1448,689,281,39,1,9368,9368,710,1264,1506,1511,1674,1604,756,261,70,11,1,8869,8869,643,1068,1291,1328,1643,1537,692,428,211,28,0
서울특별시 강동구 암사제1동(1174057000),39135,39135,3255,4522,5749,7339,6599,6220,3418,1462,508,55,8,19646,19646,1698,2379,2920,3813,3356,3024,1657,638,151,8,2,19489,19489,1557,2143,2829,3526,3243,3196,1761,824,357,47,6
서울특별시 강동구 암사제2동(1174058000),16372,16372,1994,1809,2101,3612,2772,2199,1196,477,173,28,11,8075,8075,1005,919,1050,1736,1433,1058,609,209,44,7,5,8297,8297,989,890,1051,1876,1339,1141,587,268,129,21,6
서울특별시 강동구 암사제3동(1174059000),19205,19205,2118,2606,2608,3139,3375,3215,1324,544,234,39,3,9435,9435,1066,1351,1316,1474,1688,1555,692,235,48,9,1,9770,9770,1052,1255,1292,1665,1687,1660,632,309,186,30,2
서울특별시 강동구 천호제1동(1174060000),31752,31752,2388,3505,5007,5832,5057,5321,2938,1242,396,61,5,16006,16006,1250,1827,2519,3176,2545,2517,1509,552,96,13,2,15746,15746,1138,1678,2488,2656,2512,2804,1429,690,300,48,3
서울특별시 강동구 천호제2동(1174061000),38144,38144,2805,3721,5879,7289,6347,6285,3621,1643,474,62,18,19269,19269,1430,1962,2957,3857,3347,3047,1808,722,112,20,7,18875,18875,1375,1759,2922,3432,3000,3238,1813,921,362,42,11
서울특별시 강동구 천호제3동(1174062000),27047,27047,1726,2238,4473,5259,4121,4897,2762,1166,343,52,10,13706,13706,882,1161,2236,2860,2188,2336,1409,527,91,13,3,13341,13341,844,1077,2237,2399,1933,2561,1353,639,252,39,7
서울특별시 강동구 성내제1동(1174064000),20112,20112,2027,2355,2884,4093,3127,2979,1688,677,243,38,1,10014,10014,1029,1266,1443,2080,1572,1379,850,320,69,5,1,10098,10098,998,1089,1441,2013,1555,1600,838,357,174,33,0
서울특별시 강동구 성내제2동(1174065000),26785,26785,1828,2408,4632,5433,4171,4326,2459,1166,309,45,8,13340,13340,968,1238,2286,2856,2110,2025,1215,541,89,10,2,13445,13445,860,1170,2346,2577,2061,2301,1244,625,220,35,6
서울특별시 강동구 성내제3동(1174066000),25337,25337,2027,2869,4153,4880,4122,4061,2025,862,288,47,3,12719,12719,1049,1641,2106,2535,2026,1873,1033,371,74,10,1,12618,12618,978,1228,2047,2345,2096,2188,992,491,214,37,2
서울특별시 강동구 길동(1174068500),51491,51491,4201,5724,8289,9589,8193,8683,4352,1703,658,88,11,25729,25729,2249,3018,4134,4957,4022,4155,2244,740,188,20,2,25762,25762,1952,2706,4155,4632,4171,4528,2108,963,470,68,9
서울특별시 강동구 둔촌제1동(1174069000),20355,20355,1191,4080,3041,2210,4268,3620,1215,433,246,47,4,10512,10512,634,2520,1727,1028,1865,1848,668,157,57,7,1,9843,9843,557,1560,1314,1182,2403,1772,547,276,189,40,3
서울특별시 강동구 둔촌제2동(1174070000),29868,29868,2391,4109,4685,4615,5158,5063,2316,1034,432,55,10,14812,14812,1254,2097,2453,2330,2478,2424,1223,417,128,7,1,15056,15056,1137,2012,2232,2285,2680,2639,1093,617,304,48,9
부산광역시  (2600000000),3560813,3560813,267278,438432,487886,539754,598286,616118,355661,193744,56264,6352,1038,1768334,1768334,137954,234903,254119,274804,295444,300326,172213,81341,15683,1324,223,1792479,1792479,129324,203529,233767,264950,302842,315792,183448,112403,40581,5028,815
부산광역시 중구 (2611000000),49011,49011,2606,4532,6166,7139,7796,9170,6438,3764,1205,151,44,24149,24149,1330,2363,3216,3840,3988,4402,2979,1589,378,52,12,24862,24862,1276,2169,2950,3299,3808,4768,3459,2175,827,99,32
부산광역시 중구 중앙동(2611051000),1991,1991,79,141,237,299,299,401,284,170,70,9,2,1030,1030,47,73,117,165,168,202,153,78,25,2,0,961,961,32,68,120,134,131,199,131,92,45,7,2
부산광역시 중구 동광동(2611052000),3964,3964,166,278,504,586,645,765,566,323,113,16,2,1955,1955,85,141,246,326,326,380,266,143,34,8,0,2009,2009,81,137,258,260,319,385,300,180,79,8,2
부산광역시 중구 대청동(2611053000),7817,7817,466,922,1022,1108,1263,1367,924,528,190,24,3,3780,3780,221,480,526,586,597,670,410,219,55,14,2,4037,4037,245,442,496,522,666,697,514,309,135,10,1
부산광역시 중구 보수동(2611054500),11842,11842,628,1207,1504,1733,1933,2164,1460,904,272,31,6,5816,5816,324,643,775,934,972,1020,680,367,89,11,1,6026,6026,304,564,729,799,961,1144,780,537,183,20,5
부산광역시 중구 부평동(2611056000),5425,5425,242,404,650,669,769,1198,847,451,155,29,11,2619,2619,133,198,350,377,402,533,389,179,48,5,5,2806,2806,109,206,300,292,367,665,458,272,107,24,6
부산광역시 중구 광복동(2611057000),1575,1575,65,114,193,191,233,342,234,138,56,9,0,798,798,29,63,100,96,128,189,104,64,20,5,0,777,777,36,51,93,95,105,153,130,74,36,4,0
부산광역시 중구 남포동(2611058000),1468,1468,50,81,179,158,248,346,240,119,41,5,1,824,824,24,46,105,95,162,194,126,54,15,2,1,644,644,26,35,74,63,86,152,114,65,26,3,0
부산광역시 중구 영주제1동(2611059000),5198,5198,292,440,698,918,785,908,641,388,107,14,7,2539,2539,141,226,362,487,400,424,297,167,32,1,2,2659,2659,151,214,336,431,385,484,344,221,75,13,5
부산광역시 중구 영주제2동(2611060000),9731,9731,618,945,1179,1477,1621,1679,1242,743,201,14,12,4788,4788,326,493,635,774,833,790,554,318,60,4,1,4943,4943,292,452,544,703,788,889,688,425,141,10,11
부산광역시 서구 (2614000000),124896,124896,7030,13583,16140,16979,19429,22999,15762,9604,2934,352,84,61891,61891,3628,7173,8417,9102,10189,11131,7417,3945,781,86,22,63005,63005,3402,6410,7723,7877,9240,11868,8345,5659,2153,266,62
부산광역시 서구 동대신제1동(2614051000),6063,6063,331,689,787,835,940,1070,744,502,145,17,3,2925,2925,165,345,416,449,479,486,340,207,32,5,1,3138,3138,166,344,371,386,461,584,404,295,113,12,2
부산광역시 서구 동대신제2동(2614052000),9918,9918,624,1058,1230,1346,1529,1758,1265,846,229,32,1,4846,4846,306,547,650,715,784,842,594,347,57,4,0,5072,5072,318,511,580,631,745,916,671,499,172,28,1
부산광역시 서구 동대신제3동(2614053000),8255,8255,428,929,1209,1142,1232,1431,985,641,228,21,9,3948,3948,200,504,596,584,625,660,449,255,69,3,3,4307,4307,228,425,613,558,607,771,536,386,159,18,6
부산광역시 서구 서대신제1동(2614054000),13560,13560,779,1439,1784,1985,2072,2382,1752,1056,274,34,3,6637,6637,388,790,901,1060,1059,1105,825,429,74,6,0,6923,6923,391,649,883,925,1013,1277,927,627,200,28,3
부산광역시 서구 서대신제3동(2614056000),7238,7238,496,944,910,937,1192,1246,767,519,200,26,1,3457,3457,258,478,464,473,565,591,368,200,56,4,0,3781,3781,238,466,446,464,627,655,399,319,144,22,1
부산광역시 서구 서대신제4동(2614057000),7581,7581,559,998,947,1006,1261,1321,762,522,188,16,1,3729,3729,290,547,486,488,617,668,350,229,51,3,0,3852,3852,269,451,461,518,644,653,412,293,137,13,1
부산광역시 서구 부민동(2614059000),8013,8013,531,924,1254,1175,1243,1332,848,485,191,26,4,3964,3964,287,473,608,594,636,676,395,233,49,13,0,4049,4049,244,451,646,581,607,656,453,252,142,13,4
부산광역시 서구 아미동(2614061500),10912,10912,425,989,1338,1417,1670,2154,1525,1028,310,47,9,5515,5515,227,486,683,809,932,1120,746,412,81,16,3,5397,5397,198,503,655,608,738,1034,779,616,229,31,6
부산광역시 서구 초장동(2614063000),6626,6626,244,618,809,883,1007,1263,946,633,189,26,8,3329,3329,125,331,450,512,539,628,438,245,53,5,3,3297,3297,119,287,359,371,468,635,508,388,136,21,5
부산광역시 서구 충무동(2614064000),8524,8524,436,786,1023,1110,1312,1698,1236,676,199,31,17,4173,4173,218,426,531,565,703,815,546,292,64,6,7,4351,4351,218,360,492,545,609,883,690,384,135,25,10
부산광역시 서구 남부민제1동(2614065000),6524,6524,267,553,735,852,972,1362,1032,576,158,12,5,3343,3343,131,280,401,509,553,683,492,241,47,5,1,3181,3181,136,273,334,343,419,679,540,335,111,7,4
부산광역시 서구 남부민제2동(2614066000),11793,11793,578,1098,1351,1586,1855,2350,1706,955,273,31,10,6013,6013,322,588,720,906,1059,1177,808,374,50,9,0,5780,5780,256,510,631,680,796,1173,898,581,223,22,10
부산광역시 서구 암남동(2614068000),19889,19889,1332,2558,2763,2705,3144,3632,2194,1165,350,33,13,10012,10012,711,1378,1511,1438,1638,1680,1066,481,98,7,4,9877,9877,621,1180,1252,1267,1506,1952,1128,684,252,26,9
부산광역시 동구 (2617000000),101251,101251,5735,10125,12817,14535,15355,18331,13423,8344,2279,258,49,50501,50501,2942,5459,6835,7963,8029,8850,6191,3470,687,66,9,50750,50750,2793,4666,5982,6572,7326,9481,7232,4874,1592,192,40
부산광역시 동구 초량제1동(2617051000),5641,5641,302,503,791,886,856,1020,719,412,134,17,1,2792,2792,157,252,418,469,457,479,343,172,39,5,1,2849,2849,145,251,373,417,399,541,376,240,95,12,0
부산광역시 동구 초량제2동(2617052000),7347,7347,361,658,943,1019,1089,1375,1076,611,185,26,4,3626,3626,187,357,476,566,567,649,492,259,62,11,0,3721,3721,174,301,467,453,522,726,584,352,123,15,4
부산광역시 동구 초량제3동(2617053000),6412,6412,357,570,840,1022,1005,1212,785,433,164,18,6,3268,3268,189,325,431,568,559,596,364,176,53,5,2,3144,3144,168,245,409,454,446,616,421,257,111,13,4
부산광역시 동구 초량제6동(2617055000),8732,8732,496,963,1085,1182,1283,1505,1175,813,200,19,11,4332,4332,255,543,591,642,667,724,515,331,54,7,3,4400,4400,241,420,494,540,616,781,660,482,146,12,8
부산광역시 동구 수정제1동(2617056000),5811,5811,360,659,703,849,906,1023,745,429,125,10,2,2936,2936,184,353,403,445,472,468,364,197,48,2,0,2875,2875,176,306,300,404,434,555,381,232,77,8,2
부산광역시 동구 수정제2동(2617057000),10833,10833,578,1067,1360,1468,1634,1947,1513,958,261,42,5,5355,5355,312,549,706,794,862,933,715,386,86,12,0,5478,5478,266,518,654,674,772,1014,798,572,175,30,5
부산광역시 동구 수정제4동(2617059000),5744,5744,306,561,663,742,847,1001,901,567,143,12,1,2932,2932,173,320,385,411,478,480,394,241,48,2,0,2812,2812,133,241,278,331,369,521,507,326,95,10,1
부산광역시 동구 수정제5동(2617060000),7462,7462,422,826,889,999,1146,1324,998,661,183,12,2,3649,3649,206,445,480,540,575,618,459,270,54,2,0,3813,3813,216,381,409,459,571,706,539,391,129,10,2
부산광역시 동구 좌천제1동(2617061000),8592,8592,468,948,1123,1226,1289,1491,1155,695,166,28,3,4281,4281,244,535,583,667,617,723,548,312,47,5,0,4311,4311,224,413,540,559,672,768,607,383,119,23,3
부산광역시 동구 좌천제4동(2617064000),4675,4675,242,487,588,641,702,856,640,407,102,8,2,2332,2332,129,272,308,365,368,413,300,154,20,2,1,2343,2343,113,215,280,276,334,443,340,253,82,6,1
부산광역시 동구 범일제1동(2617065000),5155,5155,321,589,700,743,834,906,617,341,99,4,1,2541,2541,146,303,378,394,420,427,287,150,34,2,0,2614,2614,175,286,322,349,414,479,330,191,65,2,1
부산광역시 동구 범일제2동(2617066000),8831,8831,669,821,1184,1469,1407,1671,934,522,130,21,3,4403,4403,341,437,609,773,718,809,431,238,43,3,1,4428,4428,328,384,575,696,689,862,503,284,87,18,2
부산광역시 동구 범일제4동(2617067000),10566,10566,495,1047,1352,1415,1614,1978,1455,961,220,25,4,5324,5324,243,549,736,823,868,985,662,396,58,4,0,5242,5242,252,498,616,592,746,993,793,565,162,21,4
부산광역시 동구 범일제5동(2617068000),5450,5450,358,426,596,874,743,1022,710,534,167,16,4,2730,2730,176,219,331,506,401,546,317,188,41,4,1,2720,2720,182,207,265,368,342,476,393,346,126,12,3
부산광역시 영도구 (2620000000),144852,144852,8796,15608,18557,20282,22532,26788,18296,10602,2980,335,76,72274,72274,4491,8264,9981,10810,11683,13193,8560,4412,778,88,14,72578,72578,4305,7344,8576,9472,10849,13595,9736,6190,2202,247,62
부산광역시 영도구 남항동(2620053000),11875,11875,538,1033,1405,1626,1825,2358,1751,1017,286,29,7,6127,6127,272,553,752,915,1057,1206,841,444,79,7,1,5748,5748,266,480,653,711,768,1152,910,573,207,22,6
부산광역시 영도구 영선제1동(2620054000),4893,4893,283,524,647,657,729,927,682,328,97,14,5,2371,2371,141,278,348,330,360,436,315,133,24,4,2,2522,2522,142,246,299,327,369,491,367,195,73,10,3
부산광역시 영도구 영선제2동(2620055000),11489,11489,659,1249,1381,1546,1827,2087,1489,949,267,30,5,5714,5714,344,672,742,801,943,1025,691,408,74,13,1,5775,5775,315,577,639,745,884,1062,798,541,193,17,4
부산광역시 영도구 신선동(2620058500),14575,14575,665,1457,1702,1875,2375,2636,2071,1404,346,33,11,7357,7357,349,757,913,1071,1353,1325,901,604,72,8,4,7218,7218,316,700,789,804,1022,1311,1170,800,274,25,7
부산광역시 영도구 봉래제1동(2620059000),7820,7820,420,696,1013,1029,1085,1621,1074,645,188,23,26,3866,3866,208,367,536,559,555,800,523,257,52,7,2,3954,3954,212,329,477,470,530,821,551,388,136,16,24
부산광역시 영도구 봉래제2동(2620060500),9833,9833,473,906,1227,1347,1479,1814,1505,872,190,18,2,4951,4951,249,466,681,759,790,871,692,385,50,7,1,4882,4882,224,440,546,588,689,943,813,487,140,11,1
부산광역시 영도구 청학제1동(2620063000),9087,9087,583,910,1071,1395,1355,1620,1204,719,203,24,3,4554,4554,299,479,577,762,729,807,560,291,43,7,0,4533,4533,284,431,494,633,626,813,644,428,160,17,3
부산광역시 영도구 청학제2동(2620064000),23146,23146,1671,2668,2993,3438,3777,4146,2591,1378,418,56,10,11592,11592,873,1395,1608,1784,1943,2018,1257,587,115,9,3,11554,11554,798,1273,1385,1654,1834,2128,1334,791,303,47,7
부산광역시 영도구 동삼제1동(2620065000),33897,33897,2342,4243,4692,4775,5394,6157,3633,2017,574,66,4,16731,16731,1178,2261,2506,2434,2581,3006,1759,841,150,15,0,17166,17166,1164,1982,2186,2341,2813,3151,1874,1176,424,51,4
부산광역시 영도구 동삼제2동(2620066000),4348,4348,241,406,652,668,581,785,624,284,98,8,1,2287,2287,124,238,371,383,318,390,302,126,34,1,0,2061,2061,117,168,281,285,263,395,322,158,64,7,1
부산광역시 영도구 동삼제3동(2620067000),13889,13889,921,1516,1774,1926,2105,2637,1672,989,313,34,2,6724,6724,454,798,947,1012,1054,1309,719,336,85,10,0,7165,7165,467,718,827,914,1051,1328,953,653,228,24,2
부산광역시 부산진구 (2623000000),394931,394931,28829,43470,57781,63227,62878,67484,40886,23244,6284,708,140,195226,195226,14734,23388,29150,32581,31444,32656,19466,9810,1816,152,29,199705,199705,14095,20082,28631,30646,31434,34828,21420,13434,4468,556,111
부산광역시 부산진구 부전제1동(2623051000),6618,6618,188,421,1193,951,991,1369,873,495,117,14,6,3401,3401,100,232,552,492,568,734,439,239,40,2,3,3217,3217,88,189,641,459,423,635,434,256,77,12,3
부산광역시 부산진구 부전제2동(2623052000),7452,7452,413,547,1403,1471,1049,1315,723,363,134,30,4,3707,3707,207,306,664,786,544,638,354,155,41,12,0,3745,3745,206,241,739,685,505,677,369,208,93,18,4
부산광역시 부산진구 범전동(2623053000),7959,7959,394,685,1036,1146,1119,1499,1149,729,174,22,6,3942,3942,209,376,548,617,586,721,520,301,58,5,1,4017,4017,185,309,488,529,533,778,629,428,116,17,5
부산광역시 부산진구 연지동(2623054000),24430,24430,2402,2657,3039,4337,3747,3929,2495,1418,368,36,2,11838,11838,1166,1420,1628,2089,1858,1815,1140,611,103,8,0,12592,12592,1236,1237,1411,2248,1889,2114,1355,807,265,28,2
부산광역시 부산진구 초읍동(2623055000),25678,25678,1540,2864,3272,3546,4067,4591,3368,1879,490,55,6,12610,12610,822,1504,1697,1864,2002,2146,1604,819,143,8,1,13068,13068,718,1360,1575,1682,2065,2445,1764,1060,347,47,5
부산광역시 부산진구 양정제1동(2623056000),24206,24206,2120,3053,3209,4085,4003,3834,2214,1292,346,43,7,11765,11765,1099,1618,1553,2007,1949,1870,1021,521,114,11,2,12441,12441,1021,1435,1656,2078,2054,1964,1193,771,232,32,5
부산광역시 부산진구 양정제2동(2623057000),15045,15045,809,1415,2397,2504,2108,2597,1851,1072,264,22,6,7374,7374,425,778,1175,1321,1052,1168,883,481,83,6,2,7671,7671,384,637,1222,1183,1056,1429,968,591,181,16,4
부산광역시 부산진구 전포제1동(2623060000),9532,9532,504,813,1501,1530,1363,1570,1213,784,223,28,3,4726,4726,250,436,735,841,722,748,569,340,77,8,0,4806,4806,254,377,766,689,641,822,644,444,146,20,3
부산광역시 부산진구 전포제2동(2623061000),21892,21892,1505,2027,3423,3828,3304,3652,2376,1371,347,51,8,10669,10669,782,1070,1627,1900,1698,1737,1139,581,126,8,1,11223,11223,723,957,1796,1928,1606,1915,1237,790,221,43,7
부산광역시 부산진구 전포3동(2623062000),10208,10208,669,968,1749,1833,1554,1546,1027,650,177,25,10,5058,5058,329,540,816,1009,799,774,456,285,41,7,2,5150,5150,340,428,933,824,755,772,571,365,136,18,8
부산광역시 부산진구 부암제1동(2623064000),20299,20299,1698,1914,2677,3629,3067,3360,2355,1233,309,44,13,10101,10101,846,1008,1395,1892,1585,1607,1113,534,111,9,1,10198,10198,852,906,1282,1737,1482,1753,1242,699,198,35,12
부산광역시 부산진구 부암제3동(2623066000),25385,25385,2193,3480,3374,3816,4620,4120,2226,1186,328,34,8,12791,12791,1146,1912,1783,1899,2301,2042,1115,499,84,8,2,12594,12594,1047,1568,1591,1917,2319,2078,1111,687,244,26,6
부산광역시 부산진구 당감제1동(2623067000),4964,4964,201,531,642,579,767,1011,619,437,159,15,3,2434,2434,106,280,348,329,391,493,277,162,44,4,0,2530,2530,95,251,294,250,376,518,342,275,115,11,3
부산광역시 부산진구 당감제2동(2623068000),11312,11312,923,1040,1655,1940,1593,2066,1206,666,205,12,6,5609,5609,466,573,819,1017,817,1014,579,268,53,2,1,5703,5703,457,467,836,923,776,1052,627,398,152,10,5
부산광역시 부산진구 당감제3동(2623069000),25101,25101,2162,3427,3430,3945,4510,4098,2011,1104,367,43,4,12194,12194,1120,1811,1749,1907,2120,1975,979,438,88,6,1,12907,12907,1042,1616,1681,2038,2390,2123,1032,666,279,37,3
부산광역시 부산진구 당감제4동(2623070000),14700,14700,1378,1783,1811,2647,2551,2304,1311,690,204,15,6,7296,7296,671,970,929,1337,1311,1108,629,287,49,3,2,7404,7404,707,813,882,1310,1240,1196,682,403,155,12,4
부산광역시 부산진구 가야제1동(2623071000),14204,14204,1024,1366,2423,2501,2203,2407,1422,658,187,9,4,7004,7004,522,760,1180,1320,1089,1110,684,297,39,1,2,7200,7200,502,606,1243,1181,1114,1297,738,361,148,8,2
부산광역시 부산진구 가야제2동(2623072000),18769,18769,1307,2152,2915,2607,2899,3524,2028,1025,268,36,8,9363,9363,682,1172,1516,1354,1374,1728,1007,450,71,7,2,9406,9406,625,980,1399,1253,1525,1796,1021,575,197,29,6
부산광역시 부산진구 가야제3동(2623073000),11154,11154,568,1185,2142,1649,1651,1834,1259,694,155,16,1,5681,5681,269,634,1162,941,845,890,597,293,47,3,0,5473,5473,299,551,980,708,806,944,662,401,108,13,1
부산광역시 부산진구 개금제1동(2623074000),14275,14275,1041,1513,2400,2356,2220,2404,1388,744,194,14,1,7055,7055,514,824,1142,1280,1094,1113,688,332,64,4,0,7220,7220,527,689,1258,1076,1126,1291,700,412,130,10,1
부산광역시 부산진구 개금제2동(2623075000),14578,14578,1164,1813,2128,2184,2415,2319,1461,871,195,27,1,7271,7271,584,1003,1112,1130,1223,1136,668,362,48,5,0,7307,7307,580,810,1016,1054,1192,1183,793,509,147,22,1
부산광역시 부산진구 개금제3동(2623076000),35638,35638,2918,5052,5139,5326,6390,6115,2578,1600,458,58,4,17548,17548,1519,2681,2645,2610,3034,3073,1247,621,110,8,0,18090,18090,1399,2371,2494,2716,3356,3042,1331,979,348,50,4
부산광역시 부산진구 범천제1동(2623077000),9325,9325,398,765,1614,1426,1391,1722,1101,689,192,20,7,4619,4619,205,410,758,773,761,859,503,282,59,8,1,4706,4706,193,355,856,653,630,863,598,407,133,12,6
부산광역시 부산진구 범천제2동(2623078000),12135,12135,734,1131,1673,1734,1761,2463,1492,882,234,19,12,6161,6161,386,601,913,965,902,1240,706,371,67,5,5,5974,5974,348,530,760,769,859,1223,786,511,167,14,7
부산광역시 부산진구 범천제4동(2623079000),10072,10072,576,868,1536,1657,1535,1835,1140,712,189,20,4,5009,5009,309,469,704,901,819,917,549,281,56,4,0,5063,5063,267,399,832,756,716,918,591,431,133,16,4
부산광역시 동래구 (2626000000),283690,283690,20646,37041,39012,42027,47747,50159,27971,14267,4231,513,76,140461,140461,10716,20133,20355,20959,22843,24029,13879,6235,1193,107,12,143229,143229,9930,16908,18657,21068,24904,26130,14092,8032,3038,406,64
부산광역시 동래구 수민동(2626051000),34176,34176,2988,4303,4655,5526,5550,5677,3282,1666,471,53,5,16893,16893,1555,2396,2390,2727,2624,2698,1624,727,135,16,1,17283,17283,1433,1907,2265,2799,2926,2979,1658,939,336,37,4
부산광역시 동래구 복산동(2626052000),13597,13597,733,1557,1795,1763,2088,2546,1728,1030,299,49,9,6767,6767,390,850,980,938,1034,1221,811,446,91,6,0,6830,6830,343,707,815,825,1054,1325,917,584,208,43,9
부산광역시 동래구 명륜동(2626054500),15512,15512,1099,1849,2163,2335,2487,2671,1695,915,265,28,5,7608,7608,582,1014,1090,1162,1193,1259,821,404,74,9,0,7904,7904,517,835,1073,1173,1294,1412,874,511,191,19,5
부산광역시 동래구 온천제1동(2626055000),19337,19337,1100,1711,2818,3425,2940,3412,2188,1280,385,56,22,9255,9255,576,851,1362,1741,1462,1553,990,573,128,14,5,10082,10082,524,860,1456,1684,1478,1859,1198,707,257,42,17
부산광역시 동래구 온천제2동(2626056000),23284,23284,1587,3077,2999,3076,3758,4198,2565,1437,510,73,4,11444,11444,848,1683,1589,1539,1715,2010,1259,628,153,19,1,11840,11840,739,1394,1410,1537,2043,2188,1306,809,357,54,3
부산광역시 동래구 온천제3동(2626057000),35598,35598,2530,4626,5135,5303,5976,6519,3306,1666,479,49,9,17655,17655,1272,2516,2637,2648,2848,3166,1646,760,157,4,1,17943,17943,1258,2110,2498,2655,3128,3353,1660,906,322,45,8
부산광역시 동래구 사직제1동(2626058000),9542,9542,587,1267,1344,1314,1621,1692,1018,536,140,22,1,4733,4733,302,700,703,685,790,771,515,227,34,5,1,4809,4809,285,567,641,629,831,921,503,309,106,17,0
부산광역시 동래구 사직제2동(2626059000),31119,31119,3195,5563,3596,4805,6223,4543,1923,934,303,30,4,15405,15405,1657,3016,1906,2134,3006,2294,960,362,60,9,1,15714,15714,1538,2547,1690,2671,3217,2249,963,572,243,21,3
부산광역시 동래구 사직제3동(2626060000),16948,16948,935,2026,2338,2460,2702,3169,2084,947,257,24,6,8531,8531,483,1111,1268,1283,1342,1503,1032,446,60,2,1,8417,8417,452,915,1070,1177,1360,1666,1052,501,197,22,5
부산광역시 동래구 안락제1동(2626074000),17680,17680,1201,2037,2380,2682,2837,3358,1907,979,264,31,4,8830,8830,630,1090,1288,1404,1372,1584,952,437,68,4,1,8850,8850,571,947,1092,1278,1465,1774,955,542,196,27,3
부산광역시 동래구 안락제2동(2626075000),32552,32552,2777,4586,4493,4819,5966,5469,2694,1287,409,47,5,16211,16211,1416,2516,2372,2352,2846,2673,1364,541,122,9,0,16341,16341,1361,2070,2121,2467,3120,2796,1330,746,287,38,5
부산광역시 동래구 명장제1동(2626076100),17314,17314,911,2245,2603,2215,2849,3488,1893,819,257,33,1,8634,8634,465,1197,1348,1152,1355,1695,982,372,63,5,0,8680,8680,446,1048,1255,1063,1494,1793,911,447,194,28,1
부산광역시 동래구 명장제2동(2626076200),17031,17031,1003,2194,2693,2304,2750,3417,1688,771,192,18,1,8495,8495,540,1193,1422,1194,1256,1602,923,312,48,5,0,8536,8536,463,1001,1271,1110,1494,1815,765,459,144,13,1
부산광역시 남구 (2629000000),296955,296955,23012,35210,40776,46587,47833,50074,31953,16478,4468,490,74,147320,147320,11847,18804,21464,23703,23719,23800,15362,7248,1264,93,16,149635,149635,11165,16406,19312,22884,24114,26274,16591,9230,3204,397,58
부산광역시 남구 대연제1동(2629051000),14443,14443,856,1511,2838,2375,2046,2361,1518,721,190,26,1,7170,7170,432,805,1495,1245,989,1057,742,347,51,7,0,7273,7273,424,706,1343,1130,1057,1304,776,374,139,19,1
부산광역시 남구 대연제2동(2629052000),7563,7563,396,751,1001,1072,1172,1407,988,584,175,12,5,3817,3817,205,407,556,603,591,674,477,244,57,1,2,3746,3746,191,344,445,469,581,733,511,340,118,11,3
부산광역시 남구 대연제3동(2629053000),27702,27702,2137,3259,4775,4708,4439,4165,2480,1286,395,50,8,13606,13606,1084,1747,2494,2329,2156,1928,1175,574,109,8,2,14096,14096,1053,1512,2281,2379,2283,2237,1305,712,286,42,6
부산광역시 남구 대연제4동(2629054000),14367,14367,840,1563,1972,2034,2169,2615,1962,964,224,21,3,7113,7113,439,836,1045,1096,1046,1198,937,438,74,3,1,7254,7254,401,727,927,938,1123,1417,1025,526,150,18,2
부산광역시 남구 대연제5동(2629055000),15802,15802,1226,1975,2173,2534,2528,2515,1674,893,246,33,5,7752,7752,650,1028,1118,1255,1247,1161,799,419,67,7,1,8050,8050,576,947,1055,1279,1281,1354,875,474,179,26,4
부산광역시 남구 대연제6동(2629056000),12167,12167,890,1485,1553,1798,1966,2119,1395,750,187,19,5,6079,6079,473,805,841,917,979,980,670,355,57,2,0,6088,6088,417,680,712,881,987,1139,725,395,130,17,5
부산광역시 남구 용호제1동(2629057000),46911,46911,4712,7023,5408,7086,8782,7208,3975,2025,628,60,4,22870,22870,2434,3688,2776,3224,4251,3541,1888,873,184,10,1,24041,24041,2278,3335,2632,3862,4531,3667,2087,1152,444,50,3
부산광역시 남구 용호제2동(2629058000),20375,20375,1902,2389,2675,3300,3298,3468,2016,987,300,36,4,10048,10048,967,1235,1446,1640,1616,1650,1009,396,82,7,0,10327,10327,935,1154,1229,1660,1682,1818,1007,591,218,29,4
부산광역시 남구 용호제3동(2629059000),15739,15739,985,1880,2168,2257,2453,3038,1821,876,228,28,5,7816,7816,522,995,1145,1171,1198,1432,915,382,52,4,0,7923,7923,463,885,1023,1086,1255,1606,906,494,176,24,5
부산광역시 남구 용호제4동(2629060000),8421,8421,658,881,1218,1403,1207,1553,938,427,114,22,0,4168,4168,327,458,642,737,586,711,478,189,35,5,0,4253,4253,331,423,576,666,621,842,460,238,79,17,0
부산광역시 남구 용당동(2629061000),10038,10038,919,1298,1261,1638,1734,1634,989,435,117,11,2,5100,5100,466,711,687,834,891,808,457,210,32,3,1,4938,4938,453,587,574,804,843,826,532,225,85,8,1
부산광역시 남구 감만제1동(2629062000),18466,18466,1512,2092,2438,2970,2896,3201,2049,1024,246,29,9,9350,9350,805,1132,1280,1589,1460,1571,989,444,72,7,1,9116,9116,707,960,1158,1381,1436,1630,1060,580,174,22,8
부산광역시 남구 감만제2동(2629063000),8428,8428,567,862,1121,1392,1245,1463,1092,559,109,14,4,4275,4275,295,469,634,753,648,686,509,246,31,2,2,4153,4153,272,393,487,639,597,777,583,313,78,12,2
부산광역시 남구 우암제1동(2629064000),15084,15084,1167,1616,2069,2403,2217,2801,1771,815,200,22,3,7582,7582,604,906,1079,1247,1080,1348,888,370,56,4,0,7502,7502,563,710,990,1156,1137,1453,883,445,144,18,3
부산광역시 남구 우암제2동(2629065000),6105,6105,206,550,722,781,925,1233,930,547,189,20,2,3082,3082,101,295,386,465,526,593,448,225,36,5,2,3023,3023,105,255,336,316,399,640,482,322,153,15,0
부산광역시 남구 문현제1동(2629068000),17666,17666,1485,2197,2269,2922,2916,2726,1878,1014,235,20,4,8774,8774,756,1163,1185,1484,1463,1336,880,442,60,4,1,8892,8892,729,1034,1084,1438,1453,1390,998,572,175,16,3
부산광역시 남구 문현제2동(2629069000),9576,9576,481,838,1202,1435,1504,1730,1298,830,233,21,4,4829,4829,236,452,623,818,833,858,618,321,64,4,2,4747,4747,245,386,579,617,671,872,680,509,169,17,2
부산광역시 남구 문현제3동(2629070000),15328,15328,1212,1768,2099,2462,2453,2553,1625,903,230,21,2,7496,7496,607,953,1095,1190,1219,1188,763,397,80,4,0,7832,7832,605,815,1004,1272,1234,1365,862,506,150,17,2
부산광역시 남구 문현제4동(2629071000),12774,12774,861,1272,1814,2017,1883,2284,1554,838,222,25,4,6393,6393,444,719,937,1106,940,1080,720,376,65,6,0,6381,6381,417,553,877,911,943,1204,834,462,157,19,4
부산광역시 북구 (2632000000),309602,309602,24121,44643,43840,44297,57166,52960,25065,13198,3858,394,60,154744,154744,12554,24042,22918,22276,27448,26865,12382,5176,1003,71,9,154858,154858,11567,20601,20922,22021,29718,26095,12683,8022,2855,323,51
부산광역시 북구 구포제1동(2632051000),14062,14062,719,1652,2049,1816,2474,2765,1568,782,207,27,3,7162,7162,344,880,1099,1020,1275,1392,770,316,62,4,0,6900,6900,375,772,950,796,1199,1373,798,466,145,23,3
부산광역시 북구 구포제2동(2632052000),30975,30975,2163,3989,4758,4516,5580,5676,2657,1234,352,38,12,15922,15922,1143,2194,2500,2420,2750,2935,1347,535,90,5,3,15053,15053,1020,1795,2258,2096,2830,2741,1310,699,262,33,9
부산광역시 북구 구포제3동(2632052100),27151,27151,2018,4116,4046,4128,5255,4461,2031,836,236,23,1,13910,13910,1073,2232,2146,2148,2583,2296,1036,351,43,2,0,13241,13241,945,1884,1900,1980,2672,2165,995,485,193,21,1
부산광역시 북구 금곡동(2632053000),43712,43712,3406,6665,5617,5621,8449,7078,3378,2716,724,57,1,21328,21328,1734,3558,2985,2702,4000,3696,1531,909,202,11,0,22384,22384,1672,3107,2632,2919,4449,3382,1847,1807,522,46,1
부산광역시 북구 화명제1동(2632054100),28262,28262,2489,5129,3894,3809,6050,4314,1578,745,227,21,6,14014,14014,1299,2767,1981,1744,2806,2263,808,293,48,5,0,14248,14248,1190,2362,1913,2065,3244,2051,770,452,179,16,6
부산광역시 북구 화명제2동(2632054200),20871,20871,1489,3534,3032,2558,4332,3388,1377,769,321,51,20,10513,10513,784,1908,1624,1266,2021,1808,699,301,79,19,4,10358,10358,705,1626,1408,1292,2311,1580,678,468,242,32,16
부산광역시 북구 화명제3동(2632054300),34438,34438,3983,6342,3674,5206,7408,4443,1936,1091,323,31,1,16925,16925,2065,3361,1843,2226,3634,2336,905,451,102,2,0,17513,17513,1918,2981,1831,2980,3774,2107,1031,640,221,29,1
부산광역시 북구 덕천제1동(2632055000),17984,17984,1140,1922,2900,2618,2778,3522,1745,1041,290,28,0,8989,8989,603,1086,1499,1423,1316,1743,866,374,76,3,0,8995,8995,537,836,1401,1195,1462,1779,879,667,214,25,0
부산광역시 북구 덕천제2동(2632056000),15909,15909,1009,1842,2443,2417,2653,2967,1605,748,204,18,3,7991,7991,534,964,1312,1308,1270,1440,799,307,51,5,1,7918,7918,475,878,1131,1109,1383,1527,806,441,153,13,2
부산광역시 북구 덕천제3동(2632056100),14068,14068,839,1572,2091,2139,2200,2554,1668,787,190,26,2,6912,6912,439,821,1114,1170,1065,1177,760,313,47,5,1,7156,7156,400,751,977,969,1135,1377,908,474,143,21,1
부산광역시 북구 만덕제1동(2632057100),15025,15025,976,1665,2306,2198,2314,2902,1565,845,231,20,3,7534,7534,492,872,1196,1209,1139,1434,788,350,51,3,0,7491,7491,484,793,1110,989,1175,1468,777,495,180,17,3
부산광역시 북구 만덕제2동(2632057200),23906,23906,1971,3298,3317,3650,3981,4371,2096,888,299,28,7,11977,11977,1037,1777,1725,1850,1926,2111,1102,363,82,4,0,11929,11929,934,1521,1592,1800,2055,2260,994,525,217,24,7
부산광역시 북구 만덕제3동(2632057300),23239,23239,1919,2917,3713,3621,3692,4519,1861,716,254,26,1,11567,11567,1007,1622,1894,1790,1663,2234,971,313,70,3,0,11672,11672,912,1295,1819,1831,2029,2285,890,403,184,23,1
부산광역시 해운대구 (2635000000),425872,425872,36951,60050,53540,65858,78190,67616,36132,20750,6054,647,84,208179,208179,19052,31861,27560,31235,37838,33188,17122,8433,1719,152,19,217693,217693,17899,28189,25980,34623,40352,34428,19010,12317,4335,495,65
부산광역시 해운대구 우제1동(2635051000),41785,41785,3300,5267,5485,6099,6984,7187,4313,2361,682,90,17,20191,20191,1680,2733,2798,2890,3294,3421,2052,1086,204,30,3,21594,21594,1620,2534,2687,3209,3690,3766,2261,1275,478,60,14
부산광역시 해운대구 우제2동(2635052000),27824,27824,2644,3792,3266,4459,4923,4381,2472,1379,461,44,3,13546,13546,1336,2064,1647,2055,2377,2114,1207,597,139,9,1,14278,14278,1308,1728,1619,2404,2546,2267,1265,782,322,35,2
부산광역시 해운대구 중제1동(2635053000),21600,21600,1661,2642,2777,3487,3853,3531,2058,1211,324,52,4,10450,10450,839,1441,1368,1610,1943,1679,944,510,107,9,0,11150,11150,822,1201,1409,1877,1910,1852,1114,701,217,43,4
부산광역시 해운대구 중제2동(2635054000),11697,11697,667,1253,1688,1980,2052,2110,1155,580,189,18,5,5657,5657,341,666,880,988,972,969,529,254,53,4,1,6040,6040,326,587,808,992,1080,1141,626,326,136,14,4
부산광역시 해운대구 좌제1동(2635055100),19476,19476,2002,3430,2295,3062,4072,2413,1045,868,270,19,0,9273,9273,1048,1775,1069,1279,1951,1267,461,325,93,5,0,10203,10203,954,1655,1226,1783,2121,1146,584,543,177,14,0
부산광역시 해운대구 좌제2동(2635055200),34816,34816,3065,5740,4538,5327,7091,4832,2142,1543,501,35,2,16547,16547,1617,3043,2188,2279,3220,2473,949,603,167,8,0,18269,18269,1448,2697,2350,3048,3871,2359,1193,940,334,27,2
부산광역시 해운대구 좌제3동(2635055300),19488,19488,1810,3318,2324,2610,3931,2826,1251,1093,294,30,1,9423,9423,941,1786,1194,1136,1835,1447,551,413,111,9,0,10065,10065,869,1532,1130,1474,2096,1379,700,680,183,21,1
부산광역시 해운대구 좌제4동(2635055400),26666,26666,2622,4956,2930,3684,5807,3527,1593,1158,370,19,0,12820,12820,1338,2619,1484,1530,2709,1828,739,448,120,5,0,13846,13846,1284,2337,1446,2154,3098,1699,854,710,250,14,0
부산광역시 해운대구 송정동(2635056000),9795,9795,591,1096,1333,1398,1588,1865,1087,615,197,23,2,4804,4804,309,578,721,728,786,870,498,257,51,6,0,4991,4991,282,518,612,670,802,995,589,358,146,17,2
부산광역시 해운대구 반여제1동(2635057000),45182,45182,4991,6984,5057,7536,8683,6482,3218,1673,511,47,0,22448,22448,2614,3682,2593,3506,4361,3286,1584,682,129,11,0,22734,22734,2377,3302,2464,4030,4322,3196,1634,991,382,36,0
부산광역시 해운대구 반여제2동(2635058000),17712,17712,984,2105,2517,2533,3111,3156,1967,1038,259,33,9,8742,8742,495,1129,1342,1349,1497,1483,959,415,65,6,2,8970,8970,489,976,1175,1184,1614,1673,1008,623,194,27,7
부산광역시 해운대구 반여제3동(2635059000),12886,12886,782,1506,1795,1912,2201,2251,1419,792,201,19,8,6445,6445,400,813,976,1021,1119,1066,677,317,50,4,2,6441,6441,382,693,819,891,1082,1185,742,475,151,15,6
부산광역시 해운대구 반여제4동(2635059500),18072,18072,1789,2892,2288,2966,3482,2770,1139,571,157,18,0,9025,9025,945,1490,1221,1431,1672,1416,580,219,46,5,0,9047,9047,844,1402,1067,1535,1810,1354,559,352,111,13,0
부산광역시 해운대구 반송제1동(2635061000),11436,11436,598,1330,1419,1585,1963,2023,1411,865,206,28,8,5788,5788,302,733,760,855,1025,1016,669,363,57,3,5,5648,5648,296,597,659,730,938,1007,742,502,149,25,3
부산광역시 해운대구 반송제2동(2635062000),31910,31910,2040,3863,4151,4556,5169,5843,3655,1977,579,69,8,15727,15727,1022,2072,2252,2493,2534,2840,1648,722,126,17,1,16183,16183,1018,1791,1899,2063,2635,3003,2007,1255,453,52,7
부산광역시 해운대구 반송제3동(2635063000),9751,9751,612,1187,1226,1412,1653,1626,1179,660,164,24,8,4840,4840,322,602,658,766,834,836,508,268,39,5,2,4911,4911,290,585,568,646,819,790,671,392,125,19,6
부산광역시 해운대구 재송제1동(2635065000),33296,33296,4138,4665,3689,5940,6091,4922,2427,1071,308,41,4,16400,16400,2170,2462,1918,2654,3061,2383,1225,452,65,8,2,16896,16896,1968,2203,1771,3286,3030,2539,1202,619,243,33,2
부산광역시 해운대구 재송제2동(2635066000),32480,32480,2655,4024,4762,5312,5536,5871,2601,1295,381,38,5,16053,16053,1333,2173,2491,2665,2648,2794,1342,502,97,8,0,16427,16427,1322,1851,2271,2647,2888,3077,1259,793,284,30,5
부산광역시 사하구 (2638000000),357060,357060,29107,46173,50387,55430,61197,61364,31772,16058,4903,565,104,179000,179000,14962,24351,26443,28750,30266,30443,15754,6611,1287,107,26,178060,178060,14145,21822,23944,26680,30931,30921,16018,9447,3616,458,78
부산광역시 사하구 괴정제1동(2638051000),21875,21875,1522,2691,3046,3191,3478,3869,2382,1185,432,55,24,10820,10820,812,1416,1629,1636,1648,1843,1184,510,119,16,7,11055,11055,710,1275,1417,1555,1830,2026,1198,675,313,39,17
부산광역시 사하구 괴정제2동(2638052000),17402,17402,1286,1909,2437,2782,2667,3134,1963,913,282,24,5,8585,8585,643,1009,1253,1455,1313,1462,993,386,69,2,0,8817,8817,643,900,1184,1327,1354,1672,970,527,213,22,5
부산광역시 사하구 괴정제3동(2638053000),14502,14502,845,1502,2069,2055,2269,2892,1655,887,282,36,10,7055,7055,428,785,1096,1100,1085,1343,759,365,81,8,5,7447,7447,417,717,973,955,1184,1549,896,522,201,28,5
부산광역시 사하구 괴정제4동(2638054000),16847,16847,1090,2015,2388,2540,2585,3139,1887,892,284,23,4,8359,8359,534,1116,1262,1283,1265,1450,953,402,84,9,1,8488,8488,556,899,1126,1257,1320,1689,934,490,200,14,3
부산광역시 사하구 당리동(2638055000),30818,30818,2363,3960,4707,4565,5139,5635,2690,1286,423,43,7,15292,15292,1201,2133,2467,2306,2414,2712,1401,522,126,7,3,15526,15526,1162,1827,2240,2259,2725,2923,1289,764,297,36,4
부산광역시 사하구 하단제1동(2638056100),24440,24440,1834,3443,3992,3555,4241,4210,1905,910,306,37,7,12226,12226,943,1839,2085,1815,2000,2104,959,397,74,9,1,12214,12214,891,1604,1907,1740,2241,2106,946,513,232,28,6
부산광역시 사하구 하단제2동(2638056200),28308,28308,2462,3592,4749,4661,4690,4534,2198,1079,303,37,3,14074,14074,1248,1887,2536,2382,2264,2133,1085,456,74,8,1,14234,14234,1214,1705,2213,2279,2426,2401,1113,623,229,29,2
부산광역시 사하구 신평제1동(2638057100),19646,19646,1224,2341,2778,3008,3421,3500,1988,1038,295,44,9,10115,10115,616,1246,1483,1714,1799,1778,968,419,84,7,1,9531,9531,608,1095,1295,1294,1622,1722,1020,619,211,37,8
부산광역시 사하구 신평제2동(2638057200),17004,17004,1433,2432,2504,2665,3019,2940,1254,569,172,15,1,8546,8546,763,1257,1314,1355,1448,1472,655,240,40,2,0,8458,8458,670,1175,1190,1310,1571,1468,599,329,132,13,1
부산광역시 사하구 장림제1동(2638058000),15120,15120,1707,1598,1903,3124,2521,2264,1268,565,156,11,3,7831,7831,874,821,985,1672,1429,1177,614,226,31,1,1,7289,7289,833,777,918,1452,1092,1087,654,339,125,10,2
부산광역시 사하구 장림제2동(2638059000),31715,31715,3321,3866,4494,5778,5331,5263,2381,1009,242,27,3,16185,16185,1724,2030,2296,3024,2677,2674,1233,461,62,3,1,15530,15530,1597,1836,2198,2754,2654,2589,1148,548,180,24,2
부산광역시 사하구 다대제1동(2638060100),46013,46013,5053,6768,5488,7588,8612,6791,3177,1857,610,62,7,23135,23135,2623,3569,2883,3737,4348,3573,1532,699,164,7,0,22878,22878,2430,3199,2605,3851,4264,3218,1645,1158,446,55,7
부산광역시 사하구 다대제2동(2638060200),30344,30344,2366,4694,3979,4119,5757,5200,2273,1412,487,56,1,15026,15026,1221,2500,2111,2041,2746,2697,1086,490,125,9,0,15318,15318,1145,2194,1868,2078,3011,2503,1187,922,362,47,1
부산광역시 사하구 구평동(2638061000),6950,6950,456,848,975,935,1188,1339,771,322,98,13,5,3576,3576,234,453,507,511,622,670,403,144,28,4,0,3374,3374,222,395,468,424,566,669,368,178,70,9,5
부산광역시 사하구 감천제1동(2638062000),25823,25823,1656,3458,3693,3443,4532,4870,2587,1252,283,38,11,12866,12866,837,1742,1899,1874,2207,2413,1288,534,64,5,3,12957,12957,819,1716,1794,1569,2325,2457,1299,718,219,33,8
부산광역시 사하구 감천제2동(2638063000),10253,10253,489,1056,1185,1421,1747,1784,1393,882,248,44,4,5309,5309,261,548,637,845,1001,942,641,360,62,10,2,4944,4944,228,508,548,576,746,842,752,522,186,34,2
부산광역시 금정구 (2641000000),255979,255979,16713,32515,36934,35424,43170,46120,26115,14009,4362,522,95,126421,126421,8689,17462,19415,18088,20487,22083,12867,5974,1236,100,20,129558,129558,8024,15053,17519,17336,22683,24037,13248,8035,3126,422,75
부산광역시 금정구 서제1동(2641051000),9923,9923,439,1033,1327,1350,1763,1912,1238,698,139,18,6,5026,5026,215,543,730,773,898,928,600,296,38,5,0,4897,4897,224,490,597,577,865,984,638,402,101,13,6
부산광역시 금정구 서제2동(2641052000),14007,14007,719,1553,2117,1908,2381,2756,1572,766,197,31,7,6957,6957,368,826,1095,1007,1193,1298,782,332,49,7,0,7050,7050,351,727,1022,901,1188,1458,790,434,148,24,7
부산광역시 금정구 서제3동(2641053000),14487,14487,659,1574,2165,1833,2361,2928,1884,826,231,19,7,7320,7320,349,862,1177,1014,1148,1396,950,366,54,4,0,7167,7167,310,712,988,819,1213,1532,934,460,177,15,7
부산광역시 금정구 금사동(2641055000),10564,10564,533,1128,1457,1457,1743,2156,1282,614,176,18,0,5561,5561,270,636,779,835,921,1099,693,279,47,2,0,5003,5003,263,492,678,622,822,1057,589,335,129,16,0
부산광역시 금정구 부곡제1동(2641057000),11582,11582,630,1244,1643,1748,1742,2122,1460,768,206,16,3,5697,5697,320,665,856,983,844,969,671,325,57,5,2,5885,5885,310,579,787,765,898,1153,789,443,149,11,1
부산광역시 금정구 부곡제2동(2641058000),18861,18861,1382,2452,2770,2781,3153,3391,1751,882,272,24,3,9316,9316,730,1312,1440,1387,1465,1629,891,391,69,2,0,9545,9545,652,1140,1330,1394,1688,1762,860,491,203,22,3
부산광역시 금정구 부곡제3동(2641059000),18543,18543,1381,2601,2639,2592,3207,3251,1589,953,304,23,3,8978,8978,708,1387,1322,1263,1493,1547,788,386,79,5,0,9565,9565,673,1214,1317,1329,1714,1704,801,567,225,18,3
부산광역시 금정구 부곡제4동(2641059100),16469,16469,1011,1788,2532,2440,2498,3192,1868,873,244,23,0,8100,8100,518,1006,1284,1293,1183,1474,901,368,70,3,0,8369,8369,493,782,1248,1147,1315,1718,967,505,174,20,0
부산광역시 금정구 장전제1동(2641060000),14897,14897,875,1596,2881,2280,2197,2408,1499,875,249,32,5,7455,7455,432,892,1551,1221,1060,1099,733,391,68,8,0,7442,7442,443,704,1330,1059,1137,1309,766,484,181,24,5
부산광역시 금정구 장전제2동(2641061000),10846,10846,983,1161,1376,1672,1675,1765,1031,651,367,120,45,5166,5166,559,621,733,793,787,813,495,258,72,20,15,5680,5680,424,540,643,879,888,952,536,393,295,100,30
부산광역시 금정구 장전제3동(2641062000),8822,8822,396,908,1323,1235,1262,1602,1213,654,202,23,4,4337,4337,208,487,721,673,604,736,566,274,63,4,1,4485,4485,188,421,602,562,658,866,647,380,139,19,3
부산광역시 금정구 선두구동(2641063500),2873,2873,89,279,344,290,483,600,406,293,73,16,0,1507,1507,44,147,196,161,269,341,196,127,21,5,0,1366,1366,45,132,148,129,214,259,210,166,52,11,0
부산광역시 금정구 청룡노포동(2641066500),10226,10226,649,1193,1333,1329,1635,1873,1239,725,230,20,0,5152,5152,338,677,728,682,781,896,611,348,87,4,0,5074,5074,311,516,605,647,854,977,628,377,143,16,0
부산광역시 금정구 남산동(2641067000),35365,35365,2253,5030,5102,4642,6344,6170,3372,1801,583,65,3,17374,17374,1175,2699,2715,2331,2914,2956,1637,758,177,12,0,17991,17991,1078,2331,2387,2311,3430,3214,1735,1043,406,53,3
부산광역시 금정구 구서제1동(2641068000),19750,19750,1582,2819,2738,2885,3576,3301,1636,903,276,30,4,9480,9480,806,1442,1387,1361,1617,1597,808,367,90,4,1,10270,10270,776,1377,1351,1524,1959,1704,828,536,186,26,3
부산광역시 금정구 구서제2동(2641069000),37559,37559,3045,6053,5021,4834,6963,6459,2931,1635,571,43,4,18401,18401,1599,3206,2612,2235,3218,3194,1473,673,181,10,0,19158,19158,1446,2847,2409,2599,3745,3265,1458,962,390,33,4
부산광역시 금정구 금성동(2641070000),1205,1205,87,103,166,148,187,234,144,92,42,1,1,594,594,50,54,89,76,92,111,72,35,14,0,1,611,611,37,49,77,72,95,123,72,57,28,1,0
부산광역시 강서구 (2644000000),62963,62963,5093,6111,8180,9364,9635,11810,6940,4204,1446,161,19,32937,32937,2626,3314,4512,5110,5383,6278,3570,1738,370,30,6,30026,30026,2467,2797,3668,4254,4252,5532,3370,2466,1076,131,13
부산광역시 강서구 대저1동(2644051000),10562,10562,393,947,1369,1154,1692,2283,1520,894,280,29,1,5675,5675,217,525,751,691,964,1248,810,380,83,5,1,4887,4887,176,422,618,463,728,1035,710,514,197,24,0
부산광역시 강서구 대저2동(2644052000),8555,8555,609,767,1202,1125,1265,1703,994,636,227,23,4,4481,4481,313,415,649,637,701,914,518,276,51,6,1,4074,4074,296,352,553,488,564,789,476,360,176,17,3
부산광역시 강서구 강동동(2644053000),7420,7420,271,656,953,736,1149,1725,1035,656,201,34,4,3878,3878,130,364,526,441,625,939,521,274,47,10,1,3542,3542,141,292,427,295,524,786,514,382,154,24,3
부산광역시 강서구 명지동(2644054000),21767,21767,2978,2544,2644,4345,3418,3232,1513,770,295,24,4,10932,10932,1523,1346,1336,2118,1845,1622,754,316,67,3,2,10835,10835,1455,1198,1308,2227,1573,1610,759,454,228,21,2
부산광역시 강서구 가락동(2644055000),3017,3017,87,259,334,284,442,660,489,344,108,7,3,1573,1573,45,149,194,164,246,355,245,142,33,0,0,1444,1444,42,110,140,120,196,305,244,202,75,7,3
부산광역시 강서구 녹산동(2644056000),8714,8714,665,667,1357,1434,1266,1583,942,561,211,26,2,4825,4825,354,358,863,865,766,861,483,219,53,2,1,3889,3889,311,309,494,569,500,722,459,342,158,24,1
부산광역시 강서구 천가동(2644057000),2928,2928,90,271,321,286,403,624,447,343,124,18,1,1573,1573,44,157,193,194,236,339,239,131,36,4,0,1355,1355,46,114,128,92,167,285,208,212,88,14,1
부산광역시 연제구 (2647000000),214056,214056,16537,25365,28880,33374,35178,37414,22178,11541,3211,332,46,105788,105788,8569,13841,14885,16621,17181,17738,10838,5076,960,67,12,108268,108268,7968,11524,13995,16753,17997,19676,11340,6465,2251,265,34
부산광역시 연제구 거제제1동(2647061000),31074,31074,3559,4313,3445,5337,5708,4361,2596,1339,373,42,1,15249,15249,1863,2347,1714,2415,2856,2105,1212,623,107,6,1,15825,15825,1696,1966,1731,2922,2852,2256,1384,716,266,36,0
부산광역시 연제구 거제제2동(2647062000),17828,17828,1537,2283,2303,2689,3101,3013,1729,903,237,27,6,8878,8878,780,1239,1191,1331,1511,1506,860,387,69,4,0,8950,8950,757,1044,1112,1358,1590,1507,869,516,168,23,6
부산광역시 연제구 거제제3동(2647063000),12240,12240,952,1218,1529,1868,1804,2155,1469,956,260,22,7,6050,6050,513,654,770,975,903,1014,694,430,91,5,1,6190,6190,439,564,759,893,901,1141,775,526,169,17,6
부산광역시 연제구 거제제4동(2647064000),11582,11582,977,1423,1626,1857,1883,1951,1033,603,207,20,2,5758,5758,512,787,846,910,922,962,503,254,56,6,0,5824,5824,465,636,780,947,961,989,530,349,151,14,2
부산광역시 연제구 연산제1동(2647065000),16113,16113,1293,1653,2341,2710,2398,3006,1704,758,227,20,3,8021,8021,670,911,1235,1373,1173,1401,836,349,66,7,0,8092,8092,623,742,1106,1337,1225,1605,868,409,161,13,3
부산광역시 연제구 연산제2동(2647066000),15300,15300,821,1507,2142,2137,2344,2905,1992,1113,319,17,3,7512,7512,396,833,1085,1114,1172,1357,959,499,92,4,1,7788,7788,425,674,1057,1023,1172,1548,1033,614,227,13,2
부산광역시 연제구 연산제3동(2647067000),11957,11957,636,1208,1731,1768,1804,2310,1492,797,192,18,1,5902,5902,320,640,934,947,880,1077,728,322,52,2,0,6055,6055,316,568,797,821,924,1233,764,475,140,16,1
부산광역시 연제구 연산제4동(2647068000),18211,18211,1198,1739,2701,2967,2700,3551,2124,948,253,28,2,9047,9047,616,979,1397,1541,1325,1620,1059,420,85,5,0,9164,9164,582,760,1304,1426,1375,1931,1065,528,168,23,2
부산광역시 연제구 연산제5동(2647069000),10706,10706,564,918,1858,1873,1634,1891,1212,588,147,19,2,5263,5263,299,501,878,972,797,870,617,278,43,6,2,5443,5443,265,417,980,901,837,1021,595,310,104,13,0
부산광역시 연제구 연산제6동(2647070000),17770,17770,950,1925,2364,2513,2816,3317,2227,1288,322,38,10,8777,8777,505,1060,1250,1314,1386,1534,1028,580,111,7,2,8993,8993,445,865,1114,1199,1430,1783,1199,708,211,31,8
부산광역시 연제구 연산제8동(2647072000),11356,11356,640,1412,1613,1519,1983,2176,1246,602,140,20,5,5704,5704,340,760,877,787,955,1059,631,250,39,4,2,5652,5652,300,652,736,732,1028,1117,615,352,101,16,3
부산광역시 연제구 연산제9동(2647073000),39919,39919,3410,5766,5227,6136,7003,6778,3354,1646,534,61,4,19627,19627,1755,3130,2708,2942,3301,3233,1711,684,149,11,3,20292,20292,1655,2636,2519,3194,3702,3545,1643,962,385,50,1
부산광역시 수영구 (2650000000),177575,177575,12024,19403,24528,27594,27243,32257,20434,10464,3245,353,30,85923,85923,6241,10353,12417,13810,12840,14634,9880,4656,1018,68,6,91652,91652,5783,9050,12111,13784,14403,17623,10554,5808,2227,285,24
부산광역시 수영구 남천제1동(2650066000),14239,14239,931,1729,1919,2005,2290,2545,1520,945,324,28,3,6712,6712,475,875,965,953,1073,1148,711,409,99,4,0,7527,7527,456,854,954,1052,1217,1397,809,536,225,24,3
부산광역시 수영구 남천제2동(2650067000),15297,15297,1362,2045,1883,2308,2648,2507,1495,692,315,38,4,7199,7199,672,1083,936,1066,1186,1146,717,302,80,10,1,8098,8098,690,962,947,1242,1462,1361,778,390,235,28,3
부산광역시 수영구 수영동(2650073000),15716,15716,847,1408,2231,2335,2226,3030,2161,1127,327,20,4,7680,7680,450,774,1167,1198,1092,1350,1053,497,96,3,0,8036,8036,397,634,1064,1137,1134,1680,1108,630,231,17,4
부산광역시 수영구 망미제1동(2650074000),30217,30217,1721,3417,4494,4044,4442,6009,3481,1871,658,76,4,14751,14751,907,1815,2324,2114,2015,2781,1732,819,223,19,2,15466,15466,814,1602,2170,1930,2427,3228,1749,1052,435,57,2
부산광역시 수영구 망미제2동(2650075000),14501,14501,1393,1567,1746,2703,2174,2445,1581,696,176,18,2,7214,7214,725,835,918,1380,1107,1120,752,333,43,1,0,7287,7287,668,732,828,1323,1067,1325,829,363,133,17,2
부산광역시 수영구 광안제1동(2650076000),24116,24116,1623,2717,3563,3889,3629,4279,2647,1339,373,56,1,11692,11692,870,1437,1795,1921,1711,1920,1298,607,123,10,0,12424,12424,753,1280,1768,1968,1918,2359,1349,732,250,46,1
부산광역시 수영구 광안제2동(2650077000),16276,16276,1037,1687,2269,2693,2486,2788,1986,983,309,30,8,7755,7755,514,894,1057,1363,1187,1259,912,451,112,4,2,8521,8521,523,793,1212,1330,1299,1529,1074,532,197,26,6
부산광역시 수영구 광안제3동(2650078000),10103,10103,528,928,1490,1570,1482,1964,1295,667,166,12,1,4996,4996,279,512,768,832,726,886,644,292,57,0,0,5107,5107,249,416,722,738,756,1078,651,375,109,12,1
부산광역시 수영구 광안제4동(2650079000),14831,14831,890,1666,2060,2413,2326,2588,1652,905,295,36,0,6937,6937,468,904,1007,1121,1013,1138,800,390,89,7,0,7894,7894,422,762,1053,1292,1313,1450,852,515,206,29,0
부산광역시 수영구 민락동(2650080000),22279,22279,1692,2239,2873,3634,3540,4102,2616,1239,302,39,3,10987,10987,881,1224,1480,1862,1730,1886,1261,556,96,10,1,11292,11292,811,1015,1393,1772,1810,2216,1355,683,206,29,2
부산광역시 사상구 (2653000000),256347,256347,19201,32019,38496,39367,45707,45704,22092,10651,2769,307,34,130814,130814,9971,17391,20370,20690,23085,23160,11086,4335,686,33,7,125533,125533,9230,14628,18126,18677,22622,22544,11006,6316,2083,274,27
부산광역시 사상구 삼락동(2653058000),8482,8482,459,916,1176,1224,1648,1637,880,419,111,11,1,4546,4546,232,523,655,680,928,891,448,163,25,1,0,3936,3936,227,393,521,544,720,746,432,256,86,10,1
부산광역시 사상구 모라제1동(2653059100),33911,33911,2226,4125,5420,4896,5906,6581,2970,1389,353,37,8,17186,17186,1174,2254,2833,2524,2916,3242,1547,601,91,4,0,16725,16725,1052,1871,2587,2372,2990,3339,1423,788,262,33,8
부산광역시 사상구 모라제3동(2653059300),15450,15450,851,1719,2036,2277,2331,2753,1882,1225,346,29,1,7429,7429,427,925,1112,1326,1166,1259,744,391,76,2,1,8021,8021,424,794,924,951,1165,1494,1138,834,270,27,0
부산광역시 사상구 덕포제1동(2653060000),12326,12326,773,1480,1854,1712,2334,2172,1243,594,147,13,4,6349,6349,399,798,999,932,1227,1112,602,239,38,1,2,5977,5977,374,682,855,780,1107,1060,641,355,109,12,2
부산광역시 사상구 덕포제2동(2653061000),16404,16404,1192,2197,2623,2281,3047,3026,1328,530,165,15,0,8358,8358,618,1171,1368,1190,1520,1520,704,230,35,2,0,8046,8046,574,1026,1255,1091,1527,1506,624,300,130,13,0
부산광역시 사상구 괘법동(2653062000),21860,21860,1229,2468,3396,3073,4140,4315,2096,902,206,30,5,11398,11398,628,1319,1836,1635,2154,2292,1096,384,51,3,0,10462,10462,601,1149,1560,1438,1986,2023,1000,518,155,27,5
부산광역시 사상구 감전동(2653064500),15949,15949,902,1791,2232,2313,3029,3059,1693,737,166,21,6,8544,8544,484,969,1261,1303,1694,1615,828,337,46,4,3,7405,7405,418,822,971,1010,1335,1444,865,400,120,17,3
부산광역시 사상구 주례제1동(2653065000),18182,18182,1303,2438,2747,2559,3367,3337,1492,711,196,30,2,9278,9278,681,1306,1412,1334,1700,1730,793,280,40,1,1,8904,8904,622,1132,1335,1225,1667,1607,699,431,156,29,1
부산광역시 사상구 주례제2동(2653066000),27321,27321,2290,3441,4392,4584,4647,4396,2155,1121,259,34,2,13897,13897,1195,1891,2249,2414,2242,2255,1092,485,69,5,0,13424,13424,1095,1550,2143,2170,2405,2141,1063,636,190,29,2
부산광역시 사상구 주례제3동(2653066100),16606,16606,1281,2104,2617,2558,2770,2977,1404,704,169,21,1,8374,8374,666,1157,1403,1305,1302,1469,718,294,55,5,0,8232,8232,615,947,1214,1253,1468,1508,686,410,114,16,1
부산광역시 사상구 학장동(2653067000),35389,35389,3038,4495,5277,5689,6034,6258,2793,1365,399,38,3,17915,17915,1599,2419,2788,2901,3025,3123,1395,555,108,2,0,17474,17474,1439,2076,2489,2788,3009,3135,1398,810,291,36,3
부산광역시 사상구 엄궁동(2653068000),34467,34467,3657,4845,4726,6201,6454,5193,2156,954,252,28,1,17540,17540,1868,2659,2454,3146,3211,2652,1119,376,52,3,0,16927,16927,1789,2186,2272,3055,3243,2541,1037,578,200,25,1
부산광역시 기장군 (2671000000),105773,105773,10877,12584,11852,18270,17230,15868,10204,6566,2035,264,23,52706,52706,5602,6704,6181,9266,9021,7876,4860,2633,507,52,4,53067,53067,5275,5880,5671,9004,8209,7992,5344,3933,1528,212,19
부산광역시 기장군 기장읍(2671025000),53456,53456,5054,7037,5906,8642,9444,7985,5065,3225,948,137,13,26162,26162,2647,3740,3007,4245,4740,3911,2310,1312,225,24,1,27294,27294,2407,3297,2899,4397,4704,4074,2755,1913,723,113,12
부산광역시 기장군 장안읍(2671025300),10514,10514,636,1112,1387,1312,1589,2086,1122,904,321,40,5,5509,5509,321,612,825,758,889,1091,580,337,82,11,3,5005,5005,315,500,562,554,700,995,542,567,239,29,2
부산광역시 기장군 일광면(2671031000),8764,8764,399,827,1112,1007,1287,1655,1324,853,272,26,2,4444,4444,202,466,608,590,700,853,622,338,59,6,0,4320,4320,197,361,504,417,587,802,702,515,213,20,2
부산광역시 기장군 정관면(2671032000),25913,25913,4384,2879,2654,6399,3857,2777,1679,955,293,35,1,12881,12881,2221,1476,1307,3153,2090,1344,826,379,82,3,0,13032,13032,2163,1403,1347,3246,1767,1433,853,576,211,32,1
부산광역시 기장군 철마면(2671033000),7126,7126,404,729,793,910,1053,1365,1014,629,201,26,2,3710,3710,211,410,434,520,602,677,522,267,59,8,0,3416,3416,193,319,359,390,451,688,492,362,142,18,2
대구광역시  (2700000000),2509833,2509833,218197,356751,335283,390127,454719,380751,207787,125564,36231,4060,363,1253156,1253156,114116,192932,179846,193643,225320,187159,97724,51025,10485,827,79,1256677,1256677,104081,163819,155437,196484,229399,193592,110063,74539,25746,3233,284
대구광역시 중구 (2711000000),77095,77095,4986,7179,10645,11814,11641,12879,9632,6062,1924,288,45,37880,37880,2597,3819,5524,6211,6084,6145,4343,2531,562,53,11,39215,39215,2389,3360,5121,5603,5557,6734,5289,3531,1362,235,34
대구광역시 중구 동인동(2711051700),10842,10842,649,956,1576,1652,1645,1796,1357,882,287,41,1,5443,5443,336,526,814,889,906,884,626,375,80,7,0,5399,5399,313,430,762,763,739,912,731,507,207,34,1
대구광역시 중구 삼덕동(2711054500),4621,4621,228,412,980,780,650,659,508,293,90,19,2,2227,2227,131,215,435,411,338,307,228,130,27,5,0,2394,2394,97,197,545,369,312,352,280,163,63,14,2
대구광역시 중구 성내1동(2711056500),4591,4591,265,365,664,717,680,784,612,359,128,13,4,2317,2317,143,189,365,393,375,395,272,147,31,5,2,2274,2274,122,176,299,324,305,389,340,212,97,8,2
대구광역시 중구 성내2동(2711057500),5470,5470,250,463,781,707,803,1031,817,436,150,24,8,2782,2782,117,260,414,389,446,513,386,205,42,8,2,2688,2688,133,203,367,318,357,518,431,231,108,16,6
대구광역시 중구 성내3동(2711058500),4220,4220,161,354,569,557,619,794,636,417,99,11,3,2091,2091,83,194,290,306,329,403,283,172,30,0,1,2129,2129,78,160,279,251,290,391,353,245,69,11,2
대구광역시 중구 대신동(2711059500),5382,5382,307,506,740,703,819,1017,693,428,146,18,5,2688,2688,164,282,400,399,418,499,301,175,47,1,2,2694,2694,143,224,340,304,401,518,392,253,99,17,3
대구광역시 중구 남산1동(2711064000),4328,4328,176,368,556,567,681,803,638,421,106,12,0,2186,2186,98,203,291,332,366,387,297,174,35,3,0,2142,2142,78,165,265,235,315,416,341,247,71,9,0
대구광역시 중구 남산2동(2711065000),5066,5066,284,466,630,701,766,902,684,440,154,29,10,2464,2464,139,231,342,382,402,445,309,170,38,3,3,2602,2602,145,235,288,319,364,457,375,270,116,26,7
대구광역시 중구 남산3동(2711066000),5539,5539,293,490,758,800,925,1015,658,420,145,34,1,2575,2575,162,250,402,376,447,449,282,171,31,5,0,2964,2964,131,240,356,424,478,566,376,249,114,29,1
대구광역시 중구 남산4동(2711067000),14845,14845,1438,1598,1874,2685,2231,2234,1559,907,276,40,3,7217,7217,734,845,997,1357,1113,1011,717,353,81,8,1,7628,7628,704,753,877,1328,1118,1223,842,554,195,32,2
대구광역시 중구 대봉1동(2711068000),7822,7822,638,776,1013,1255,1154,1150,872,697,230,32,5,3776,3776,346,411,522,617,590,531,368,307,77,7,0,4046,4046,292,365,491,638,564,619,504,390,153,25,5
대구광역시 중구 대봉2동(2711069000),4369,4369,297,425,504,690,668,694,598,362,113,15,3,2114,2114,144,213,252,360,354,321,274,152,43,1,0,2255,2255,153,212,252,330,314,373,324,210,70,14,3
대구광역시 동구 (2714000000),341616,341616,29379,39034,44991,56001,54833,55287,34766,20939,5700,628,58,171154,171154,15320,21282,24302,29147,27790,26354,16280,8853,1681,133,12,170462,170462,14059,17752,20689,26854,27043,28933,18486,12086,4019,495,46
대구광역시 동구 신암1동(2714051000),14116,14116,856,1421,1890,1996,2227,2493,1740,1184,267,41,1,7093,7093,468,770,1040,1122,1186,1132,787,502,81,5,0,7023,7023,388,651,850,874,1041,1361,953,682,186,36,1
대구광역시 동구 신암2동(2714052000),11108,11108,1114,1142,1380,2171,1675,1612,1108,687,187,26,6,5424,5424,560,635,702,1126,855,733,479,280,49,4,1,5684,5684,554,507,678,1045,820,879,629,407,138,22,5
대구광역시 동구 신암3동(2714053000),10381,10381,718,896,1389,1575,1551,1867,1295,861,206,21,2,5202,5202,378,472,775,854,831,863,600,354,70,5,0,5179,5179,340,424,614,721,720,1004,695,507,136,16,2
대구광역시 동구 신암4동(2714054000),19739,19739,1179,1909,2982,3145,3156,3614,2226,1154,330,39,5,10015,10015,632,1048,1582,1759,1612,1706,1046,511,107,11,1,9724,9724,547,861,1400,1386,1544,1908,1180,643,223,28,4
대구광역시 동구 신암5동(2714054100),9326,9326,567,1132,1344,1287,1511,1645,1028,645,148,19,0,4637,4637,300,648,741,656,713,800,442,288,44,5,0,4689,4689,267,484,603,631,798,845,586,357,104,14,0
대구광역시 동구 신천1.2동(2714055500),15079,15079,1337,1466,2009,2843,2184,2376,1528,1024,280,27,5,7495,7495,678,864,1049,1514,1093,1094,690,421,85,5,2,7584,7584,659,602,960,1329,1091,1282,838,603,195,22,3
대구광역시 동구 신천3동(2714057000),13553,13553,1231,1438,1827,2312,2182,2137,1326,825,240,34,1,6919,6919,650,861,999,1186,1125,1048,600,355,84,10,1,6634,6634,581,577,828,1126,1057,1089,726,470,156,24,0
대구광역시 동구 신천4동(2714058000),10017,10017,602,948,1383,1576,1593,1820,1225,680,172,18,0,5080,5080,309,531,754,848,834,848,600,305,48,3,0,4937,4937,293,417,629,728,759,972,625,375,124,15,0
대구광역시 동구 효목1동(2714059000),17188,17188,1065,1970,2283,2369,2771,3110,2074,1215,295,31,5,8657,8657,566,1059,1276,1257,1398,1454,996,549,93,8,1,8531,8531,499,911,1007,1112,1373,1656,1078,666,202,23,4
대구광역시 동구 효목2동(2714060000),18042,18042,1487,1853,2481,2997,2728,3095,1957,1070,325,43,6,8932,8932,767,969,1375,1525,1361,1410,939,471,96,17,2,9110,9110,720,884,1106,1472,1367,1685,1018,599,229,26,4
대구광역시 동구 도평동(2714061500),5851,5851,593,657,861,959,885,838,572,366,111,9,0,3028,3028,318,365,499,515,472,421,254,157,27,0,0,2823,2823,275,292,362,444,413,417,318,209,84,9,0
대구광역시 동구 불로.봉무동(2714062000),14318,14318,903,1878,1866,1922,2496,2528,1480,946,274,24,1,7201,7201,470,1027,1048,1033,1235,1243,700,374,68,3,0,7117,7117,433,851,818,889,1261,1285,780,572,206,21,1
대구광역시 동구 지저동(2714064000),12114,12114,716,1542,1661,1598,2176,2176,1303,742,187,9,4,6197,6197,358,857,939,872,1128,1027,630,321,64,1,0,5917,5917,358,685,722,726,1048,1149,673,421,123,8,4
대구광역시 동구 동촌동(2714065500),14584,14584,899,1695,2078,1998,2396,2585,1668,1003,244,15,3,7413,7413,472,881,1161,1102,1205,1293,789,432,72,6,0,7171,7171,427,814,917,896,1191,1292,879,571,172,9,3
대구광역시 동구 방촌동(2714067000),21852,21852,1892,2789,2927,3296,3710,3580,2064,1193,365,32,4,10859,10859,1003,1525,1563,1643,1818,1704,972,516,110,5,0,10993,10993,889,1264,1364,1653,1892,1876,1092,677,255,27,4
대구광역시 동구 해안동(2714068500),18726,18726,1375,2245,2533,2831,3137,3142,1992,1169,268,32,2,9451,9451,716,1217,1354,1512,1613,1531,948,475,75,9,1,9275,9275,659,1028,1179,1319,1524,1611,1044,694,193,23,1
대구광역시 동구 안심1동(2714072000),39229,39229,3863,4660,5436,6766,6247,6243,3259,2071,606,76,2,19358,19358,1989,2488,2944,3506,2982,3008,1511,752,166,11,1,19871,19871,1874,2172,2492,3260,3265,3235,1748,1319,440,65,1
대구광역시 동구 안심2동(2714073000),11025,11025,750,1218,1510,1698,1762,1935,1298,660,177,14,3,5658,5658,409,675,835,924,892,917,633,312,57,3,1,5367,5367,341,543,675,774,870,1018,665,348,120,11,2
대구광역시 동구 안심3.4동(2714074500),48613,48613,6913,6128,5528,10360,7662,5935,3525,1950,539,68,5,24154,24154,3576,3259,2771,5047,4021,2837,1655,822,153,12,1,24459,24459,3337,2869,2757,5313,3641,3098,1870,1128,386,56,4
대구광역시 동구 공산동(2714076000),16755,16755,1319,2047,1623,2302,2784,2556,2098,1494,479,50,3,8381,8381,701,1131,895,1146,1416,1285,1009,656,132,10,0,8374,8374,618,916,728,1156,1368,1271,1089,838,347,40,3
대구광역시 서구 (2717000000),223681,223681,13694,26725,32346,32812,39638,39577,22997,12373,3105,349,65,113709,113709,7096,14516,17845,17777,20376,19084,11052,5080,796,69,18,109972,109972,6598,12209,14501,15035,19262,20493,11945,7293,2309,280,47
대구광역시 서구 내당1동(2717051000),12454,12454,723,1405,2039,1854,2044,2237,1256,692,180,18,6,6120,6120,402,750,1045,927,998,1048,615,283,47,4,1,6334,6334,321,655,994,927,1046,1189,641,409,133,14,5
대구광역시 서구 내당2.3동(2717052500),13072,13072,672,1479,1821,1865,2223,2287,1553,918,225,24,5,6548,6548,361,787,1029,1052,1143,1055,696,356,61,7,1,6524,6524,311,692,792,813,1080,1232,857,562,164,17,4
대구광역시 서구 내당4동(2717054000),20056,20056,1341,2528,3256,2976,3375,3512,1820,947,271,28,2,9915,9915,683,1418,1733,1512,1549,1634,913,386,81,5,1,10141,10141,658,1110,1523,1464,1826,1878,907,561,190,23,1
대구광역시 서구 비산1동(2717055000),13493,13493,835,1763,1815,1916,2602,2195,1378,779,185,18,7,6993,6993,443,978,1018,1078,1378,1086,623,332,50,4,3,6500,6500,392,785,797,838,1224,1109,755,447,135,14,4
대구광역시 서구 비산2.3동(2717056500),13373,13373,710,1430,1706,1820,2300,2299,1714,1082,269,31,12,6794,6794,346,776,963,1045,1255,1143,778,409,77,2,0,6579,6579,364,654,743,775,1045,1156,936,673,192,29,12
대구광역시 서구 비산4동(2717058000),12706,12706,852,1449,1869,2004,2128,2215,1283,712,169,15,10,6340,6340,462,746,1023,1068,1069,1036,609,293,29,2,3,6366,6366,390,703,846,936,1059,1179,674,419,140,13,7
대구광역시 서구 비산5동(2717059000),8429,8429,472,1014,1060,1128,1546,1468,1004,590,134,13,0,4316,4316,244,559,596,618,846,708,470,230,42,3,0,4113,4113,228,455,464,510,700,760,534,360,92,10,0
대구광역시 서구 비산6동(2717060000),10072,10072,608,1134,1459,1465,1713,1853,1090,587,138,23,2,5088,5088,323,624,811,789,902,845,515,240,35,4,0,4984,4984,285,510,648,676,811,1008,575,347,103,19,2
대구광역시 서구 비산7동(2717061000),14564,14564,787,1691,1906,2101,2851,2606,1649,778,176,18,1,7682,7682,393,932,1069,1207,1598,1313,796,328,41,4,1,6882,6882,394,759,837,894,1253,1293,853,450,135,14,0
대구광역시 서구 평리1동(2717062000),10024,10024,497,1301,1392,1362,1852,1740,1071,652,140,16,1,5120,5120,241,715,797,765,953,850,492,267,36,3,1,4904,4904,256,586,595,597,899,890,579,385,104,13,0
대구광역시 서구 평리2동(2717063000),8825,8825,751,973,1247,1591,1482,1463,779,417,111,11,0,4399,4399,384,519,662,839,757,684,360,160,28,6,0,4426,4426,367,454,585,752,725,779,419,257,83,5,0
대구광역시 서구 평리3동(2717064000),15166,15166,736,1954,2276,2017,2906,2758,1515,795,181,25,3,7786,7786,402,1048,1287,1117,1442,1372,730,345,40,2,1,7380,7380,334,906,989,900,1464,1386,785,450,141,23,2
대구광역시 서구 평리4동(2717065000),17335,17335,1129,1903,2719,2736,2965,3147,1673,813,223,24,3,8756,8756,579,1040,1492,1487,1456,1467,843,340,48,4,0,8579,8579,550,863,1227,1249,1509,1680,830,473,175,20,3
대구광역시 서구 평리5동(2717066000),8559,8559,521,1066,1246,1193,1608,1508,882,421,93,19,2,4446,4446,277,588,698,654,840,752,435,178,22,1,1,4113,4113,244,478,548,539,768,756,447,243,71,18,1
대구광역시 서구 평리6동(2717066100),10131,10131,595,1379,1426,1378,1962,1786,1006,475,111,12,1,5334,5334,307,750,800,788,1080,895,487,199,26,2,0,4797,4797,288,629,626,590,882,891,519,276,85,10,1
대구광역시 서구 상중이동(2717067500),23976,23976,1877,2975,3603,3741,4090,4412,2010,920,299,40,9,12211,12211,943,1609,1999,1914,2051,2159,1053,384,83,12,4,11765,11765,934,1366,1604,1827,2039,2253,957,536,216,28,5
대구광역시 서구 원대동(2717069500),11446,11446,588,1281,1506,1665,1991,2091,1314,795,200,14,1,5861,5861,306,677,823,917,1059,1037,637,350,50,4,1,5585,5585,282,604,683,748,932,1054,677,445,150,10,0
대구광역시 남구 (2720000000),169765,169765,10687,17843,24800,26650,26419,28581,18847,12115,3407,379,37,83017,83017,5571,9554,12881,13722,13182,13319,8533,5082,1077,89,7,86748,86748,5116,8289,11919,12928,13237,15262,10314,7033,2330,290,30
대구광역시 남구 이천동(2720051500),15877,15877,1536,1631,1680,2863,2513,2233,1689,1283,400,43,6,7727,7727,803,867,898,1438,1319,1028,724,522,123,5,0,8150,8150,733,764,782,1425,1194,1205,965,761,277,38,6
대구광역시 남구 봉덕1동(2720053000),9428,9428,584,800,1378,1691,1442,1543,1039,732,198,18,3,4501,4501,296,423,666,819,756,705,466,311,54,5,0,4927,4927,288,377,712,872,686,838,573,421,144,13,3
대구광역시 남구 봉덕2동(2720054000),12802,12802,791,1570,1576,1649,2034,2222,1572,1029,321,33,5,6257,6257,408,812,869,809,1007,1053,750,429,112,6,2,6545,6545,383,758,707,840,1027,1169,822,600,209,27,3
대구광역시 남구 봉덕3동(2720055000),19312,19312,1240,2403,2631,2947,3132,3211,1952,1373,364,53,6,9277,9277,617,1271,1338,1435,1509,1523,843,601,127,12,1,10035,10035,623,1132,1293,1512,1623,1688,1109,772,237,41,5
대구광역시 남구 대명1동(2720056000),12450,12450,801,1348,2014,2002,1887,2099,1307,750,222,19,1,6036,6036,422,715,1027,1025,896,956,607,307,72,9,0,6414,6414,379,633,987,977,991,1143,700,443,150,10,1
대구광역시 남구 대명2동(2720057100),13995,13995,765,1362,2418,2301,2084,2213,1577,993,256,24,2,6789,6789,387,727,1192,1223,1028,1041,687,409,86,7,2,7206,7206,378,635,1226,1078,1056,1172,890,584,170,17,0
대구광역시 남구 대명3동(2720058600),15483,15483,785,1520,2342,2384,2409,2705,1896,1113,288,37,4,7824,7824,442,794,1276,1339,1287,1297,835,469,73,11,1,7659,7659,343,726,1066,1045,1122,1408,1061,644,215,26,3
대구광역시 남구 대명4동(2720059000),13298,13298,733,1453,1912,1866,2213,2516,1479,885,207,30,4,6655,6655,377,793,1044,1026,1100,1206,696,344,59,10,0,6643,6643,356,660,868,840,1113,1310,783,541,148,20,4
대구광역시 남구 대명5동(2720060000),9456,9456,521,882,1605,1476,1404,1603,1037,705,206,14,3,4645,4645,277,491,815,779,701,760,460,288,70,3,1,4811,4811,244,391,790,697,703,843,577,417,136,11,2
대구광역시 남구 대명6동(2720061000),10452,10452,706,1066,1601,1696,1532,1743,1172,699,209,27,1,5101,5101,368,590,777,867,789,786,539,324,53,8,0,5351,5351,338,476,824,829,743,957,633,375,156,19,1
대구광역시 남구 대명9동(2720064000),16388,16388,1009,1659,2536,2715,2547,2660,1742,1141,340,38,1,7913,7913,530,921,1280,1355,1186,1231,795,494,116,5,0,8475,8475,479,738,1256,1360,1361,1429,947,647,224,33,1
대구광역시 남구 대명10동(2720065000),10525,10525,686,1075,1610,1645,1567,1875,1141,697,208,21,0,5149,5149,353,578,836,845,789,839,538,289,80,2,0,5376,5376,333,497,774,800,778,1036,603,408,128,19,0
대구광역시 남구 대명11동(2720066000),10299,10299,530,1074,1497,1415,1655,1958,1244,715,188,22,1,5143,5143,291,572,863,762,815,894,593,295,52,6,0,5156,5156,239,502,634,653,840,1064,651,420,136,16,1
대구광역시 북구 (2723000000),450852,450852,46220,66579,57869,75922,83561,62267,33030,19577,5174,607,46,226395,226395,24236,35716,30810,36973,42316,31390,15387,8020,1425,113,9,224457,224457,21984,30863,27059,38949,41245,30877,17643,11557,3749,494,37
대구광역시 북구 고성동(2723051000),7355,7355,408,756,932,1014,1169,1323,948,610,171,23,1,3732,3732,225,415,491,574,633,652,445,234,54,9,0,3623,3623,183,341,441,440,536,671,503,376,117,14,1
대구광역시 북구 칠성동(2723052600),17583,17583,1500,2062,2205,2723,2859,2839,1823,1177,344,46,5,8703,8703,772,1060,1151,1368,1445,1440,851,501,107,7,1,8880,8880,728,1002,1054,1355,1414,1399,972,676,237,39,4
대구광역시 북구 침산1동(2723055000),6157,6157,320,721,857,803,1164,1207,632,346,100,5,2,3300,3300,189,363,511,457,635,661,317,138,27,0,2,2857,2857,131,358,346,346,529,546,315,208,73,5,0
대구광역시 북구 침산2동(2723056000),17197,17197,2139,2367,1963,3195,2953,2330,1315,717,191,26,1,8518,8518,1156,1239,1022,1469,1548,1107,604,309,58,6,0,8679,8679,983,1128,941,1726,1405,1223,711,408,133,20,1
대구광역시 북구 침산3동(2723057000),21191,21191,2184,3234,2554,3504,3888,2918,1697,948,230,31,3,10434,10434,1098,1706,1323,1663,1943,1452,805,373,63,8,0,10757,10757,1086,1528,1231,1841,1945,1466,892,575,167,23,3
대구광역시 북구 산격1동(2723061000),13152,13152,590,1538,1656,1749,2179,2439,1722,1012,238,27,2,6561,6561,298,839,970,1000,1090,1184,715,404,49,11,1,6591,6591,292,699,686,749,1089,1255,1007,608,189,16,1
대구광역시 북구 산격2동(2723062000),13743,13743,1123,2188,1972,1927,2581,2158,1065,549,160,20,0,6934,6934,606,1228,1069,932,1211,1087,529,226,44,2,0,6809,6809,517,960,903,995,1370,1071,536,323,116,18,0
대구광역시 북구 산격3동(2723063000),10172,10172,489,1223,1837,1496,1551,1692,1091,638,138,14,3,5165,5165,251,669,998,848,766,801,513,274,45,0,0,5007,5007,238,554,839,648,785,891,578,364,93,14,3
대구광역시 북구 산격4동(2723063100),10962,10962,588,1296,1639,1569,1848,1934,1222,690,153,22,1,5616,5616,336,733,887,837,964,923,597,302,35,2,0,5346,5346,252,563,752,732,884,1011,625,388,118,20,1
대구광역시 북구 대현동(2723064500),18821,18821,1438,1848,2651,3248,2807,3010,2080,1319,359,54,7,9445,9445,748,982,1476,1754,1449,1427,950,549,98,11,1,9376,9376,690,866,1175,1494,1358,1583,1130,770,261,43,6
대구광역시 북구 복현1동(2723067100),7922,7922,358,877,1624,1136,1281,1318,751,442,117,17,1,4061,4061,201,489,878,666,604,644,352,191,32,4,0,3861,3861,157,388,746,470,677,674,399,251,85,13,1
대구광역시 북구 복현2동(2723067200),27953,27953,2123,4437,4308,3818,5341,4597,1872,1078,340,35,4,13961,13961,1124,2431,2307,1841,2479,2325,919,442,87,4,2,13992,13992,999,2006,2001,1977,2862,2272,953,636,253,31,2
대구광역시 북구 검단동(2723068000),9145,9145,675,1091,1388,1424,1535,1561,860,486,109,15,1,4732,4732,344,604,780,763,787,788,417,205,40,4,0,4413,4413,331,487,608,661,748,773,443,281,69,11,1
대구광역시 북구 무태조야동(2723069500),32244,32244,4760,4142,3297,7161,5780,3681,2110,969,310,34,0,16425,16425,2427,2173,1765,3535,3207,1817,1000,433,62,6,0,15819,15819,2333,1969,1532,3626,2573,1864,1110,536,248,28,0
대구광역시 북구 관문동(2723071500),18401,18401,2009,2500,2194,3261,3417,2571,1497,741,189,18,4,9303,9303,1030,1375,1180,1581,1785,1306,697,307,38,3,1,9098,9098,979,1125,1014,1680,1632,1265,800,434,151,15,3
대구광역시 북구 태전1동(2723072500),24197,24197,2168,3417,3820,3805,4163,3710,1702,1046,318,48,0,12261,12261,1146,1886,2095,1892,2014,1869,817,455,81,6,0,11936,11936,1022,1531,1725,1913,2149,1841,885,591,237,42,0
대구광역시 북구 태전2동(2723073500),26545,26545,2723,3858,3830,4421,4778,3849,1800,1001,257,27,1,13205,13205,1453,2021,2000,2190,2315,1896,850,412,65,3,0,13340,13340,1270,1837,1830,2231,2463,1953,950,589,192,24,1
대구광역시 북구 구암동(2723074500),43098,43098,5343,8570,4698,7248,9594,4368,1731,1213,301,31,1,21495,21495,2874,4571,2400,3187,4813,2351,757,454,85,3,0,21603,21603,2469,3999,2298,4061,4781,2017,974,759,216,28,1
대구광역시 북구 관음동(2723075000),22166,22166,2222,3633,2962,3444,4318,3158,1328,851,225,23,2,11119,11119,1151,1915,1597,1659,2148,1606,632,348,58,5,0,11047,11047,1071,1718,1365,1785,2170,1552,696,503,167,18,2
대구광역시 북구 읍내동(2723077000),29739,29739,2885,4728,4191,4489,5694,4287,1810,1258,361,36,0,14841,14841,1510,2591,2220,2113,2740,2220,856,477,107,7,0,14898,14898,1375,2137,1971,2376,2954,2067,954,781,254,29,0
대구광역시 북구 동천동(2723078000),33075,33075,5348,6231,2881,6887,7095,2435,1109,876,192,20,1,16190,16190,2776,3246,1403,2924,3681,1335,426,328,65,6,0,16885,16885,2572,2985,1478,3963,3414,1100,683,548,127,14,1
대구광역시 북구 노원동(2723079000),13145,13145,576,1341,1907,1752,2266,2690,1631,785,175,16,6,7006,7006,309,794,1073,1004,1241,1356,808,360,57,3,1,6139,6139,267,547,834,748,1025,1334,823,425,118,13,5
대구광역시 북구 국우동(2723080000),26889,26889,4251,4521,2503,5848,5300,2192,1234,825,196,19,0,13388,13388,2212,2386,1214,2716,2818,1143,530,298,68,3,0,13501,13501,2039,2135,1289,3132,2482,1049,704,527,128,16,0
대구광역시 수성구 (2726000000),461473,461473,38605,80185,57733,61853,90642,67218,34704,22400,7261,818,54,226831,226831,20306,43912,31078,28175,42750,32987,16239,8975,2215,182,12,234642,234642,18299,36273,26655,33678,47892,34231,18465,13425,5046,636,42
대구광역시 수성구 범어1동(2726051000),19156,19156,1727,3328,2249,2507,3843,2593,1535,1041,298,32,3,9324,9324,889,1791,1198,1078,1826,1299,693,446,96,8,0,9832,9832,838,1537,1051,1429,2017,1294,842,595,202,24,3
대구광역시 수성구 범어2동(2726052000),12917,12917,830,1993,1836,1567,2386,2180,1156,736,206,26,1,6494,6494,445,1133,970,743,1127,1082,567,351,68,8,0,6423,6423,385,860,866,824,1259,1098,589,385,138,18,1
대구광역시 수성구 범어3동(2726053000),11250,11250,1362,1656,1281,1957,2087,1389,798,523,172,21,4,5451,5451,659,868,671,875,1064,687,350,205,67,4,1,5799,5799,703,788,610,1082,1023,702,448,318,105,17,3
대구광역시 수성구 범어4동(2726054000),20040,20040,1309,5086,2125,1855,4876,2565,1196,784,219,23,2,9915,9915,708,2871,1150,742,2243,1269,556,311,60,4,1,10125,10125,601,2215,975,1113,2633,1296,640,473,159,19,1
대구광역시 수성구 만촌1동(2726055000),25811,25811,2511,4139,3006,3621,4939,3622,2217,1326,385,42,3,12848,12848,1312,2223,1655,1671,2440,1777,1048,577,131,13,1,12963,12963,1199,1916,1351,1950,2499,1845,1169,749,254,29,2
대구광역시 수성구 만촌2동(2726056000),13872,13872,905,2316,1953,1771,2583,2168,1176,750,217,31,2,6979,6979,481,1360,1079,877,1195,1036,575,313,56,6,1,6893,6893,424,956,874,894,1388,1132,601,437,161,25,1
대구광역시 수성구 만촌3동(2726056100),22739,22739,1303,5543,2632,2131,5376,3127,1412,897,285,33,0,11738,11738,696,3471,1464,915,2481,1602,662,362,78,7,0,11001,11001,607,2072,1168,1216,2895,1525,750,535,207,26,0
대구광역시 수성구 수성1가동(2726057000),18684,18684,1591,2777,2165,2773,3231,2705,1828,1195,379,35,5,8928,8928,836,1392,1162,1284,1568,1244,814,490,129,7,2,9756,9756,755,1385,1003,1489,1663,1461,1014,705,250,28,3
대구광역시 수성구 수성2.3가동(2726058000),12838,12838,1391,1914,1436,2017,2335,1790,1094,624,214,19,4,6323,6323,766,967,768,915,1203,835,522,271,71,4,1,6515,6515,625,947,668,1102,1132,955,572,353,143,15,3
대구광역시 수성구 수성4가동(2726059000),17914,17914,1634,2617,2378,2577,3249,2750,1421,916,330,37,5,8657,8657,854,1327,1251,1193,1539,1334,638,386,122,12,1,9257,9257,780,1290,1127,1384,1710,1416,783,530,208,25,4
대구광역시 수성구 황금1동(2726060100),26205,26205,2357,5818,2825,2856,5917,3579,1491,951,368,42,1,12795,12795,1268,3153,1543,1215,2715,1764,681,334,109,13,0,13410,13410,1089,2665,1282,1641,3202,1815,810,617,259,29,1
대구광역시 수성구 황금2동(2726060200),13146,13146,892,1818,1866,2017,2300,2008,1291,711,214,28,1,6463,6463,451,947,1000,977,1135,939,622,316,72,4,0,6683,6683,441,871,866,1040,1165,1069,669,395,142,24,1
대구광역시 수성구 중동(2726061000),13893,13893,836,1552,1876,2258,2350,2280,1485,960,267,28,1,6859,6859,455,827,961,1160,1154,1087,692,416,101,6,0,7034,7034,381,725,915,1098,1196,1193,793,544,166,22,1
대구광역시 수성구 상동(2726062000),16689,16689,1351,1974,2270,2633,2794,2560,1713,984,358,49,3,8105,8105,694,1063,1215,1223,1394,1189,830,404,85,8,0,8584,8584,657,911,1055,1410,1400,1371,883,580,273,41,3
대구광역시 수성구 파동(2726063000),13974,13974,1016,1559,1795,1951,2128,2452,1704,998,331,36,4,7001,7001,563,879,1024,983,1051,1150,820,419,104,7,1,6973,6973,453,680,771,968,1077,1302,884,579,227,29,3
대구광역시 수성구 두산동(2726064000),12974,12974,1057,1573,1879,2326,2437,2011,960,546,160,24,1,6389,6389,551,868,969,1136,1141,958,482,230,51,3,0,6585,6585,506,705,910,1190,1296,1053,478,316,109,21,1
대구광역시 수성구 지산1동(2726065100),27053,27053,1763,4287,3713,3676,5040,4297,2276,1448,498,54,1,13182,13182,914,2425,2016,1765,2304,2008,1051,547,136,16,0,13871,13871,849,1862,1697,1911,2736,2289,1225,901,362,38,1
대구광역시 수성구 지산2동(2726065200),24049,24049,1938,4009,3259,3160,4516,3832,1652,1196,436,49,2,11609,11609,993,2105,1795,1428,2054,1845,785,456,137,10,1,12440,12440,945,1904,1464,1732,2462,1987,867,740,299,39,1
대구광역시 수성구 범물1동(2726066100),15306,15306,811,2141,2194,1839,2497,2851,1542,1055,338,36,2,7172,7172,422,1138,1175,956,1084,1293,668,340,86,10,0,8134,8134,389,1003,1019,883,1413,1558,874,715,252,26,2
대구광역시 수성구 범물2동(2726066200),19348,19348,1719,3321,2621,2661,3754,3084,1212,683,266,27,0,9577,9577,940,1825,1436,1156,1726,1543,612,256,78,5,0,9771,9771,779,1496,1185,1505,2028,1541,600,427,188,22,0
대구광역시 수성구 고산1동(2726067000),36527,36527,3531,7980,4372,4497,8069,4607,1753,1259,404,54,1,17939,17939,1879,4235,2343,1848,3742,2444,822,486,129,10,1,18588,18588,1652,3745,2029,2649,4327,2163,931,773,275,44,0
대구광역시 수성구 고산2동(2726068000),30806,30806,2961,5521,3840,4163,5984,4436,1997,1390,459,49,6,15346,15346,1540,3126,2024,1889,2848,2285,942,558,124,9,1,15460,15460,1421,2395,1816,2274,3136,2151,1055,832,335,40,5
대구광역시 수성구 고산3동(2726069000),36282,36282,3810,7263,4162,5040,7951,4332,1795,1427,457,43,2,17737,17737,1990,3918,2209,2146,3716,2317,807,501,125,8,0,18545,18545,1820,3345,1953,2894,4235,2015,988,926,332,35,2
대구광역시 달서구 (2729000000),606178,606178,55005,94694,85484,94419,115235,90054,40674,23031,6847,690,45,302769,302769,28741,50860,45874,46197,55651,44838,19557,9004,1914,124,9,303409,303409,26264,43834,39610,48222,59584,45216,21117,14027,4933,566,36
대구광역시 달서구 성당동(2729051500),26962,26962,2154,3374,3947,4309,4473,4498,2504,1322,342,36,3,13319,13319,1090,1716,1999,2245,2254,2163,1210,535,100,7,0,13643,13643,1064,1658,1948,2064,2219,2335,1294,787,242,29,3
대구광역시 달서구 두류1.2동(2729053500),18844,18844,1010,1954,2823,2846,3154,3287,2171,1274,294,29,2,9453,9453,509,1032,1495,1575,1627,1572,979,562,95,6,1,9391,9391,501,922,1328,1271,1527,1715,1192,712,199,23,1
대구광역시 달서구 두류3동(2729055000),11228,11228,769,1419,1657,1600,1828,1907,1176,686,166,19,1,5533,5533,411,783,865,836,831,925,530,298,53,1,0,5695,5695,358,636,792,764,997,982,646,388,113,18,1
대구광역시 달서구 감삼동(2729055500),27441,27441,2306,4219,4013,4226,5164,4293,1996,963,233,28,0,13652,13652,1229,2169,2104,2076,2496,2100,1002,415,56,5,0,13789,13789,1077,2050,1909,2150,2668,2193,994,548,177,23,0
대구광역시 달서구 죽전동(2729056300),17175,17175,1211,2338,2857,2471,3287,2857,1282,688,169,14,1,8656,8656,645,1287,1528,1260,1587,1410,608,283,46,2,0,8519,8519,566,1051,1329,1211,1700,1447,674,405,123,12,1
대구광역시 달서구 장기동(2729056800),19015,19015,2087,2792,2620,3355,3610,2700,1124,557,149,21,0,9450,9450,1072,1448,1360,1633,1762,1359,550,221,42,3,0,9565,9565,1015,1344,1260,1722,1848,1341,574,336,107,18,0
대구광역시 달서구 용산1동(2729057100),35844,35844,3816,6733,4486,5717,7842,4249,1793,929,252,26,1,18062,18062,2026,3598,2405,2636,3841,2202,914,376,61,3,0,17782,17782,1790,3135,2081,3081,4001,2047,879,553,191,23,1
대구광역시 달서구 용산2동(2729057200),35156,35156,3434,6656,4735,5616,7856,4287,1471,846,240,15,0,17843,17843,1839,3609,2479,2689,3788,2333,715,319,70,2,0,17313,17313,1595,3047,2256,2927,4068,1954,756,527,170,13,0
대구광역시 달서구 이곡1동(2729057600),27888,27888,2590,5521,3670,4132,6262,3575,1210,726,187,14,1,14135,14135,1338,2970,1983,1890,3049,1994,572,282,53,3,1,13753,13753,1252,2551,1687,2242,3213,1581,638,444,134,11,0
대구광역시 달서구 이곡2동(2729057700),20239,20239,1619,3175,3365,2951,3915,3382,1090,553,166,20,3,10278,10278,824,1744,1831,1468,1807,1780,551,225,43,5,0,9961,9961,795,1431,1534,1483,2108,1602,539,328,123,15,3
대구광역시 달서구 신당동(2729058500),39018,39018,3462,6149,6184,6517,7768,4948,2160,1305,476,49,0,19634,19634,1769,3219,3396,3352,3875,2490,980,449,94,10,0,19384,19384,1693,2930,2788,3165,3893,2458,1180,856,382,39,0
대구광역시 달서구 본리동(2729059000),23350,23350,2580,2981,3431,4673,3968,3376,1420,697,205,17,2,11722,11722,1313,1596,1848,2366,1929,1636,708,274,47,3,2,11628,11628,1267,1385,1583,2307,2039,1740,712,423,158,14,0
대구광역시 달서구 월성1동(2729060100),38453,38453,5880,6918,3700,7328,7738,4011,1636,900,304,32,6,19214,19214,3062,3777,1980,3119,4026,2043,749,366,84,6,2,19239,19239,2818,3141,1720,4209,3712,1968,887,534,220,26,4
대구광역시 달서구 월성2동(2729060200),21480,21480,1351,2872,2824,3110,3368,3621,2452,1414,426,42,0,10517,10517,694,1563,1573,1729,1589,1646,1091,500,126,6,0,10963,10963,657,1309,1251,1381,1779,1975,1361,914,300,36,0
대구광역시 달서구 진천동(2729061500),52652,52652,5481,7891,7194,8617,9507,7824,3458,1922,673,74,11,26385,26385,2906,4228,3860,4174,4650,3888,1685,777,202,12,3,26267,26267,2575,3663,3334,4443,4857,3936,1773,1145,471,62,8
대구광역시 달서구 상인1동(2729062400),44590,44590,4406,7900,5952,6517,8539,6524,2529,1560,581,75,7,22170,22170,2360,4460,3175,2937,3987,3220,1242,602,174,13,0,22420,22420,2046,3440,2777,3580,4552,3304,1287,958,407,62,7
대구광역시 달서구 상인2동(2729062500),25089,25089,1718,3848,4039,3353,4712,4334,1781,983,295,26,0,12562,12562,936,2091,2216,1677,2138,2155,894,374,74,7,0,12527,12527,782,1757,1823,1676,2574,2179,887,609,221,19,0
대구광역시 달서구 상인3동(2729062600),16113,16113,925,2011,2695,2023,2621,3201,1403,921,289,24,0,7803,7803,490,1050,1488,1065,1155,1489,688,303,70,5,0,8310,8310,435,961,1207,958,1466,1712,715,618,219,19,0
대구광역시 달서구 도원동(2729062800),42742,42742,3995,7636,5726,5800,8810,6298,2388,1609,429,50,1,21233,21233,2071,4074,3112,2649,4114,3268,1172,625,139,9,0,21509,21509,1924,3562,2614,3151,4696,3030,1216,984,290,41,1
대구광역시 달서구 송현1동(2729063000),23479,23479,1543,3016,3569,3592,4068,4031,2169,1132,333,25,1,11739,11739,792,1623,1942,1862,1986,1905,1062,459,105,3,0,11740,11740,751,1393,1627,1730,2082,2126,1107,673,228,22,1
대구광역시 달서구 송현2동(2729064000),23223,23223,1332,3036,3673,3064,3808,4281,2262,1345,381,38,3,11299,11299,678,1601,1987,1607,1733,1997,1056,529,101,10,0,11924,11924,654,1435,1686,1457,2075,2284,1206,816,280,28,3
대구광역시 달서구 본동(2729065000),16197,16197,1336,2255,2324,2602,2937,2570,1199,699,257,16,2,8110,8110,687,1222,1248,1352,1427,1263,599,230,79,3,0,8087,8087,649,1033,1076,1250,1510,1307,600,469,178,13,2
대구광역시 달성군 (2771000000),179173,179173,19621,24512,21415,30656,32750,24888,13137,9067,2813,301,13,91401,91401,10249,13273,11532,15441,17171,13042,6333,3480,815,64,1,87772,87772,9372,11239,9883,15215,15579,11846,6804,5587,1998,237,12
대구광역시 달성군 화원읍(2771025000),56662,56662,6118,8312,7147,9099,11054,8300,3765,2153,653,57,4,28704,28704,3220,4455,3802,4412,5547,4355,1831,873,194,14,1,27958,27958,2898,3857,3345,4687,5507,3945,1934,1280,459,43,3
대구광역시 달성군 논공읍(2771025300),3711,3711,109,330,422,387,591,760,538,447,121,6,0,2004,2004,53,186,253,253,348,435,266,177,32,1,0,1707,1707,56,144,169,134,243,325,272,270,89,5,0
대구광역시 달성군 논공읍공단출장소(2771025400),19623,19623,2519,3724,1962,3792,4190,1879,782,558,185,30,2,10214,10214,1317,2029,1058,1868,2283,1043,367,196,48,5,0,9409,9409,1202,1695,904,1924,1907,836,415,362,137,25,2
대구광역시 달성군 다사읍(2771025600),37962,37962,5619,4794,4755,8401,6215,4596,2093,1112,343,34,0,18952,18952,2894,2570,2433,4133,3113,2259,1020,436,89,5,0,19010,19010,2725,2224,2322,4268,3102,2337,1073,676,254,29,0
대구광역시 달성군 다사읍서재출장소(2771025700),17976,17976,2544,2781,1968,3782,3440,1929,922,465,135,10,0,9198,9198,1356,1523,1063,1829,1771,1013,446,159,37,1,0,8778,8778,1188,1258,905,1953,1669,916,476,306,98,9,0
대구광역시 달성군 가창면(2771031000),8608,8608,478,793,991,1019,1255,1604,1133,922,357,53,3,4316,4316,265,436,550,551,690,780,570,364,95,15,0,4292,4292,213,357,441,468,565,824,563,558,262,38,3
대구광역시 달성군 하빈면(2771033000),4467,4467,178,338,582,400,755,876,590,555,167,24,2,2459,2459,103,201,345,260,462,510,285,219,66,8,0,2008,2008,75,137,237,140,293,366,305,336,101,16,2
대구광역시 달성군 옥포면(2771034000),10837,10837,892,1304,1250,1491,1986,1701,1116,880,197,19,1,5684,5684,462,734,675,825,1117,933,521,354,61,2,0,5153,5153,430,570,575,666,869,768,595,526,136,17,1
대구광역시 달성군 현풍면(2771036000),10647,10647,636,1547,1346,1155,2024,1734,1055,850,269,31,0,5395,5395,311,818,767,623,1079,940,478,301,75,3,0,5252,5252,325,729,579,532,945,794,577,549,194,28,0
대구광역시 달성군 유가면(2771037000),2719,2719,74,214,320,226,402,543,407,387,135,11,0,1391,1391,38,116,197,140,245,280,197,132,42,4,0,1328,1328,36,98,123,86,157,263,210,255,93,7,0
대구광역시 달성군 구지면(2771038000),5961,5961,454,375,672,904,838,966,736,738,251,26,1,3084,3084,230,205,389,547,516,494,352,269,76,6,0,2877,2877,224,170,283,357,322,472,384,469,175,20,1
인천광역시  (2800000000),2782458,2782458,263413,386214,388168,465563,516668,407683,195887,114482,38794,5147,439,1401993,1401993,135612,201597,200299,238829,261769,209110,95697,46334,11290,1336,120,1380465,1380465,127801,184617,187869,226734,254899,198573,100190,68148,27504,3811,319
인천광역시 중구 (2811000000),93520,93520,8644,10274,11227,16682,16034,14402,8976,5147,1802,306,26,48672,48672,4511,5383,6023,9119,8994,7441,4395,2167,531,101,7,44848,44848,4133,4891,5204,7563,7040,6961,4581,2980,1271,205,19
인천광역시 중구 연안동(2811052000),8369,8369,582,824,1115,1283,1466,1567,870,474,170,15,3,4464,4464,290,449,635,734,837,831,441,195,47,5,0,3905,3905,292,375,480,549,629,736,429,279,123,10,3
인천광역시 중구 신포동(2811053000),6436,6436,403,655,752,1036,1056,1057,774,501,170,30,2,3255,3255,203,341,399,570,563,520,373,220,57,9,0,3181,3181,200,314,353,466,493,537,401,281,113,21,2
인천광역시 중구 신흥동(2811054000),15896,15896,1386,1691,2139,2763,2660,2546,1588,814,278,30,1,8121,8121,708,921,1108,1485,1433,1258,780,346,76,6,0,7775,7775,678,770,1031,1278,1227,1288,808,468,202,24,1
인천광역시 중구 도원동(2811056000),5292,5292,383,588,681,867,831,904,599,323,97,19,0,2740,2740,221,310,363,499,444,434,303,133,26,7,0,2552,2552,162,278,318,368,387,470,296,190,71,12,0
인천광역시 중구 율목동(2811057000),4941,4941,346,568,656,825,790,794,547,300,92,20,3,2537,2537,170,294,350,471,422,402,279,115,29,5,0,2404,2404,176,274,306,354,368,392,268,185,63,15,3
인천광역시 중구 동인천동(2811058500),6903,6903,347,651,946,982,1100,1301,783,547,203,39,4,3597,3597,190,332,525,574,622,672,379,230,59,12,2,3306,3306,157,319,421,408,478,629,404,317,144,27,2
인천광역시 중구 북성동(2811060000),4222,4222,215,436,527,562,681,782,551,327,113,25,3,2136,2136,113,222,295,313,373,394,244,130,41,11,0,2086,2086,102,214,232,249,308,388,307,197,72,14,3
인천광역시 중구 송월동(2811061000),6092,6092,474,692,804,907,995,1002,655,389,140,29,5,3031,3031,226,333,461,478,529,496,299,160,35,11,3,3061,3061,248,359,343,429,466,506,356,229,105,18,2
인천광역시 중구 영종동(2811062000),12168,12168,1217,1132,1465,2267,2127,1964,1107,601,240,44,4,6551,6551,638,569,804,1266,1240,1106,570,267,71,19,1,5617,5617,579,563,661,1001,887,858,537,334,169,25,3
인천광역시 중구 영종출장운서지소(2811062700),17942,17942,3034,2665,1658,4532,3417,1233,733,498,145,27,0,9396,9396,1605,1404,805,2332,2003,677,310,206,43,11,0,8546,8546,1429,1261,853,2200,1414,556,423,292,102,16,0
인천광역시 중구 용유동(2811063000),4411,4411,223,335,415,567,773,1055,617,283,122,20,1,2384,2384,131,189,233,336,437,546,345,126,37,3,1,2027,2027,92,146,182,231,336,509,272,157,85,17,0
인천광역시 중구 용유출장무의지소(2811063700),848,848,34,37,69,91,138,197,152,90,32,8,0,460,460,16,19,45,61,91,105,72,39,10,2,0,388,388,18,18,24,30,47,92,80,51,22,6,0
인천광역시 동구 (2814000000),79624,79624,7329,8589,9899,13986,12298,12475,8243,4871,1654,236,44,40208,40208,3755,4497,5146,7462,6639,6240,3873,2007,493,81,15,39416,39416,3574,4092,4753,6524,5659,6235,4370,2864,1161,155,29
인천광역시 동구 만석동(2814051000),7999,7999,835,918,934,1496,1314,1146,707,458,160,27,4,4119,4119,441,496,489,787,763,595,332,169,35,11,1,3880,3880,394,422,445,709,551,551,375,289,125,16,3
인천광역시 동구 화수1.화평동(2814052500),8147,8147,585,1004,1029,1171,1342,1312,939,546,186,27,6,4117,4117,313,531,542,618,722,667,432,232,54,6,0,4030,4030,272,473,487,553,620,645,507,314,132,21,6
인천광역시 동구 화수2동(2814053000),10113,10113,942,1123,1234,1739,1557,1563,1042,664,215,30,4,5046,5046,471,578,660,927,827,769,479,259,63,12,1,5067,5067,471,545,574,812,730,794,563,405,152,18,3
인천광역시 동구 송현1.2동(2814055500),12868,12868,1426,1409,1654,2536,1965,1918,1159,559,206,30,6,6421,6421,735,756,800,1315,1009,958,557,220,59,11,1,6447,6447,691,653,854,1221,956,960,602,339,147,19,5
인천광역시 동구 송현3동(2814057000),4967,4967,320,561,609,760,826,854,554,348,122,12,1,2512,2512,174,296,307,432,442,442,242,138,35,4,0,2455,2455,146,265,302,328,384,412,312,210,87,8,1
인천광역시 동구 송림1동(2814058000),3290,3290,181,304,396,495,426,630,455,297,89,16,1,1649,1649,86,164,216,272,227,301,227,120,32,4,0,1641,1641,95,140,180,223,199,329,228,177,57,12,1
인천광역시 동구 송림2동(2814059000),4054,4054,202,387,500,513,600,765,555,385,128,18,1,2046,2046,113,208,261,278,329,369,273,161,47,7,0,2008,2008,89,179,239,235,271,396,282,224,81,11,1
인천광역시 동구 송림3.5동(2814060500),10194,10194,980,1114,1245,1880,1587,1530,1006,609,210,27,6,5160,5160,496,571,672,1004,841,756,477,259,72,9,3,5034,5034,484,543,573,876,746,774,529,350,138,18,3
인천광역시 동구 송림4동(2814061000),5851,5851,674,618,735,1169,928,860,490,264,96,13,4,3012,3012,315,310,397,623,533,451,233,118,26,3,3,2839,2839,359,308,338,546,395,409,257,146,70,10,1
인천광역시 동구 송림6동(2814063000),7988,7988,947,772,1033,1647,1159,1161,725,397,123,21,3,4013,4013,485,391,515,873,617,567,344,179,33,8,1,3975,3975,462,381,518,774,542,594,381,218,90,13,2
인천광역시 동구 금창동(2814064000),4153,4153,237,379,530,580,594,736,611,344,119,15,8,2113,2113,126,196,287,333,329,365,277,152,37,6,5,2040,2040,111,183,243,247,265,371,334,192,82,9,3
인천광역시 남구 (2817000000),419683,419683,34778,49827,61416,71615,70290,65628,37822,20730,6589,897,91,212122,212122,17883,26086,32220,38241,35922,32237,18339,8854,2062,253,25,207561,207561,16895,23741,29196,33374,34368,33391,19483,11876,4527,644,66
인천광역시 남구 숭의2동(2817052000),10538,10538,741,956,1398,1682,1586,1848,1270,789,245,22,1,5354,5354,402,519,727,930,835,928,583,328,95,7,0,5184,5184,339,437,671,752,751,920,687,461,150,15,1
"인천광역시 남구 숭의1,3동(2817053500)",12376,12376,747,1209,1541,1869,2078,2248,1440,910,284,39,11,6345,6345,375,612,831,1043,1140,1185,680,384,86,7,2,6031,6031,372,597,710,826,938,1063,760,526,198,32,9
인천광역시 남구 숭의4동(2817054000),16040,16040,1153,1862,2208,2450,2644,2569,1665,1064,369,52,4,8033,8033,572,1008,1181,1289,1368,1247,806,423,124,14,1,8007,8007,581,854,1027,1161,1276,1322,859,641,245,38,3
"인천광역시 남구 용현1,4동(2817055500)",20633,20633,1322,2138,3606,3188,3184,3176,2302,1292,368,50,7,10924,10924,710,1140,2159,1871,1703,1527,1060,604,129,19,2,9709,9709,612,998,1447,1317,1481,1649,1242,688,239,31,5
인천광역시 남구 용현2동(2817056000),17163,17163,1460,1942,2260,2930,2738,2768,1810,889,311,46,9,8685,8685,799,1050,1180,1538,1412,1310,889,379,109,14,5,8478,8478,661,892,1080,1392,1326,1458,921,510,202,32,4
인천광역시 남구 용현3동(2817057000),9706,9706,563,931,1315,1508,1610,1708,1128,695,203,39,6,5066,5066,266,480,778,876,890,855,546,293,68,11,3,4640,4640,297,451,537,632,720,853,582,402,135,28,3
인천광역시 남구 용현5동(2817059000),37116,37116,3630,5279,5253,6373,6706,5341,2598,1413,468,52,3,18647,18647,1867,2793,2679,3250,3325,2692,1301,592,131,17,0,18469,18469,1763,2486,2574,3123,3381,2649,1297,821,337,35,3
인천광역시 남구 학익1동(2817060000),35314,35314,3633,5213,4686,5954,6526,5058,2486,1296,411,48,3,17770,17770,1864,2720,2510,2954,3301,2547,1208,537,114,14,1,17544,17544,1769,2493,2176,3000,3225,2511,1278,759,297,34,2
인천광역시 남구 학익2동(2817061000),22178,22178,2049,3086,3000,3520,3988,3296,1796,1040,349,49,5,11030,11030,1071,1604,1537,1768,1987,1631,877,435,103,15,2,11148,11148,978,1482,1463,1752,2001,1665,919,605,246,34,3
인천광역시 남구 도화1동(2817063000),19793,19793,1431,2108,3075,3260,3103,3253,1994,1156,369,40,4,9927,9927,724,1105,1561,1786,1615,1544,950,505,126,10,1,9866,9866,707,1003,1514,1474,1488,1709,1044,651,243,30,3
"인천광역시 남구 도화2,3동(2817064500)",21658,21658,1553,2517,3150,3467,3619,3590,2122,1237,346,54,3,11253,11253,798,1294,1732,1970,1910,1885,1032,519,91,21,1,10405,10405,755,1223,1418,1497,1709,1705,1090,718,255,33,2
인천광역시 남구 주안1동(2817066000),11875,11875,744,905,2469,2506,1816,1819,952,522,122,18,2,6142,6142,389,448,1266,1442,952,888,476,238,38,5,0,5733,5733,355,457,1203,1064,864,931,476,284,84,13,2
인천광역시 남구 주안2동(2817067000),25850,25850,1930,2763,3836,4321,4146,4296,2635,1397,450,66,10,13120,13120,988,1484,2004,2407,2145,2035,1280,596,162,18,1,12730,12730,942,1279,1832,1914,2001,2261,1355,801,288,48,9
인천광역시 남구 주안3동(2817068000),12716,12716,918,1499,1799,2077,2112,2044,1382,665,189,30,1,6483,6483,469,782,964,1150,1108,999,667,275,65,4,0,6233,6233,449,717,835,927,1004,1045,715,390,124,26,1
인천광역시 남구 주안4동(2817069000),24453,24453,1692,2699,3532,3894,3934,4156,2715,1343,424,58,6,12273,12273,880,1429,1842,2098,2001,1949,1331,613,114,14,2,12180,12180,812,1270,1690,1796,1933,2207,1384,730,310,44,4
인천광역시 남구 주안5동(2817070000),23876,23876,1953,2664,3721,4389,3914,3736,1967,1093,384,52,3,12033,12033,985,1390,1929,2419,1966,1833,945,448,105,13,0,11843,11843,968,1274,1792,1970,1948,1903,1022,645,279,39,3
인천광역시 남구 주안6동(2817071000),22420,22420,2516,2188,3418,4823,3277,3285,1737,865,258,45,8,11224,11224,1265,1165,1706,2520,1678,1549,854,386,88,9,4,11196,11196,1251,1023,1712,2303,1599,1736,883,479,170,36,4
인천광역시 남구 주안7동(2817072000),16604,16604,1295,2010,2348,2654,2852,2641,1589,911,273,30,1,8260,8260,673,1078,1231,1375,1370,1268,760,398,96,11,0,8344,8344,622,932,1117,1279,1482,1373,829,513,177,19,1
인천광역시 남구 주안8동(2817073000),24711,24711,2352,3313,3558,4331,4373,3646,1836,944,307,48,3,12184,12184,1195,1709,1751,2245,2113,1788,887,391,95,10,0,12527,12527,1157,1604,1807,2086,2260,1858,949,553,212,38,3
인천광역시 남구 관교동(2817073500),18668,18668,1525,2645,2929,2854,3140,3149,1400,718,270,37,1,9130,9130,763,1338,1492,1390,1482,1546,714,313,80,12,0,9538,9538,762,1307,1437,1464,1658,1603,686,405,190,25,1
인천광역시 남구 문학동(2817074000),15995,15995,1571,1900,2314,3565,2944,2001,998,491,189,22,0,8239,8239,828,938,1160,1920,1621,1031,493,197,43,8,0,7756,7756,743,962,1154,1645,1323,970,505,294,146,14,0
인천광역시 연수구 (2818500000),283840,283840,26538,46419,41018,42606,58325,40608,14771,9367,3677,490,21,142404,142404,13754,24212,21277,21014,28386,21816,7242,3560,1011,125,7,141436,141436,12784,22207,19741,21592,29939,18792,7529,5807,2666,365,14
인천광역시 연수구 옥련1동(2818563000),23243,23243,2209,3899,2943,3549,4843,3127,1449,876,308,40,0,11613,11613,1111,2072,1515,1738,2372,1648,691,362,97,7,0,11630,11630,1098,1827,1428,1811,2471,1479,758,514,211,33,0
인천광역시 연수구 옥련2동(2818564000),24628,24628,2315,4236,3192,3618,5083,3485,1422,911,325,37,4,12185,12185,1161,2192,1597,1751,2445,1863,703,374,92,6,1,12443,12443,1154,2044,1595,1867,2638,1622,719,537,233,31,3
인천광역시 연수구 선학동(2818575000),21302,21302,1352,2709,3836,3162,3807,3704,1504,870,319,38,1,10817,10817,693,1414,2031,1760,1828,1904,755,341,81,10,0,10485,10485,659,1295,1805,1402,1979,1800,749,529,238,28,1
인천광역시 연수구 연수1동(2818576100),27545,27545,2117,4052,4732,4838,5545,3717,1427,816,266,35,0,14641,14641,1121,2060,2590,2767,2895,2079,718,318,86,7,0,12904,12904,996,1992,2142,2071,2650,1638,709,498,180,28,0
인천광역시 연수구 연수2동(2818576200),24593,24593,2065,3589,4095,4013,4565,3698,1259,875,386,47,1,12229,12229,1097,1878,2127,2041,2110,1950,609,301,107,8,1,12364,12364,968,1711,1968,1972,2455,1748,650,574,279,39,0
인천광역시 연수구 연수3동(2818576300),20989,20989,1969,2917,3280,3331,3747,3236,1175,858,419,56,1,10192,10192,983,1516,1681,1669,1730,1675,554,262,101,20,1,10797,10797,986,1401,1599,1662,2017,1561,621,596,318,36,0
인천광역시 연수구 청학동(2818576600),31239,31239,2512,4388,4783,4984,6240,4710,1970,1189,409,51,3,16014,16014,1289,2326,2506,2711,3141,2491,951,467,116,15,1,15225,15225,1223,2062,2277,2273,3099,2219,1019,722,293,36,2
인천광역시 연수구 동춘1동(2818578000),17920,17920,1439,3190,2506,2193,3793,2700,956,711,343,83,6,8780,8780,742,1638,1280,996,1792,1473,465,271,99,23,1,9140,9140,697,1552,1226,1197,2001,1227,491,440,244,60,5
인천광역시 연수구 동춘2동(2818579000),22176,22176,2450,3854,3095,3568,4679,2895,820,580,213,19,3,11050,11050,1299,2030,1577,1668,2220,1577,401,214,57,5,2,11126,11126,1151,1824,1518,1900,2459,1318,419,366,156,14,1
인천광역시 연수구 동춘3동(2818579500),20479,20479,1886,4081,2796,2299,4474,3023,1015,623,258,23,1,10088,10088,974,2145,1425,977,2072,1660,503,247,77,8,0,10391,10391,912,1936,1371,1322,2402,1363,512,376,181,15,1
인천광역시 연수구 송도동(2818581000),49726,49726,6224,9504,5760,7051,11549,6313,1774,1058,431,61,1,24795,24795,3284,4941,2948,2936,5781,3496,892,403,98,16,0,24931,24931,2940,4563,2812,4115,5768,2817,882,655,333,45,1
인천광역시 남동구 (2820000000),491038,491038,49801,67838,69386,85817,90282,70738,32585,17832,5922,781,56,245393,245393,25615,35357,35154,43532,45371,35488,15916,7124,1616,203,17,245645,245645,24186,32481,34232,42285,44911,35250,16669,10708,4306,578,39
인천광역시 남동구 구월1동(2820051000),27587,27587,1979,3594,4991,4988,4930,3980,1815,948,307,53,2,13844,13844,1014,1841,2391,2733,2458,2009,890,406,89,13,0,13743,13743,965,1753,2600,2255,2472,1971,925,542,218,40,2
인천광역시 남동구 구월2동(2820052000),42557,42557,5171,6557,5517,7608,7966,5832,2349,1122,374,58,3,21109,21109,2635,3476,2788,3568,4010,2885,1197,433,99,18,0,21448,21448,2536,3081,2729,4040,3956,2947,1152,689,275,40,3
인천광역시 남동구 구월3동(2820052100),13366,13366,900,1747,2202,2085,2417,2227,1102,523,146,16,1,6692,6692,440,911,1121,1116,1175,1098,547,248,34,2,0,6674,6674,460,836,1081,969,1242,1129,555,275,112,14,1
인천광역시 남동구 구월4동(2820052200),20514,20514,1649,2853,2923,3267,4129,2992,1533,874,260,30,4,10349,10349,887,1462,1513,1702,2132,1514,730,341,60,6,2,10165,10165,762,1391,1410,1565,1997,1478,803,533,200,24,2
인천광역시 남동구 간석1동(2820053000),26654,26654,2385,3082,4092,5008,4329,4040,2135,1130,398,49,6,13274,13274,1251,1579,2030,2647,2218,1945,1018,465,108,12,1,13380,13380,1134,1503,2062,2361,2111,2095,1117,665,290,37,5
인천광역시 남동구 간석2동(2820054000),20867,20867,2183,2702,2953,3657,3538,3270,1536,729,262,35,2,10327,10327,1131,1444,1447,1831,1724,1606,761,293,79,11,0,10540,10540,1052,1258,1506,1826,1814,1664,775,436,183,24,2
인천광역시 남동구 간석3동(2820055000),28765,28765,2026,3651,4277,4771,5275,4664,2378,1310,353,54,6,14638,14638,1035,1810,2205,2627,2791,2345,1110,578,117,16,4,14127,14127,991,1841,2072,2144,2484,2319,1268,732,236,38,2
인천광역시 남동구 간석4동(2820055100),30089,30089,2697,3741,4663,5302,5249,4749,2144,1123,363,54,4,15115,15115,1382,1974,2356,2736,2598,2379,1129,450,98,12,1,14974,14974,1315,1767,2307,2566,2651,2370,1015,673,265,42,3
인천광역시 남동구 만수1동(2820056000),20248,20248,1619,2671,2853,3309,3720,3081,1598,1037,321,37,2,10007,10007,846,1399,1491,1773,1848,1494,714,350,83,9,0,10241,10241,773,1272,1362,1536,1872,1587,884,687,238,28,2
인천광역시 남동구 만수2동(2820057000),27097,27097,2568,3717,3965,4513,4756,4104,2019,1054,350,45,6,13439,13439,1269,1926,2023,2340,2325,2018,997,423,99,16,3,13658,13658,1299,1791,1942,2173,2431,2086,1022,631,251,29,3
인천광역시 남동구 만수3동(2820058000),20734,20734,1930,3060,2946,3267,3864,3097,1531,764,235,35,5,10413,10413,1001,1558,1543,1679,1925,1562,766,304,62,10,3,10321,10321,929,1502,1403,1588,1939,1535,765,460,173,25,2
인천광역시 남동구 만수4동(2820058100),22642,22642,2505,3323,3080,3993,4171,3167,1241,759,370,33,0,11288,11288,1317,1781,1609,2004,2012,1606,599,257,93,10,0,11354,11354,1188,1542,1471,1989,2159,1561,642,502,277,23,0
인천광역시 남동구 만수5동(2820058200),19720,19720,1457,2406,3098,3045,3417,3370,1762,870,270,22,3,9915,9915,729,1268,1603,1630,1726,1657,874,358,64,5,1,9805,9805,728,1138,1495,1415,1691,1713,888,512,206,17,2
인천광역시 남동구 만수6동(2820058300),29771,29771,2723,4620,4383,4586,5794,4339,1726,1144,406,47,3,14635,14635,1393,2408,2119,2242,2810,2274,840,425,110,14,0,15136,15136,1330,2212,2264,2344,2984,2065,886,719,296,33,3
인천광역시 남동구 장수서창동(2820065000),19846,19846,2456,2618,2654,3553,3502,2880,1235,674,242,32,0,9856,9856,1240,1346,1353,1754,1737,1442,611,299,68,6,0,9990,9990,1216,1272,1301,1799,1765,1438,624,375,174,26,0
인천광역시 남동구 남촌도림동(2820066000),25242,25242,2519,3817,3277,4159,4945,3592,1648,930,311,43,1,12924,12924,1327,1996,1735,2140,2526,1898,835,371,88,8,0,12318,12318,1192,1821,1542,2019,2419,1694,813,559,223,35,1
인천광역시 남동구 논현1동(2820069000),30838,30838,4011,4626,3728,5771,6039,3811,1570,914,320,46,2,15349,15349,2115,2408,1878,2739,3094,1924,733,355,89,13,1,15489,15489,1896,2218,1850,3032,2945,1887,837,559,231,33,1
인천광역시 남동구 논현2동(2820070000),33278,33278,4242,4491,4246,6563,6117,4068,1915,1197,380,56,3,16528,16528,2160,2346,2118,3340,3039,2031,894,483,103,14,0,16750,16750,2082,2145,2128,3223,3078,2037,1021,714,277,42,3
인천광역시 남동구 논현고잔동(2820071000),31223,31223,4781,4562,3538,6372,6124,3475,1348,730,254,36,3,15691,15691,2443,2424,1831,2931,3223,1801,671,285,73,8,1,15532,15532,2338,2138,1707,3441,2901,1674,677,445,181,28,2
인천광역시 부평구 (2823700000),562110,562110,51115,77846,81130,94451,103946,83670,38996,22485,7426,947,98,281758,281758,26377,40568,41357,48291,52256,42444,19081,8932,2210,213,29,280352,280352,24738,37278,39773,46160,51690,41226,19915,13553,5216,734,69
인천광역시 부평구 부평1동(2823751000),34954,34954,3087,4506,5402,5930,5953,5357,2546,1586,503,76,8,17109,17109,1591,2290,2671,2948,2874,2619,1263,665,172,16,0,17845,17845,1496,2216,2731,2982,3079,2738,1283,921,331,60,8
인천광역시 부평구 부평2동(2823752000),22548,22548,1930,2649,3585,4265,3747,3250,1826,978,274,39,5,11262,11262,988,1360,1843,2231,1948,1532,876,380,92,11,1,11286,11286,942,1289,1742,2034,1799,1718,950,598,182,28,4
인천광역시 부평구 부평3동(2823753000),16097,16097,1101,1721,2451,2668,2652,2738,1553,885,278,39,11,8101,8101,571,900,1264,1437,1324,1396,743,361,88,11,6,7996,7996,530,821,1187,1231,1328,1342,810,524,190,28,5
인천광역시 부평구 부평4동(2823754000),25641,25641,2056,2913,3957,4834,4319,3931,2060,1171,353,40,7,13036,13036,1062,1543,2018,2630,2228,1952,1000,480,111,7,5,12605,12605,994,1370,1939,2204,2091,1979,1060,691,242,33,2
인천광역시 부평구 부평5동(2823755000),25011,25011,2126,2949,3783,4742,4351,3598,2006,1070,337,45,4,12666,12666,1080,1521,2004,2539,2261,1734,950,460,110,6,1,12345,12345,1046,1428,1779,2203,2090,1864,1056,610,227,39,3
인천광역시 부평구 부평6동(2823756000),13766,13766,935,1214,2463,2623,2018,2344,1176,758,205,24,6,6881,6881,504,641,1148,1425,1048,1161,584,310,56,3,1,6885,6885,431,573,1315,1198,970,1183,592,448,149,21,5
인천광역시 부평구 산곡1동(2823757000),21189,21189,1453,2873,3016,3083,4030,3482,1796,1027,375,48,6,10710,10710,726,1522,1629,1574,2084,1764,901,399,98,13,0,10479,10479,727,1351,1387,1509,1946,1718,895,628,277,35,6
인천광역시 부평구 산곡2동(2823758000),33664,33664,3238,5699,4645,4942,6803,4935,1934,1021,392,53,2,16705,16705,1659,3042,2337,2330,3290,2524,982,408,119,13,1,16959,16959,1579,2657,2308,2612,3513,2411,952,613,273,40,1
인천광역시 부평구 산곡3동(2823758100),26840,26840,2092,3820,3907,3647,4671,4519,2048,1487,575,64,10,13214,13214,1095,2036,2047,1821,2193,2251,981,581,188,16,5,13626,13626,997,1784,1860,1826,2478,2268,1067,906,387,48,5
인천광역시 부평구 산곡4동(2823758200),20951,20951,1939,3467,2887,3201,4050,3101,1210,789,280,27,0,10193,10193,1005,1776,1429,1519,1896,1585,594,299,82,8,0,10758,10758,934,1691,1458,1682,2154,1516,616,490,198,19,0
인천광역시 부평구 청천1동(2823759100),17409,17409,1264,2049,2485,2847,3461,2877,1454,694,234,39,5,9387,9387,624,1139,1362,1639,1937,1563,760,289,61,11,2,8022,8022,640,910,1123,1208,1524,1314,694,405,173,28,3
인천광역시 부평구 청천2동(2823759200),38409,38409,3856,5537,5362,6723,7458,5440,2300,1303,375,52,3,19383,19383,1985,2867,2772,3456,3772,2762,1119,536,105,9,0,19026,19026,1871,2670,2590,3267,3686,2678,1181,767,270,43,3
인천광역시 부평구 갈산1동(2823764100),18793,18793,1642,2433,2993,3169,3460,2870,1294,699,205,25,3,9563,9563,919,1228,1554,1712,1709,1449,632,296,58,6,0,9230,9230,723,1205,1439,1457,1751,1421,662,403,147,19,3
인천광역시 부평구 갈산2동(2823764200),23941,23941,2018,3130,4026,3702,4171,3935,1609,934,371,43,2,11901,11901,1034,1691,2056,1946,1920,2007,817,319,99,11,1,12040,12040,984,1439,1970,1756,2251,1928,792,615,272,32,1
인천광역시 부평구 삼산1동(2823764600),41020,41020,4742,6735,4993,7252,8149,5039,2068,1395,571,71,5,20381,20381,2451,3556,2549,3517,4099,2651,932,452,157,17,0,20639,20639,2291,3179,2444,3735,4050,2388,1136,943,414,54,5
인천광역시 부평구 삼산2동(2823764800),31617,31617,4082,5698,3453,5161,6895,3729,1403,833,312,49,2,15423,15423,2075,2916,1695,2236,3541,1926,626,315,82,10,1,16194,16194,2007,2782,1758,2925,3354,1803,777,518,230,39,1
인천광역시 부평구 부개1동(2823765000),20916,20916,1586,2411,3190,3576,3528,3450,1907,970,260,36,2,10745,10745,849,1256,1642,1990,1823,1724,953,419,82,7,0,10171,10171,737,1155,1548,1586,1705,1726,954,551,178,29,2
인천광역시 부평구 부개2동(2823766000),24353,24353,2354,3237,3578,4346,4238,3529,1796,959,282,32,2,12072,12072,1161,1711,1717,2260,2085,1761,901,391,78,7,0,12281,12281,1193,1526,1861,2086,2153,1768,895,568,204,25,2
인천광역시 부평구 부개3동(2823766100),38300,38300,3928,6680,5005,6346,8076,4821,1886,1118,405,34,1,18877,18877,2016,3434,2435,3062,3914,2578,919,395,114,10,0,19423,19423,1912,3246,2570,3284,4162,2243,967,723,291,24,1
인천광역시 부평구 일신동(2823767000),14826,14826,1749,1769,2176,2798,2313,2296,1038,506,158,23,0,7546,7546,928,879,1154,1425,1178,1200,517,213,46,6,0,7280,7280,821,890,1022,1373,1135,1096,521,293,112,17,0
인천광역시 부평구 십정1동(2823768000),22509,22509,1865,2833,3061,3822,4090,3538,1889,1058,310,36,7,11555,11555,975,1408,1634,2023,2227,1852,889,446,92,6,3,10954,10954,890,1425,1427,1799,1863,1686,1000,612,218,30,4
인천광역시 부평구 십정2동(2823769000),29356,29356,2072,3523,4712,4774,5513,4891,2197,1244,371,52,7,15048,15048,1079,1852,2397,2571,2905,2453,1142,518,120,9,2,14308,14308,993,1671,2315,2203,2608,2438,1055,726,251,43,5
인천광역시 계양구 (2824500000),345671,345671,32899,53373,50869,57098,69494,48635,18132,11062,3645,420,44,173798,173798,16865,27861,25744,28861,34354,25890,8917,4172,1040,86,8,171873,171873,16034,25512,25125,28237,35140,22745,9215,6890,2605,334,36
인천광역시 계양구 효성1동(2824560100),34318,34318,2856,5536,5052,4960,6895,5325,2037,1187,409,51,10,17364,17364,1469,2904,2601,2524,3389,2849,1050,448,119,9,2,16954,16954,1387,2632,2451,2436,3506,2476,987,739,290,42,8
인천광역시 계양구 효성2동(2824560200),35692,35692,3471,5634,5141,5688,7127,5189,2018,1073,313,37,1,18150,18150,1799,2911,2654,2863,3574,2784,1034,437,85,9,0,17542,17542,1672,2723,2487,2825,3553,2405,984,636,228,28,1
인천광역시 계양구 계산1동(2824561100),24925,24925,1865,3317,4198,3936,4788,4008,1551,916,304,38,4,12839,12839,987,1769,2140,2080,2525,2117,783,335,95,7,1,12086,12086,878,1548,2058,1856,2263,1891,768,581,209,31,3
인천광역시 계양구 계산2동(2824561200),19707,19707,1373,2682,3249,3005,3814,3308,1255,736,259,22,4,9962,9962,705,1424,1702,1571,1880,1735,622,254,63,5,1,9745,9745,668,1258,1547,1434,1934,1573,633,482,196,17,3
인천광역시 계양구 계산3동(2824561300),24528,24528,2117,4038,4077,3819,5066,3544,977,646,211,29,4,12017,12017,1072,2091,2024,1835,2328,1893,486,214,69,5,0,12511,12511,1045,1947,2053,1984,2738,1651,491,432,142,24,4
인천광역시 계양구 계산4동(2824561400),23619,23619,1639,4765,3744,2805,5801,3273,761,566,235,29,1,11940,11940,889,2506,1871,1349,2755,1927,369,200,69,5,0,11679,11679,750,2259,1873,1456,3046,1346,392,366,166,24,1
인천광역시 계양구 작전1동(2824562100),33721,33721,3277,5540,4979,5421,6830,4763,1555,986,332,34,4,16724,16724,1632,2892,2461,2713,3264,2518,795,352,89,7,1,16997,16997,1645,2648,2518,2708,3566,2245,760,634,243,27,3
인천광역시 계양구 작전2동(2824562200),29388,29388,2232,3802,5014,4589,5442,4840,1990,1086,351,37,5,14858,14858,1148,1969,2598,2500,2649,2456,979,449,101,9,0,14530,14530,1084,1833,2416,2089,2793,2384,1011,637,250,28,5
인천광역시 계양구 작전서운동(2824564000),36480,36480,4235,6251,4555,6520,8015,4120,1467,939,340,35,3,18229,18229,2152,3253,2303,3115,4020,2280,678,332,89,5,2,18251,18251,2083,2998,2252,3405,3995,1840,789,607,251,30,1
인천광역시 계양구 계양1동(2824571000),40913,40913,5721,5002,5160,9023,6921,4875,2315,1418,424,51,3,20567,20567,2932,2541,2559,4618,3577,2479,1134,589,125,12,1,20346,20346,2789,2461,2601,4405,3344,2396,1181,829,299,39,2
인천광역시 계양구 계양2동(2824572000),42380,42380,4113,6806,5700,7332,8795,5390,2206,1509,467,57,5,21148,21148,2080,3601,2831,3693,4393,2852,987,562,136,13,0,21232,21232,2033,3205,2869,3639,4402,2538,1219,947,331,44,5
인천광역시 서구 (2826000000),420939,420939,46938,63959,54303,74027,83505,55957,24022,13207,4405,581,35,213798,213798,24157,33301,28112,37102,42990,29653,11952,5200,1174,148,9,207141,207141,22781,30658,26191,36925,40515,26304,12070,8007,3231,433,26
인천광역시 서구 검암경서동(2826051500),33040,33040,4360,4943,4364,6843,6396,3517,1519,750,304,43,1,16884,16884,2235,2621,2222,3465,3330,1878,751,296,74,12,0,16156,16156,2125,2322,2142,3378,3066,1639,768,454,230,31,1
인천광역시 서구 연희동(2826053000),47189,47189,4621,7938,6152,7561,10379,6259,2440,1338,439,59,3,24412,24412,2400,4220,3289,3864,5311,3427,1206,550,127,18,0,22777,22777,2221,3718,2863,3697,5068,2832,1234,788,312,41,3
인천광역시 서구 청라동(2826053500),12124,12124,2135,1805,1280,2869,2317,1098,350,209,52,9,0,6049,6049,1093,920,633,1335,1224,592,160,75,14,3,0,6075,6075,1042,885,647,1534,1093,506,190,134,38,6,0
인천광역시 서구 가정1동(2826054200),11545,11545,695,1526,1760,1575,2335,2017,907,531,177,19,3,5871,5871,347,764,918,889,1207,1068,448,185,40,5,0,5674,5674,348,762,842,686,1128,949,459,346,137,14,3
인천광역시 서구 가정2동(2826054300),9086,9086,769,1526,1286,1269,2073,1340,433,274,100,10,6,4680,4680,389,820,651,671,1053,747,224,96,23,3,3,4406,4406,380,706,635,598,1020,593,209,178,77,7,3
인천광역시 서구 가정3동(2826054400),12636,12636,1004,2166,1950,1693,2753,1880,651,398,126,15,0,6359,6359,520,1105,1040,866,1301,1035,302,150,33,7,0,6277,6277,484,1061,910,827,1452,845,349,248,93,8,0
인천광역시 서구 석남1동(2826055000),25157,25157,1948,3382,3926,3812,4778,4185,1821,927,330,48,0,12977,12977,1026,1760,2116,2085,2452,2202,921,316,86,13,0,12180,12180,922,1622,1810,1727,2326,1983,900,611,244,35,0
인천광역시 서구 석남2동(2826056000),17516,17516,1374,2102,2652,2843,3136,3066,1424,670,208,40,1,9157,9157,723,1140,1397,1593,1636,1561,753,292,56,6,0,8359,8359,651,962,1255,1250,1500,1505,671,378,152,34,1
인천광역시 서구 석남3동(2826056100),18483,18483,1509,2934,2650,2802,3774,2746,1135,675,226,29,3,9288,9288,755,1459,1383,1464,1914,1427,573,243,59,11,0,9195,9195,754,1475,1267,1338,1860,1319,562,432,167,18,3
인천광역시 서구 신현원창동(2826057500),29112,29112,2632,4546,4305,4334,5756,4672,1730,803,294,38,2,14782,14782,1358,2338,2275,2210,2857,2419,923,316,79,7,0,14330,14330,1274,2208,2030,2124,2899,2253,807,487,215,31,2
인천광역시 서구 가좌1동(2826058000),14228,14228,1044,1888,2089,2289,2781,2294,1052,590,184,14,3,7548,7548,510,1013,1144,1301,1502,1244,517,252,59,3,3,6680,6680,534,875,945,988,1279,1050,535,338,125,11,0
인천광역시 서구 가좌2동(2826059000),23960,23960,2294,3743,3488,3771,4575,3640,1303,765,347,33,1,11778,11778,1182,1896,1787,1831,2170,1896,639,279,91,7,0,12182,12182,1112,1847,1701,1940,2405,1744,664,486,256,26,1
인천광역시 서구 가좌3동(2826060000),21030,21030,1534,3031,3287,3005,3970,3574,1518,821,258,29,3,10702,10702,804,1595,1711,1599,1952,1841,802,320,72,6,0,10328,10328,730,1436,1576,1406,2018,1733,716,501,186,23,3
인천광역시 서구 가좌4동(2826061000),12894,12894,875,1951,1943,1802,2536,2164,923,498,178,21,3,6543,6543,476,993,975,915,1300,1154,468,208,48,6,0,6351,6351,399,958,968,887,1236,1010,455,290,130,15,3
인천광역시 서구 검단1동(2826063000),46930,46930,6248,6854,5476,9007,9116,5720,2518,1454,467,68,2,23818,23818,3192,3529,2798,4458,4784,3097,1254,582,112,11,1,23112,23112,3056,3325,2678,4549,4332,2623,1264,872,355,57,1
인천광역시 서구 검단2동(2826064000),23941,23941,3574,3809,2014,4862,4743,2336,1407,916,244,35,1,12096,12096,1854,2011,1034,2249,2550,1246,674,393,73,11,1,11845,11845,1720,1798,980,2613,2193,1090,733,523,171,24,0
인천광역시 서구 검단3동(2826065000),23963,23963,4703,3147,1857,6288,4253,1750,1190,608,140,26,1,11999,11999,2430,1659,831,2960,2390,883,529,266,44,6,1,11964,11964,2273,1488,1026,3328,1863,867,661,342,96,20,0
인천광역시 서구 검단4동(2826066000),38105,38105,5619,6668,3824,7402,7834,3699,1701,980,331,45,2,18855,18855,2863,3458,1908,3347,4057,1936,808,381,84,13,0,19250,19250,2756,3210,1916,4055,3777,1763,893,599,247,32,2
인천광역시 강화군 (2871000000),66886,66886,3942,6626,6543,6800,9541,12106,9941,8076,2902,390,19,33454,33454,1995,3527,3734,3695,5043,6013,4780,3619,946,100,2,33432,33432,1947,3099,2809,3105,4498,6093,5161,4457,1956,290,17
인천광역시 강화군 강화읍(2871025000),22560,22560,1730,2989,2536,2834,3678,3703,2542,1834,626,83,5,11116,11116,853,1599,1403,1421,1885,1796,1171,756,203,28,1,11444,11444,877,1390,1133,1413,1793,1907,1371,1078,423,55,4
인천광역시 강화군 선원면(2871031000),7326,7326,657,942,692,989,1176,1153,776,683,225,31,2,3656,3656,330,505,372,497,615,594,354,314,71,4,0,3670,3670,327,437,320,492,561,559,422,369,154,27,2
인천광역시 강화군 불은면(2871032000),4386,4386,194,336,429,369,550,938,717,600,223,29,1,2236,2236,96,181,238,234,292,473,376,274,67,5,0,2150,2150,98,155,191,135,258,465,341,326,156,24,1
인천광역시 강화군 길상면(2871033000),6315,6315,371,477,705,638,912,1328,940,619,280,44,1,3185,3185,184,238,405,375,473,669,480,272,73,16,0,3130,3130,187,239,300,263,439,659,460,347,207,28,1
인천광역시 강화군 화도면(2871034000),4337,4337,172,311,392,315,523,918,797,591,283,33,2,2193,2193,99,166,232,196,264,456,393,282,99,6,0,2144,2144,73,145,160,119,259,462,404,309,184,27,2
인천광역시 강화군 양도면(2871035000),3619,3619,130,309,323,266,468,693,636,556,208,27,3,1863,1863,74,167,204,158,266,354,301,255,79,4,1,1756,1756,56,142,119,108,202,339,335,301,129,23,2
인천광역시 강화군 내가면(2871036000),3138,3138,102,230,253,260,398,649,581,473,165,27,0,1535,1535,53,110,150,148,203,316,293,203,54,5,0,1603,1603,49,120,103,112,195,333,288,270,111,22,0
인천광역시 강화군 하점면(2871037000),4077,4077,169,254,333,341,451,719,786,748,240,35,1,2074,2074,93,152,201,192,254,352,376,368,79,7,0,2003,2003,76,102,132,149,197,367,410,380,161,28,1
인천광역시 강화군 양사면(2871038000),1928,1928,74,141,145,125,245,327,373,370,106,22,0,981,981,31,77,86,78,143,164,179,172,48,3,0,947,947,43,64,59,47,102,163,194,198,58,19,0
인천광역시 강화군 송해면(2871039000),3157,3157,121,234,274,254,387,546,606,528,187,18,2,1580,1580,56,117,170,157,225,271,295,219,64,6,0,1577,1577,65,117,104,97,162,275,311,309,123,12,2
인천광역시 강화군 교동면(2871040000),3086,3086,117,226,256,190,375,544,618,575,161,22,2,1548,1548,63,123,147,113,212,275,283,276,50,6,0,1538,1538,54,103,109,77,163,269,335,299,111,16,2
인천광역시 강화군 삼산면(2871041000),2307,2307,90,140,176,186,306,450,435,364,146,14,0,1174,1174,56,78,108,111,172,228,207,164,42,8,0,1133,1133,34,62,68,75,134,222,228,200,104,6,0
인천광역시 강화군 서도면(2871042000),385,385,11,28,21,19,43,85,67,76,32,3,0,178,178,5,9,13,10,23,38,36,33,10,1,0,207,207,6,19,8,9,20,47,31,43,22,2,0
인천광역시 강화군 서도면볼음출장소(2871042500),265,265,4,9,8,14,29,53,67,59,20,2,0,135,135,2,5,5,5,16,27,36,31,7,1,0,130,130,2,4,3,9,13,26,31,28,13,1,0
인천광역시 옹진군 (2872000000),19147,19147,1429,1463,2377,2481,2953,3464,2399,1705,772,99,5,10386,10386,700,805,1532,1512,1814,1888,1202,699,207,26,1,8761,8761,729,658,845,969,1139,1576,1197,1006,565,73,4
인천광역시 옹진군 북도면(2872031000),1306,1306,90,88,141,184,180,266,163,128,58,8,0,656,656,39,53,64,96,100,143,88,54,16,3,0,650,650,51,35,77,88,80,123,75,74,42,5,0
인천광역시 옹진군 북도면장봉출장소(2872031500),997,997,39,44,90,106,183,228,163,95,40,9,0,519,519,20,22,49,61,123,110,87,38,6,3,0,478,478,19,22,41,45,60,118,76,57,34,6,0
인천광역시 옹진군 백령면(2872033000),5125,5125,494,378,849,764,708,811,497,404,200,20,0,2820,2820,232,195,601,475,420,431,244,152,65,5,0,2305,2305,262,183,248,289,288,380,253,252,135,15,0
인천광역시 옹진군 대청면(2872034000),1242,1242,73,96,161,128,195,256,178,112,40,3,0,695,695,32,51,112,86,111,159,77,57,9,1,0,547,547,41,45,49,42,84,97,101,55,31,2,0
인천광역시 옹진군 대청면소청출장소(2872034500),246,246,2,17,33,22,27,40,51,33,21,0,0,148,148,1,12,32,19,17,25,23,15,4,0,0,98,98,1,5,1,3,10,15,28,18,17,0,0
인천광역시 옹진군 덕적면(2872035000),1916,1916,86,136,156,187,281,338,335,251,123,21,2,1002,1002,44,67,95,114,189,193,159,104,32,5,0,914,914,42,69,61,73,92,145,176,147,91,16,2
인천광역시 옹진군 영흥면(2872036000),5216,5216,417,475,562,701,877,957,642,391,167,24,3,2814,2814,216,282,310,414,527,520,331,167,42,4,1,2402,2402,201,193,252,287,350,437,311,224,125,20,2
인천광역시 옹진군 자월면(2872037000),1220,1220,69,96,96,107,191,225,205,162,65,4,0,629,629,32,54,57,62,121,117,104,66,16,0,0,591,591,37,42,39,45,70,108,101,96,49,4,0
인천광역시 옹진군 연평면(2872038000),1879,1879,159,133,289,282,311,343,165,129,58,10,0,1103,1103,84,69,212,185,206,190,89,46,17,5,0,776,776,75,64,77,97,105,153,76,83,41,5,0
광주광역시  (2900000000),1461368,1461368,152283,232204,202743,242743,250000,186705,108564,62296,20832,2744,254,724654,724654,79072,121051,103860,120912,125300,91329,51330,25335,5990,443,32,736714,736714,73211,111153,98883,121831,124700,95376,57234,36961,14842,2301,222
광주광역시 동구 (2911000000),101582,101582,6613,11550,15327,14849,14695,16047,12185,7530,2401,341,44,50765,50765,3439,5998,7927,8062,7696,7712,5674,3372,814,63,8,50817,50817,3174,5552,7400,6787,6999,8335,6511,4158,1587,278,36
광주광역시 동구 충장동(2911052500),5009,5009,172,384,728,707,739,987,781,378,114,17,2,2639,2639,82,194,362,428,408,503,411,204,42,5,0,2370,2370,90,190,366,279,331,484,370,174,72,12,2
광주광역시 동구 동명동(2911054500),5509,5509,276,517,915,827,750,826,727,474,172,23,2,2698,2698,138,260,484,433,430,365,310,218,60,0,0,2811,2811,138,257,431,394,320,461,417,256,112,23,2
광주광역시 동구 계림1동(2911056000),7838,7838,375,666,1280,1286,1117,1324,1061,538,164,23,4,4027,4027,191,365,613,731,626,685,515,243,56,2,0,3811,3811,184,301,667,555,491,639,546,295,108,21,4
광주광역시 동구 계림2동(2911057000),9218,9218,859,1226,1199,1409,1400,1305,976,633,186,25,0,4557,4557,445,649,621,717,733,614,428,275,68,7,0,4661,4661,414,577,578,692,667,691,548,358,118,18,0
광주광역시 동구 산수1동(2911059000),9006,9006,501,978,1384,1350,1336,1399,1106,698,223,27,4,4520,4520,263,509,680,778,723,683,509,290,75,10,0,4486,4486,238,469,704,572,613,716,597,408,148,17,4
광주광역시 동구 산수2동(2911060000),10905,10905,806,1381,1533,1534,1578,1643,1352,833,211,33,1,5356,5356,415,703,793,814,773,756,624,396,77,5,0,5549,5549,391,678,740,720,805,887,728,437,134,28,1
광주광역시 동구 지산1동(2911062000),5429,5429,354,599,961,867,774,789,567,377,120,16,5,2676,2676,196,299,483,482,385,358,266,168,33,3,3,2753,2753,158,300,478,385,389,431,301,209,87,13,2
광주광역시 동구 지산2동(2911063000),6304,6304,430,839,1071,916,937,869,650,444,126,21,1,3208,3208,230,440,577,509,487,422,289,211,41,2,0,3096,3096,200,399,494,407,450,447,361,233,85,19,1
광주광역시 동구 서남동(2911065500),4463,4463,170,416,927,643,595,726,539,325,101,16,5,2256,2256,77,191,486,377,325,354,253,148,42,2,1,2207,2207,93,225,441,266,270,372,286,177,59,14,4
광주광역시 동구 학동(2911068500),7010,7010,385,570,1025,1137,958,1187,938,561,215,25,9,3509,3509,202,302,546,649,543,573,413,207,67,5,2,3501,3501,183,268,479,488,415,614,525,354,148,20,7
광주광역시 동구 학운동(2911071000),13589,13589,961,1820,1860,1738,1892,2144,1623,1115,379,54,3,6621,6621,482,966,974,884,907,983,751,511,150,13,0,6968,6968,479,854,886,854,985,1161,872,604,229,41,3
광주광역시 동구 지원1동(2911073000),9144,9144,711,1268,1326,1276,1392,1487,959,537,169,19,0,4564,4564,386,643,730,639,704,717,465,231,46,3,0,4580,4580,325,625,596,637,688,770,494,306,123,16,0
광주광역시 동구 지원2동(2911074000),8158,8158,613,886,1118,1159,1227,1361,906,617,221,42,8,4134,4134,332,477,578,621,652,699,440,270,57,6,2,4024,4024,281,409,540,538,575,662,466,347,164,36,6
광주광역시 서구 (2914000000),302280,302280,30152,49953,42597,49048,53136,38768,21592,12215,4242,538,39,148744,148744,15759,26191,21680,23608,26142,18849,10299,4952,1180,80,4,153536,153536,14393,23762,20917,25440,26994,19919,11293,7263,3062,458,35
광주광역시 서구 양동(2914057500),5616,5616,226,544,756,770,781,937,910,517,157,12,6,2817,2817,125,284,400,433,419,452,426,227,46,4,1,2799,2799,101,260,356,337,362,485,484,290,111,8,5
광주광역시 서구 양3동(2914059000),5718,5718,532,594,881,1058,775,905,578,279,108,8,0,2862,2862,279,321,446,601,386,422,257,111,39,0,0,2856,2856,253,273,435,457,389,483,321,168,69,8,0
광주광역시 서구 농성1동(2914065000),8769,8769,566,781,1297,1482,1259,1357,1205,614,188,20,0,4412,4412,292,402,672,803,676,622,596,294,53,2,0,4357,4357,274,379,625,679,583,735,609,320,135,18,0
광주광역시 서구 농성2동(2914066000),5984,5984,298,706,1041,954,910,924,655,377,106,10,3,3095,3095,164,404,526,527,462,457,332,184,36,3,0,2889,2889,134,302,515,427,448,467,323,193,70,7,3
광주광역시 서구 광천동(2914073000),11305,11305,851,1457,1784,1748,1815,1650,1167,602,196,30,5,5742,5742,421,750,935,959,962,846,558,251,57,2,1,5563,5563,430,707,849,789,853,804,609,351,139,28,4
광주광역시 서구 유덕동(2914074000),12391,12391,1741,2136,1420,2534,2244,1071,662,421,142,20,0,6244,6244,911,1115,722,1232,1219,538,281,174,46,6,0,6147,6147,830,1021,698,1302,1025,533,381,247,96,14,0
광주광역시 서구 치평동(2914074500),31081,31081,3409,6109,4009,5061,6187,3265,1605,1103,302,31,0,15169,15169,1798,3199,1952,2302,2994,1667,729,425,98,5,0,15912,15912,1611,2910,2057,2759,3193,1598,876,678,204,26,0
광주광역시 서구 상무1동(2914075100),25405,25405,2402,3819,4480,4407,4297,3139,1730,816,275,38,2,12456,12456,1232,1962,2191,2148,2137,1495,870,350,66,5,0,12949,12949,1170,1857,2289,2259,2160,1644,860,466,209,33,2
광주광역시 서구 상무2동(2914075200),25779,25779,1771,3825,4046,3773,4181,3868,2466,1315,471,56,7,12630,12630,914,2022,2119,1958,2025,1815,1141,506,124,5,1,13149,13149,857,1803,1927,1815,2156,2053,1325,809,347,51,6
광주광역시 서구 화정1동(2914076000),16507,16507,1431,2094,2797,2906,2376,2303,1471,821,260,44,4,7948,7948,732,1052,1345,1495,1144,1025,715,349,84,6,1,8559,8559,699,1042,1452,1411,1232,1278,756,472,176,38,3
광주광역시 서구 화정2동(2914077000),15704,15704,1042,2612,2567,2132,2661,2566,1234,625,232,32,1,7903,7903,566,1454,1389,1091,1216,1253,623,245,59,7,0,7801,7801,476,1158,1178,1041,1445,1313,611,380,173,25,1
광주광역시 서구 화정3동(2914078000),12859,12859,964,2154,1920,1736,2116,2064,1086,567,221,30,1,6432,6432,526,1220,1025,858,998,972,537,232,58,6,0,6427,6427,438,934,895,878,1118,1092,549,335,163,24,1
광주광역시 서구 화정4동(2914079000),21941,21941,1908,3867,3388,2941,3728,3542,1397,799,330,39,2,10762,10762,1026,2048,1813,1397,1644,1693,708,320,103,10,0,11179,11179,882,1819,1575,1544,2084,1849,689,479,227,29,2
광주광역시 서구 서창동(2914080000),6482,6482,491,748,830,834,1059,1094,675,509,202,36,4,3379,3379,250,425,486,453,606,580,347,183,49,0,0,3103,3103,241,323,344,381,453,514,328,326,153,36,4
광주광역시 서구 금호1동(2914082100),25108,25108,2282,4573,3779,3358,4593,3668,1577,886,360,31,1,12008,12008,1221,2361,1915,1534,2086,1748,762,294,85,2,0,13100,13100,1061,2212,1864,1824,2507,1920,815,592,275,29,1
광주광역시 서구 금호2동(2914082400),29823,29823,4342,6185,3024,5233,6132,2564,1266,766,271,40,0,14546,14546,2211,3218,1533,2192,3103,1310,584,318,70,7,0,15277,15277,2131,2967,1491,3041,3029,1254,682,448,201,33,0
광주광역시 서구 풍암동(2914083000),41808,41808,5896,7749,4578,8121,8022,3851,1908,1198,421,61,3,20339,20339,3091,3954,2211,3625,4065,1954,833,489,107,10,0,21469,21469,2805,3795,2367,4496,3957,1897,1075,709,314,51,3
광주광역시 남구 (2915500000),217934,217934,18100,33684,31766,32010,34810,31752,20074,11307,3817,548,66,105908,105908,9327,17219,16082,16224,16588,14994,9544,4717,1117,86,10,112026,112026,8773,16465,15684,15786,18222,16758,10530,6590,2700,462,56
광주광역시 남구 양림동(2915551000),9596,9596,973,1100,1307,1634,1348,1320,1036,633,210,26,9,4604,4604,500,542,670,849,663,576,461,269,69,5,0,4992,4992,473,558,637,785,685,744,575,364,141,21,9
광주광역시 남구 방림1동(2915552000),8691,8691,790,1147,1326,1519,1231,1237,862,422,127,25,5,4225,4225,416,578,638,817,594,552,403,183,39,4,1,4466,4466,374,569,688,702,637,685,459,239,88,21,4
광주광역시 남구 방림2동(2915553000),11962,11962,813,1661,1801,1674,1734,1855,1382,737,268,33,4,5759,5759,416,828,921,874,818,854,657,314,74,3,0,6203,6203,397,833,880,800,916,1001,725,423,194,30,4
광주광역시 남구 봉선1동(2915553700),17044,17044,1297,2718,2580,2556,2835,2504,1371,836,309,37,1,8129,8129,641,1456,1256,1254,1317,1150,638,316,93,8,0,8915,8915,656,1262,1324,1302,1518,1354,733,520,216,29,1
광주광역시 남구 봉선2동(2915553800),29199,29199,2968,6246,3689,3528,5551,3878,1725,1133,414,65,2,13718,13718,1551,3136,1866,1492,2429,1872,791,437,134,10,0,15481,15481,1417,3110,1823,2036,3122,2006,934,696,280,55,2
광주광역시 남구 사직동(2915554500),6230,6230,262,556,925,937,994,1002,847,532,147,23,5,3224,3224,142,294,490,558,557,507,382,241,48,4,1,3006,3006,120,262,435,379,437,495,465,291,99,19,4
광주광역시 남구 월산동(2915560500),10587,10587,476,1102,1428,1508,1556,1716,1567,926,261,37,10,5411,5411,248,576,773,888,858,834,740,400,82,9,3,5176,5176,228,526,655,620,698,882,827,526,179,28,7
광주광역시 남구 월산4동(2915563000),11238,11238,727,1374,1848,1759,1732,1817,1203,611,147,17,3,5731,5731,374,723,961,1004,897,868,580,289,31,2,2,5507,5507,353,651,887,755,835,949,623,322,116,15,1
광주광역시 남구 월산5동(2915564000),8414,8414,528,987,1462,1264,1253,1466,884,420,133,14,3,4219,4219,261,525,747,717,621,693,436,180,37,1,1,4195,4195,267,462,715,547,632,773,448,240,96,13,2
광주광역시 남구 백운1동(2915567000),9673,9673,750,1218,1439,1460,1400,1522,1071,571,219,21,2,4718,4718,365,628,721,761,690,689,521,267,70,6,0,4955,4955,385,590,718,699,710,833,550,304,149,15,2
광주광역시 남구 백운2동(2915568000),6107,6107,349,643,1014,920,803,1005,796,430,123,19,5,3070,3070,173,330,497,539,437,476,374,198,40,4,2,3037,3037,176,313,517,381,366,529,422,232,83,15,3
광주광역시 남구 주월1동(2915569000),20137,20137,1649,3117,3233,2987,3255,3081,1710,776,283,44,2,9921,9921,868,1589,1684,1517,1505,1476,845,346,83,8,0,10216,10216,781,1528,1549,1470,1750,1605,865,430,200,36,2
광주광역시 남구 주월2동(2915570000),10751,10751,792,1532,1683,1599,1679,1754,1053,472,163,21,3,5358,5358,420,792,882,836,824,814,542,197,50,1,0,5393,5393,372,740,801,763,855,940,511,275,113,20,3
광주광역시 남구 효덕동(2915571000),45093,45093,4773,8673,6257,6825,7561,5535,3081,1683,601,95,9,21346,21346,2476,4353,3023,3107,3427,2621,1478,676,174,11,0,23747,23747,2297,4320,3234,3718,4134,2914,1603,1007,427,84,9
광주광역시 남구 송암동(2915572000),6658,6658,572,978,979,1040,1032,979,561,344,151,22,0,3261,3261,290,548,503,545,490,466,274,119,25,1,0,3397,3397,282,430,476,495,542,513,287,225,126,21,0
광주광역시 남구 대촌동(2915573000),6554,6554,381,632,795,800,846,1081,925,781,261,49,3,3214,3214,186,321,450,466,461,546,422,285,68,9,0,3340,3340,195,311,345,334,385,535,503,496,193,40,3
광주광역시 북구 (2917000000),469045,469045,45682,73033,68530,75100,80081,64169,35739,19502,6315,826,68,233277,233277,23789,38347,35553,37898,39533,31135,17094,7993,1790,138,7,235768,235768,21893,34686,32977,37202,40548,33034,18645,11509,4525,688,61
광주광역시 북구 중흥1동(2917051000),4548,4548,176,437,729,683,707,759,608,346,79,19,5,2492,2492,100,240,403,423,419,406,285,180,31,5,0,2056,2056,76,197,326,260,288,353,323,166,48,14,5
광주광역시 북구 중흥2동(2917052000),9268,9268,572,1046,1514,1390,1297,1498,1136,618,169,24,4,4726,4726,298,548,789,790,667,710,543,318,58,3,2,4542,4542,274,498,725,600,630,788,593,300,111,21,2
광주광역시 북구 중흥3동(2917053000),6309,6309,343,683,1055,966,896,989,802,449,104,19,3,3248,3248,193,358,570,567,490,455,381,197,32,5,0,3061,3061,150,325,485,399,406,534,421,252,72,14,3
광주광역시 북구 중앙동(2917055500),4300,4300,158,391,615,553,671,812,606,352,117,23,2,2238,2238,74,214,325,334,375,420,290,161,43,2,0,2062,2062,84,177,290,219,296,392,316,191,74,21,2
광주광역시 북구 임동(2917057000),10711,10711,970,1165,1517,1931,1561,1593,1176,583,186,27,2,5431,5431,534,578,774,1030,846,781,569,262,52,5,0,5280,5280,436,587,743,901,715,812,607,321,134,22,2
광주광역시 북구 신안동(2917058000),12419,12419,692,1414,2204,1937,1920,1977,1359,706,178,29,3,6496,6496,365,750,1115,1154,1058,985,676,333,58,2,0,5923,5923,327,664,1089,783,862,992,683,373,120,27,3
광주광역시 북구 용봉동(2917059000),40677,40677,3573,6747,6517,6086,7322,5619,2897,1433,425,54,4,20404,20404,1860,3507,3486,3125,3562,2733,1399,616,108,7,1,20273,20273,1713,3240,3031,2961,3760,2886,1498,817,317,47,3
광주광역시 북구 운암1동(2917060100),25381,25381,2698,3943,3986,4158,4038,3772,1706,755,276,48,1,12374,12374,1359,2016,2018,2029,1914,1767,881,314,70,6,0,13007,13007,1339,1927,1968,2129,2124,2005,825,441,206,42,1
광주광역시 북구 운암2동(2917060200),15567,15567,921,2158,2552,2151,2484,2631,1616,809,212,33,0,7966,7966,476,1140,1371,1175,1258,1252,832,382,73,7,0,7601,7601,445,1018,1181,976,1226,1379,784,427,139,26,0
광주광역시 북구 운암3동(2917060300),19225,19225,1770,3186,3215,2755,3282,2799,1247,658,277,34,2,9326,9326,927,1687,1618,1314,1471,1377,592,257,76,6,1,9899,9899,843,1499,1597,1441,1811,1422,655,401,201,28,1
광주광역시 북구 동림동(2917061500),36920,36920,5310,5748,4590,7606,6108,4061,2095,971,385,46,0,18282,18282,2804,3018,2271,3683,3133,1873,1020,362,110,8,0,18638,18638,2506,2730,2319,3923,2975,2188,1075,609,275,38,0
광주광역시 북구 우산동(2917062000),15814,15814,817,2081,2372,2055,2422,2705,1960,987,371,36,8,7762,7762,439,1081,1258,1144,1174,1218,941,401,99,5,2,8052,8052,378,1000,1114,911,1248,1487,1019,586,272,31,6
광주광역시 북구 풍향동(2917063500),7658,7658,410,791,1199,1107,1103,1283,1031,565,150,16,3,3932,3932,205,432,646,644,601,595,489,265,52,2,1,3726,3726,205,359,553,463,502,688,542,300,98,14,2
광주광역시 북구 문화동(2917065000),16095,16095,1306,2175,2351,2330,2428,2542,1629,937,355,38,4,7846,7846,701,1161,1243,1210,1168,1165,735,353,104,6,0,8249,8249,605,1014,1108,1120,1260,1377,894,584,251,32,4
광주광역시 북구 문흥1동(2917065600),19884,19884,1869,3738,3005,2696,3579,2825,1242,691,207,31,1,9719,9719,964,1927,1582,1243,1630,1418,615,276,59,5,0,10165,10165,905,1811,1423,1453,1949,1407,627,415,148,26,1
광주광역시 북구 문흥2동(2917065700),19486,19486,2239,3021,2970,3318,3246,2496,1198,742,231,25,0,9400,9400,1150,1521,1515,1582,1537,1189,530,310,62,4,0,10086,10086,1089,1500,1455,1736,1709,1307,668,432,169,21,0
광주광역시 북구 두암1동(2917066100),9579,9579,612,1327,1517,1361,1522,1494,1064,531,133,17,1,4721,4721,296,701,739,726,749,686,517,252,53,2,0,4858,4858,316,626,778,635,773,808,547,279,80,15,1
광주광역시 북구 두암2동(2917066200),20099,20099,1633,3068,3144,2869,3319,3112,1784,847,278,44,1,10016,10016,871,1603,1635,1461,1608,1454,901,391,81,11,0,10083,10083,762,1465,1509,1408,1711,1658,883,456,197,33,1
광주광역시 북구 두암3동(2917066300),19503,19503,1280,2733,3111,2468,3121,3406,1791,1163,393,36,1,9188,9188,648,1382,1635,1248,1436,1569,808,370,89,3,0,10315,10315,632,1351,1476,1220,1685,1837,983,793,304,33,1
광주광역시 북구 삼각동(2917066600),13264,13264,1287,2440,1996,2071,2635,1635,714,363,108,15,0,6879,6879,657,1398,1049,1080,1302,841,364,151,35,2,0,6385,6385,630,1042,947,991,1333,794,350,212,73,13,0
광주광역시 북구 일곡동(2917066900),34419,34419,4293,7988,3693,5406,7563,3026,1236,901,280,31,2,16839,16839,2248,4219,1837,2291,3688,1630,518,321,75,12,0,17580,17580,2045,3769,1856,3115,3875,1396,718,580,205,19,2
광주광역시 북구 매곡동(2917067300),15755,15755,1886,2791,2099,2442,2970,1912,895,548,190,21,1,7834,7834,981,1528,1133,1111,1413,992,413,216,45,2,0,7921,7921,905,1263,966,1331,1557,920,482,332,145,19,1
광주광역시 북구 오치1동(2917067600),13414,13414,1102,2183,2030,2057,2452,1924,1014,501,130,16,5,6834,6834,571,1145,1044,1119,1215,987,490,218,44,1,0,6580,6580,531,1038,986,938,1237,937,524,283,86,15,5
광주광역시 북구 오치2동(2917067700),15237,15237,967,2239,2696,1987,2550,2544,1203,748,274,29,0,7390,7390,495,1216,1436,1043,1105,1218,571,237,62,7,0,7847,7847,472,1023,1260,944,1445,1326,632,511,212,22,0
광주광역시 북구 석곡동(2917068500),2916,2916,110,267,387,293,437,541,405,329,124,18,5,1511,1511,60,148,225,184,248,296,185,130,33,2,0,1405,1405,50,119,162,109,189,245,220,199,91,16,5
광주광역시 북구 건국동(2917069500),60597,60597,8688,9273,7466,12424,10448,6214,3325,1969,683,97,10,30423,30423,4513,4829,3836,6188,5466,3118,1549,720,186,18,0,30174,30174,4175,4444,3630,6236,4982,3096,1776,1249,497,79,10
광주광역시 광산구 (2920000000),370527,370527,51736,63984,44523,71736,67278,35969,18974,11742,4057,491,37,185960,185960,26758,33296,22618,35120,35341,18639,8719,4301,1089,76,3,184567,184567,24978,30688,21905,36616,31937,17330,10255,7441,2968,415,34
광주광역시 광산구 송정1동(2920051500),12247,12247,1501,1857,1477,2330,2047,1372,980,517,149,16,1,6205,6205,773,982,791,1187,1106,677,440,210,38,1,0,6042,6042,728,875,686,1143,941,695,540,307,111,15,1
광주광역시 광산구 송정2동(2920052500),7120,7120,493,896,888,1028,1090,1100,933,506,160,22,4,3565,3565,262,440,481,576,562,533,429,227,51,4,0,3555,3555,231,456,407,452,528,567,504,279,109,18,4
광주광역시 광산구 도산동(2920054000),15163,15163,2098,2326,1819,3003,2543,1571,1039,558,183,18,5,7735,7735,1139,1207,926,1516,1388,784,499,224,49,3,0,7428,7428,959,1119,893,1487,1155,787,540,334,134,15,5
광주광역시 광산구 신흥동(2920055000),5788,5788,636,669,760,1073,846,791,581,311,105,15,1,2941,2941,311,346,421,604,443,389,266,129,31,1,0,2847,2847,325,323,339,469,403,402,315,182,74,14,1
광주광역시 광산구 어룡동(2920056500),20884,20884,2697,3355,2580,3845,3617,2466,1297,749,251,26,1,10640,10640,1367,1794,1357,1962,1897,1266,639,284,70,4,0,10244,10244,1330,1561,1223,1883,1720,1200,658,465,181,22,1
광주광역시 광산구 우산동(2920058000),25184,25184,2451,3964,3631,3983,4556,3279,1670,1151,457,38,4,12625,12625,1255,2115,1932,2085,2300,1731,758,350,95,4,0,12559,12559,1196,1849,1699,1898,2256,1548,912,801,362,34,4
광주광역시 광산구 월곡1동(2920060000),15062,15062,1455,2790,2349,2237,2982,1928,737,408,148,25,3,7616,7616,750,1455,1259,1109,1463,1022,376,137,40,5,0,7446,7446,705,1335,1090,1128,1519,906,361,271,108,20,3
광주광역시 광산구 월곡2동(2920061000),20760,20760,2634,3739,2781,3774,4018,2292,902,463,136,20,1,10638,10638,1381,1972,1480,1886,2072,1181,455,172,37,2,0,10122,10122,1253,1767,1301,1888,1946,1111,447,291,99,18,1
광주광역시 광산구 비아동(2920062000),7650,7650,1096,1085,908,1581,1403,786,418,291,66,15,1,4057,4057,590,574,486,866,796,435,194,101,15,0,0,3593,3593,506,511,422,715,607,351,224,190,51,15,1
광주광역시 광산구 첨단1동(2920062400),24972,24972,2446,6236,3143,2797,5885,2785,846,585,223,26,0,12287,12287,1260,3209,1578,1173,2802,1585,411,212,54,3,0,12685,12685,1186,3027,1565,1624,3083,1200,435,373,169,23,0
광주광역시 광산구 첨단2동(2920062600),43041,43041,5981,9011,5074,8071,8929,3382,1329,917,303,41,3,21362,21362,3096,4705,2567,3626,4529,1832,580,321,98,8,0,21679,21679,2885,4306,2507,4445,4400,1550,749,596,205,33,3
광주광역시 광산구 신가동(2920063000),25430,25430,3947,4622,2607,5427,4628,2194,1173,603,202,26,1,12722,12722,2003,2371,1331,2563,2547,1102,533,218,48,5,1,12708,12708,1944,2251,1276,2864,2081,1092,640,385,154,21,0
광주광역시 광산구 운남동(2920063500),34156,34156,5069,6607,3819,7016,6746,2671,1249,724,231,23,1,17058,17058,2631,3424,1822,3364,3552,1378,540,274,66,7,0,17098,17098,2438,3183,1997,3652,3194,1293,709,450,165,16,1
광주광역시 광산구 수완동(2920063700),51634,51634,9913,8178,5964,12637,8516,3589,1720,773,302,41,1,25279,25279,5057,4178,2782,6040,4508,1715,685,249,63,2,0,26355,26355,4856,4000,3182,6597,4008,1874,1035,524,239,39,1
광주광역시 광산구 하남동(2920064000),14076,14076,2855,1638,1769,3683,1864,1212,560,367,116,11,1,7240,7240,1489,834,871,1926,1041,629,260,140,46,4,0,6836,6836,1366,804,898,1757,823,583,300,227,70,7,1
광주광역시 광산구 임곡동(2920065000),2540,2540,104,220,276,235,334,417,410,372,152,19,1,1335,1335,55,135,148,162,204,228,197,148,52,5,1,1205,1205,49,85,128,73,130,189,213,224,100,14,0
광주광역시 광산구 동곡동(2920066000),2334,2334,91,200,284,243,295,406,399,292,109,13,2,1198,1198,54,109,158,163,187,210,192,97,25,3,0,1136,1136,37,91,126,80,108,196,207,195,84,10,2
광주광역시 광산구 평동(2920067000),4008,4008,147,304,471,462,504,720,658,534,191,16,1,2115,2115,81,155,278,308,323,394,319,199,57,1,0,1893,1893,66,149,193,154,181,326,339,335,134,15,1
광주광역시 광산구 삼도동(2920068000),2927,2927,84,256,320,277,348,505,422,497,196,17,5,1484,1484,44,137,190,164,229,263,214,179,60,3,1,1443,1443,40,119,130,113,119,242,208,318,136,14,4
광주광역시 광산구 본량동(2920069000),2717,2717,117,139,227,304,330,361,453,562,183,41,0,1353,1353,60,76,125,195,201,206,193,240,49,8,0,1364,1364,57,63,102,109,129,155,260,322,134,33,0
광주광역시 광산구 신창동(2920070000),32834,32834,5921,5892,3376,7730,5797,2142,1198,562,194,22,0,16505,16505,3100,3078,1635,3645,3191,1079,539,190,45,3,0,16329,16329,2821,2814,1741,4085,2606,1063,659,372,149,19,0
대전광역시  (3000000000),1510468,1510468,152424,219957,212787,253594,265208,212948,107097,62811,20785,2663,194,756963,756963,78964,115818,110732,127045,133018,106507,51987,25913,6269,668,42,753505,753505,73460,104139,102055,126549,132190,106441,55110,36898,14516,1995,152
대전광역시 동구 (3011000000),248344,248344,22977,29729,35265,41422,39105,38177,23124,13776,4195,524,50,126096,126096,11889,15709,18885,22003,20532,18810,11067,5713,1348,129,11,122248,122248,11088,14020,16380,19419,18573,19367,12057,8063,2847,395,39
대전광역시 동구 중앙동(3011051500),8950,8950,343,663,977,1150,1406,1907,1424,809,234,34,3,4870,4870,189,356,536,718,881,1043,711,340,83,11,2,4080,4080,154,307,441,432,525,864,713,469,151,23,1
대전광역시 동구 효동(3011053000),26640,26640,3850,3329,3147,5524,4048,3255,1974,1139,324,45,5,13179,13179,1941,1716,1635,2768,2113,1540,892,478,85,10,1,13461,13461,1909,1613,1512,2756,1935,1715,1082,661,239,35,4
대전광역시 동구 신인동(3011054500),14599,14599,1524,1504,1914,2719,2098,2223,1419,880,281,29,8,7391,7391,782,802,1013,1470,1120,1047,657,387,105,5,3,7208,7208,742,702,901,1249,978,1176,762,493,176,24,5
대전광역시 동구 판암1동(3011055100),11338,11338,1090,1512,1449,1709,1802,1757,1009,757,222,31,0,5664,5664,574,812,776,857,909,890,460,315,58,13,0,5674,5674,516,700,673,852,893,867,549,442,164,18,0
대전광역시 동구 판암2동(3011055200),12158,12158,757,1308,1765,1626,1855,2197,1300,965,352,31,2,6000,6000,416,703,1005,894,913,1076,583,309,95,6,0,6158,6158,341,605,760,732,942,1121,717,656,257,25,2
대전광역시 동구 용운동(3011056000),21960,21960,2057,3022,3576,3562,3675,3198,1616,923,287,42,2,11092,11092,1074,1574,1920,1816,1857,1591,785,372,91,12,0,10868,10868,983,1448,1656,1746,1818,1607,831,551,196,30,2
대전광역시 동구 대동(3011058500),12692,12692,970,1487,1913,1985,1987,2058,1210,805,240,32,5,6449,6449,507,824,993,1081,1034,1054,549,315,84,7,1,6243,6243,463,663,920,904,953,1004,661,490,156,25,4
대전광역시 동구 자양동(3011059000),12212,12212,715,1511,2392,1742,1724,1980,1267,676,184,20,1,6254,6254,365,754,1327,1017,869,914,653,293,60,2,0,5958,5958,350,757,1065,725,855,1066,614,383,124,18,1
대전광역시 동구 가양1동(3011062000),14302,14302,980,1588,2044,2197,2239,2431,1601,926,260,31,5,7341,7341,476,842,1071,1245,1202,1229,769,410,93,3,1,6961,6961,504,746,973,952,1037,1202,832,516,167,28,4
대전광역시 동구 가양2동(3011063000),23342,23342,2024,3360,3605,3668,4002,3511,1853,993,296,28,2,11775,11775,1051,1794,1901,1901,1987,1712,891,423,109,6,0,11567,11567,973,1566,1704,1767,2015,1799,962,570,187,22,2
대전광역시 동구 용전동(3011064000),21408,21408,1862,2482,3509,3883,3562,3211,1750,854,265,28,2,10961,10961,991,1315,1841,2105,1836,1542,863,379,81,8,0,10447,10447,871,1167,1668,1778,1726,1669,887,475,184,20,2
대전광역시 동구 성남동(3011066500),12061,12061,1086,1220,1672,2020,1872,1936,1290,696,229,34,6,6148,6148,574,631,895,1082,1045,930,616,289,77,8,1,5913,5913,512,589,777,938,827,1006,674,407,152,26,5
대전광역시 동구 홍도동(3011067000),13973,13973,1305,1551,2325,2546,2238,2050,1148,601,182,26,1,7150,7150,678,830,1243,1394,1165,986,544,249,55,6,0,6823,6823,627,721,1082,1152,1073,1064,604,352,127,20,1
대전광역시 동구 삼성동(3011069500),19617,19617,1749,2258,2510,3178,3074,3172,2082,1197,351,40,6,10159,10159,909,1235,1366,1686,1664,1603,1039,531,114,11,1,9458,9458,840,1023,1144,1492,1410,1569,1043,666,237,29,5
대전광역시 동구 대청동(3011072500),3059,3059,134,286,365,301,450,567,377,413,151,14,1,1585,1585,62,159,216,183,259,299,191,156,56,4,0,1474,1474,72,127,149,118,191,268,186,257,95,10,1
대전광역시 동구 산내동(3011074000),20033,20033,2531,2648,2102,3612,3073,2724,1804,1142,337,59,1,10078,10078,1300,1362,1147,1786,1678,1354,864,467,102,17,1,9955,9955,1231,1286,955,1826,1395,1370,940,675,235,42,0
대전광역시 중구 (3014000000),265433,265433,24080,35051,35417,42618,43855,40244,24464,14436,4651,566,51,132505,132505,12422,18464,18460,21625,22213,19646,11827,6198,1488,145,17,132928,132928,11658,16587,16957,20993,21642,20598,12637,8238,3163,421,34
대전광역시 중구 은행선화동(3014053500),16220,16220,1093,1572,2688,2989,2591,2560,1545,852,288,37,5,8231,8231,557,775,1292,1635,1417,1292,766,376,108,11,2,7989,7989,536,797,1396,1354,1174,1268,779,476,180,26,3
대전광역시 중구 목동(3014055000),14290,14290,1779,2476,1538,2530,2642,1662,878,585,174,23,3,6861,6861,879,1246,771,1144,1324,787,408,237,59,6,0,7429,7429,900,1230,767,1386,1318,875,470,348,115,17,3
대전광역시 중구 중촌동(3014056000),17204,17204,1660,2347,2201,2967,2857,2477,1455,883,316,40,1,8474,8474,854,1258,1139,1533,1402,1183,663,335,99,8,0,8730,8730,806,1089,1062,1434,1455,1294,792,548,217,32,1
대전광역시 중구 대흥동(3014057500),11385,11385,730,1160,1909,1766,1711,1977,1127,672,295,33,5,5707,5707,369,628,965,941,883,977,534,314,83,12,1,5678,5678,361,532,944,825,828,1000,593,358,212,21,4
대전광역시 중구 문창동(3014060500),5834,5834,351,561,756,755,961,1059,742,467,166,13,3,2999,2999,191,317,396,423,527,544,354,197,46,3,1,2835,2835,160,244,360,332,434,515,388,270,120,10,2
대전광역시 중구 석교동(3014062000),19829,19829,1403,2529,2728,2807,3166,3445,2145,1189,383,33,1,10180,10180,710,1332,1511,1549,1624,1709,1090,525,124,6,0,9649,9649,693,1197,1217,1258,1542,1736,1055,664,259,27,1
대전광역시 중구 대사동(3014063000),7128,7128,354,719,1042,955,1097,1293,880,592,170,22,4,3664,3664,189,402,551,547,571,649,411,269,64,9,2,3464,3464,165,317,491,408,526,644,469,323,106,13,2
대전광역시 중구 부사동(3014064000),7865,7865,441,913,1110,1098,1201,1352,972,576,180,19,3,3949,3949,217,454,586,628,607,644,493,259,57,1,3,3916,3916,224,459,524,470,594,708,479,317,123,18,0
대전광역시 중구 용두동(3014065500),11354,11354,1073,1357,1446,1967,1830,1626,1093,716,213,27,6,5679,5679,561,687,766,1001,975,809,503,302,64,8,3,5675,5675,512,670,680,966,855,817,590,414,149,19,3
대전광역시 중구 오류동(3014067000),10767,10767,911,1383,1409,1653,1715,1578,1079,757,254,27,1,5209,5209,473,732,715,807,844,708,493,343,84,9,1,5558,5558,438,651,694,846,871,870,586,414,170,18,0
대전광역시 중구 태평1동(3014068000),16071,16071,2089,2391,1795,3064,2731,1913,1204,668,200,15,1,7975,7975,1057,1257,904,1454,1451,926,583,277,64,2,0,8096,8096,1032,1134,891,1610,1280,987,621,391,136,13,1
대전광역시 중구 태평2동(3014069000),31031,31031,3467,4787,3636,4928,5327,4277,2567,1492,483,63,4,15167,15167,1823,2525,1840,2318,2598,2006,1243,632,171,10,1,15864,15864,1644,2262,1796,2610,2729,2271,1324,860,312,53,3
대전광역시 중구 유천1동(3014070000),8010,8010,548,766,1158,1339,1307,1455,856,448,117,15,1,4124,4124,300,433,599,709,694,730,431,195,30,3,0,3886,3886,248,333,559,630,613,725,425,253,87,12,1
대전광역시 중구 유천2동(3014071000),15946,15946,1175,1960,2261,2367,2395,2746,1761,939,295,44,3,7939,7939,595,1050,1196,1220,1184,1305,869,416,89,14,1,8007,8007,580,910,1065,1147,1211,1441,892,523,206,30,2
대전광역시 중구 문화1동(3014072000),24688,24688,2902,3522,3030,4038,4237,3325,2005,1221,354,49,5,12135,12135,1489,1810,1598,1884,2112,1636,947,536,110,12,1,12553,12553,1413,1712,1432,2154,2125,1689,1058,685,244,37,4
대전광역시 중구 문화2동(3014073000),16527,16527,1401,2480,2294,2553,2874,2426,1321,856,284,36,2,8206,8206,729,1363,1257,1241,1379,1201,612,328,85,10,1,8321,8321,672,1117,1037,1312,1495,1225,709,528,199,26,1
대전광역시 중구 산성동(3014074000),31284,31284,2703,4128,4416,4842,5213,5073,2834,1523,479,70,3,16006,16006,1429,2195,2374,2591,2621,2540,1427,657,151,21,0,15278,15278,1274,1933,2042,2251,2592,2533,1407,866,328,49,3
대전광역시 서구 (3017000000),500761,500761,48451,79028,75026,81617,91182,69873,31146,17558,6030,807,43,247195,247195,25067,41630,37683,39452,44041,34951,15272,7201,1690,205,3,253566,253566,23384,37398,37343,42165,47141,34922,15874,10357,4340,602,40
대전광역시 서구 복수동(3017051000),22133,22133,3004,3560,2523,4126,3918,2652,1372,719,232,26,1,10968,10968,1570,1844,1265,1928,2006,1283,695,312,59,6,0,11165,11165,1434,1716,1258,2198,1912,1369,677,407,173,20,1
대전광역시 서구 도마1동(3017052000),20907,20907,1336,2641,3376,2854,3400,3694,2132,1106,329,38,1,10617,10617,667,1436,1832,1570,1701,1801,1020,499,82,9,0,10290,10290,669,1205,1544,1284,1699,1893,1112,607,247,29,1
대전광역시 서구 도마2동(3017053000),23473,23473,1686,3068,3810,3348,3691,4035,2217,1224,338,54,2,11911,11911,900,1640,2087,1759,1824,1898,1146,543,105,9,0,11562,11562,786,1428,1723,1589,1867,2137,1071,681,233,45,2
대전광역시 서구 정림동(3017053500),19474,19474,1803,3100,2875,2821,3441,3008,1327,777,280,39,3,9678,9678,956,1645,1481,1362,1635,1530,665,323,74,6,1,9796,9796,847,1455,1394,1459,1806,1478,662,454,206,33,2
대전광역시 서구 변동(3017054000),19730,19730,1724,2597,2869,3156,3320,3083,1816,866,261,36,2,10007,10007,863,1377,1571,1600,1683,1501,920,389,94,9,0,9723,9723,861,1220,1298,1556,1637,1582,896,477,167,27,2
대전광역시 서구 용문동(3017055000),15820,15820,1207,1456,3033,3107,2253,2399,1378,742,215,30,0,7742,7742,598,792,1422,1634,1140,1096,668,321,63,8,0,8078,8078,609,664,1611,1473,1113,1303,710,421,152,22,0
대전광역시 서구 탄방동(3017055500),30873,30873,2677,4706,5443,5691,5771,3999,1386,846,318,36,0,14952,14952,1389,2530,2527,2744,2685,1997,667,317,88,8,0,15921,15921,1288,2176,2916,2947,3086,2002,719,529,230,28,0
대전광역시 서구 괴정동(3017056000),20920,20920,1946,2378,4136,4544,2996,2670,1385,638,198,26,3,10164,10164,1034,1232,1841,2322,1471,1248,657,301,52,6,0,10756,10756,912,1146,2295,2222,1525,1422,728,337,146,20,3
대전광역시 서구 가장동(3017057000),14189,14189,1465,1671,2116,2426,2144,2231,1303,609,197,24,3,7024,7024,747,865,1077,1198,1067,1065,656,292,51,6,0,7165,7165,718,806,1039,1228,1077,1166,647,317,146,18,3
대전광역시 서구 내동(3017057500),27541,27541,2959,4243,3753,4515,4703,3985,1983,1006,342,48,4,13512,13512,1480,2226,1962,2162,2253,1891,980,438,109,10,1,14029,14029,1479,2017,1791,2353,2450,2094,1003,568,233,38,3
대전광역시 서구 갈마1동(3017058100),25397,25397,2010,3430,4973,4448,4005,3927,1557,745,258,40,4,12528,12528,1060,1757,2452,2300,1851,1921,808,301,64,14,0,12869,12869,950,1673,2521,2148,2154,2006,749,444,194,26,4
대전광역시 서구 갈마2동(3017058200),29171,29171,2689,4266,5612,5737,5235,3553,1221,604,225,29,0,14266,14266,1337,2201,2690,2856,2509,1764,610,234,59,6,0,14905,14905,1352,2065,2922,2881,2726,1789,611,370,166,23,0
대전광역시 서구 월평1동(3017058600),12886,12886,848,1603,2701,2421,2306,1798,741,352,101,12,3,6513,6513,436,838,1374,1277,1144,899,361,156,25,2,1,6373,6373,412,765,1327,1144,1162,899,380,196,76,10,2
대전광역시 서구 월평2동(3017058700),19100,19100,1178,3006,2931,2182,3392,3433,1468,1050,413,43,4,9116,9116,628,1585,1523,1058,1475,1726,685,339,91,6,0,9984,9984,550,1421,1408,1124,1917,1707,783,711,322,37,4
대전광역시 서구 월평3동(3017058800),26079,26079,2527,4818,4003,3274,5161,4270,1043,670,281,32,0,13016,13016,1322,2588,2117,1501,2286,2327,534,249,85,7,0,13063,13063,1205,2230,1886,1773,2875,1943,509,421,196,25,0
대전광역시 서구 가수원동(3017059000),18030,18030,1972,2594,2502,3057,2999,2599,1293,728,243,41,2,9006,9006,1011,1342,1319,1542,1462,1309,632,304,69,16,0,9024,9024,961,1252,1183,1515,1537,1290,661,424,174,25,2
대전광역시 서구 관저1동(3017059600),16677,16677,1849,3069,2288,2562,3327,1981,832,550,203,16,0,8153,8153,968,1574,1123,1174,1603,1065,372,206,64,4,0,8524,8524,881,1495,1165,1388,1724,916,460,344,139,12,0
대전광역시 서구 관저2동(3017059700),33567,33567,5020,6552,3167,6530,6837,2843,1385,890,298,43,2,16318,16318,2604,3322,1494,2864,3550,1439,619,335,76,15,0,17249,17249,2416,3230,1673,3666,3287,1404,766,555,222,28,2
대전광역시 서구 기성동(3017060000),4488,4488,201,356,479,496,687,760,628,563,269,45,4,2319,2319,105,180,276,320,395,408,299,242,81,13,0,2169,2169,96,176,203,176,292,352,329,321,188,32,4
대전광역시 서구 둔산1동(3017063000),18263,18263,1785,3953,2002,2039,4046,2434,1084,646,243,29,2,9044,9044,920,2172,1013,811,1942,1281,554,268,75,8,0,9219,9219,865,1781,989,1228,2104,1153,530,378,168,21,2
대전광역시 서구 둔산2동(3017064000),42353,42353,4973,8438,5147,6797,9442,4923,1356,939,294,43,1,20761,20761,2601,4466,2505,2927,4551,2655,641,326,81,8,0,21592,21592,2372,3972,2642,3870,4891,2268,715,613,213,35,1
대전광역시 서구 만년동(3017065000),15812,15812,1777,2888,2101,2867,3302,1849,554,341,124,9,0,7851,7851,921,1499,1042,1372,1603,987,259,125,40,3,0,7961,7961,856,1389,1059,1495,1699,862,295,216,84,6,0
대전광역시 서구 둔산3동(3017066000),23878,23878,1815,4635,3186,2619,4806,3747,1685,947,368,68,2,11729,11729,950,2519,1690,1171,2205,1860,824,381,103,26,0,12149,12149,865,2116,1496,1448,2601,1887,861,566,265,42,2
대전광역시 유성구 (3020000000),288618,288618,37268,44829,38371,54750,52866,34520,13675,8581,3301,431,26,145703,145703,19430,23377,20358,26947,26699,17862,6644,3288,989,102,7,142915,142915,17838,21452,18013,27803,26167,16658,7031,5293,2312,329,19
대전광역시 유성구 진잠동(3020052000),29967,29967,3563,4279,3376,5459,5562,3925,1978,1278,481,60,6,15092,15092,1894,2236,1795,2707,2833,2002,977,497,132,16,3,14875,14875,1669,2043,1581,2752,2729,1923,1001,781,349,44,3
대전광역시 유성구 온천1동(3020053000),38890,38890,3235,4166,7263,7279,6089,5958,2670,1562,571,88,9,19500,19500,1663,2255,3807,3815,2896,2968,1277,617,177,24,1,19390,19390,1572,1911,3456,3464,3193,2990,1393,945,394,64,8
대전광역시 유성구 온천2동(3020054000),33789,33789,2953,4615,6845,5410,5512,4933,1906,1142,424,44,5,17406,17406,1529,2431,3821,2791,2699,2530,972,466,151,15,1,16383,16383,1424,2184,3024,2619,2813,2403,934,676,273,29,4
대전광역시 유성구 노은1동(3020054600),24362,24362,3402,4233,2710,4853,4634,2518,1118,614,255,25,0,12048,12048,1784,2218,1332,2280,2310,1301,508,243,68,4,0,12314,12314,1618,2015,1378,2573,2324,1217,610,371,187,21,0
대전광역시 유성구 노은2동(3020054700),44339,44339,6824,7601,4308,8449,8672,4799,1932,1233,456,63,2,21943,21943,3548,3844,2209,3865,4478,2416,940,484,147,11,1,22396,22396,3276,3757,2099,4584,4194,2383,992,749,309,52,1
대전광역시 유성구 신성동(3020055000),28408,28408,4263,4638,3599,6044,5154,2974,898,579,229,30,0,14663,14663,2231,2422,1949,3155,2567,1608,455,209,60,7,0,13745,13745,2032,2216,1650,2889,2587,1366,443,370,169,23,0
대전광역시 유성구 전민동(3020057000),26594,26594,3188,5165,3308,4190,5568,3314,870,668,278,44,1,13384,13384,1638,2669,1765,2034,2679,1825,434,242,88,9,1,13210,13210,1550,2496,1543,2156,2889,1489,436,426,190,35,0
대전광역시 유성구 구즉동(3020058000),32658,32658,5029,5133,3810,7116,5805,2993,1355,993,378,45,1,16671,16671,2596,2738,2003,3606,3095,1561,612,345,107,8,0,15987,15987,2433,2395,1807,3510,2710,1432,743,648,271,37,1
대전광역시 유성구 관평동(3020060000),29611,29611,4811,4999,3152,5950,5870,3106,948,512,229,32,2,14996,14996,2547,2564,1677,2694,3142,1651,469,185,59,8,0,14615,14615,2264,2435,1475,3256,2728,1455,479,327,170,24,2
대전광역시 대덕구 (3023000000),207312,207312,19648,31320,28708,33187,38200,30134,14688,8460,2608,335,24,105464,105464,10156,16638,15346,17018,19533,15238,7177,3513,754,87,4,101848,101848,9492,14682,13362,16169,18667,14896,7511,4947,1854,248,20
대전광역시 대덕구 오정동(3023051000),19984,19984,1375,2187,3439,3109,3295,3659,1831,801,250,34,4,10523,10523,730,1139,1844,1814,1744,1858,950,363,69,11,1,9461,9461,645,1048,1595,1295,1551,1801,881,438,181,23,3
대전광역시 대덕구 대화동(3023052000),10481,10481,847,1083,1554,1867,1681,1754,1001,504,166,24,0,5468,5468,453,591,791,1052,892,923,505,210,46,5,0,5013,5013,394,492,763,815,789,831,496,294,120,19,0
대전광역시 대덕구 회덕동(3023052500),18619,18619,1748,2297,2445,3057,3025,3003,1645,1044,306,44,5,9512,9512,897,1203,1322,1645,1592,1498,799,432,102,19,3,9107,9107,851,1094,1123,1412,1433,1505,846,612,204,25,2
대전광역시 대덕구 비래동(3023053300),19932,19932,1991,2879,2819,3224,3559,2950,1479,772,229,28,2,10053,10053,1031,1534,1503,1600,1801,1421,734,356,68,5,0,9879,9879,960,1345,1316,1624,1758,1529,745,416,161,23,2
대전광역시 대덕구 송촌동(3023054300),32839,32839,4085,6785,3471,5344,7312,3355,1346,866,252,22,1,16459,16459,2107,3604,1791,2354,3753,1777,640,369,61,3,0,16380,16380,1978,3181,1680,2990,3559,1578,706,497,191,19,1
대전광역시 대덕구 중리동(3023054600),24382,24382,2039,3299,3803,4115,4411,3771,1773,888,239,41,3,12448,12448,1051,1759,1997,2206,2226,1863,889,390,60,7,0,11934,11934,988,1540,1806,1909,2185,1908,884,498,179,34,3
대전광역시 대덕구 신탄진동(3023055000),13670,13670,1075,1920,1882,2016,2420,2136,1196,770,223,30,2,7021,7021,562,1043,1037,1073,1224,1094,583,328,66,11,0,6649,6649,513,877,845,943,1196,1042,613,442,157,19,2
대전광역시 대덕구 석봉동(3023056000),6807,6807,548,990,966,972,1174,1061,596,364,121,13,2,3565,3565,292,527,543,532,610,537,313,160,46,5,0,3242,3242,256,463,423,440,564,524,283,204,75,8,2
대전광역시 대덕구 덕암동(3023057000),17205,17205,1837,2548,2275,2970,3228,2260,1134,717,209,25,2,9036,9036,971,1387,1228,1572,1766,1191,549,303,61,8,0,8169,8169,866,1161,1047,1398,1462,1069,585,414,148,17,2
대전광역시 대덕구 목상동(3023058000),7006,7006,859,1000,1045,1434,1251,815,319,194,78,11,0,3695,3695,433,507,587,791,678,442,151,80,24,2,0,3311,3311,426,493,458,643,573,373,168,114,54,9,0
대전광역시 대덕구 법1동(3023060000),15306,15306,1284,2602,2098,2157,2810,2198,1110,761,256,27,3,7341,7341,659,1380,1112,1037,1340,1029,468,242,71,3,0,7965,7965,625,1222,986,1120,1470,1169,642,519,185,24,3
대전광역시 대덕구 법2동(3023061000),21081,21081,1960,3730,2911,2922,4034,3172,1258,779,279,36,0,10343,10343,970,1964,1591,1342,1907,1605,596,280,80,8,0,10738,10738,990,1766,1320,1580,2127,1567,662,499,199,28,0
울산광역시  (3100000000),1131325,1131325,112732,171995,151649,185961,217856,169128,72490,36408,11630,1389,87,581704,581704,59091,93056,82000,94805,110847,87343,36869,14667,2758,257,11,549621,549621,53641,78939,69649,91156,107009,81785,35621,21741,8872,1132,76
울산광역시 중구 (3111000000),232421,232421,19258,34492,32242,34994,44431,38105,17723,8502,2351,296,27,119022,119022,10215,18799,17465,18135,22178,19205,8831,3571,565,56,2,113399,113399,9043,15693,14777,16859,22253,18900,8892,4931,1786,240,25
울산광역시 중구 학성동(3111051000),12218,12218,766,1175,1729,1868,1929,2387,1495,688,160,19,2,6332,6332,388,657,912,1069,1037,1159,737,330,39,4,0,5886,5886,378,518,817,799,892,1228,758,358,121,15,2
울산광역시 중구 반구1동(3111052000),17040,17040,1252,2288,2581,2682,3241,3046,1271,514,151,12,2,8928,8928,667,1229,1417,1522,1667,1510,659,225,30,2,0,8112,8112,585,1059,1164,1160,1574,1536,612,289,121,10,2
울산광역시 중구 반구2동(3111053000),10600,10600,676,1475,1613,1532,1921,1929,955,384,99,14,2,5395,5395,378,774,896,805,922,935,501,160,19,5,0,5205,5205,298,701,717,727,999,994,454,224,80,9,2
울산광역시 중구 복산1동(3111054000),10747,10747,705,1342,1608,1504,1815,1989,1095,521,149,16,3,5465,5465,369,741,883,813,872,980,534,223,43,6,1,5282,5282,336,601,725,691,943,1009,561,298,106,10,2
울산광역시 중구 복산2동(3111055000),10270,10270,781,1738,1520,1454,2027,1663,684,306,84,11,2,5237,5237,396,974,817,736,983,826,370,115,20,0,0,5033,5033,385,764,703,718,1044,837,314,191,64,11,2
울산광역시 중구 북정동(3111056000),22113,22113,2823,3490,2266,4402,4289,2611,1281,693,221,34,3,11282,11282,1492,1890,1222,2171,2241,1297,652,267,43,7,0,10831,10831,1331,1600,1044,2231,2048,1314,629,426,178,27,3
울산광역시 중구 중앙동(3111058500),14932,14932,750,1510,2069,2080,2408,3134,1784,910,240,39,8,7722,7722,404,824,1182,1187,1234,1560,840,413,68,9,1,7210,7210,346,686,887,893,1174,1574,944,497,172,30,7
울산광역시 중구 우정동(3111059000),22404,22404,1784,2940,3117,3374,4079,3948,1919,982,237,24,0,11385,11385,935,1591,1606,1825,2042,1973,912,426,66,9,0,11019,11019,849,1349,1511,1549,2037,1975,1007,556,171,15,0
울산광역시 중구 태화동(3111060000),26302,26302,2316,3986,3851,3871,4881,4423,1857,809,272,35,1,13218,13218,1239,2238,2014,1877,2306,2231,935,320,55,3,0,13084,13084,1077,1748,1837,1994,2575,2192,922,489,217,32,1
울산광역시 중구 다운동(3111061000),31382,31382,2760,5293,4050,4853,6452,4443,2099,1104,291,37,0,16062,16062,1487,2857,2251,2427,3200,2278,1016,458,82,6,0,15320,15320,1273,2436,1799,2426,3252,2165,1083,646,209,31,0
울산광역시 중구 병영1동(3111062000),27675,27675,2213,4772,4002,3566,5933,4436,1703,812,208,27,3,14188,14188,1183,2606,2191,1732,2978,2259,878,314,45,2,0,13487,13487,1030,2166,1811,1834,2955,2177,825,498,163,25,3
울산광역시 중구 병영2동(3111063000),17910,17910,1525,2607,2770,2709,3346,2966,1192,603,172,19,1,9276,9276,788,1411,1495,1476,1646,1580,594,247,38,1,0,8634,8634,737,1196,1275,1233,1700,1386,598,356,134,18,1
울산광역시 중구 약사동(3111064000),8828,8828,907,1876,1066,1099,2110,1130,388,176,67,9,0,4532,4532,489,1007,579,495,1050,617,203,73,17,2,0,4296,4296,418,869,487,604,1060,513,185,103,50,7,0
울산광역시 남구 (3114000000),343487,343487,30594,54887,47919,54261,69149,52845,21352,9443,2715,310,12,174949,174949,16063,29691,25506,26822,34322,26899,11019,3944,633,47,3,168538,168538,14531,25196,22413,27439,34827,25946,10333,5499,2082,263,9
울산광역시 남구 신정1동(3114051000),19449,19449,1121,2175,2871,2740,3290,4018,2081,883,238,31,1,9869,9869,595,1203,1562,1536,1589,1849,1069,400,55,11,0,9580,9580,526,972,1309,1204,1701,2169,1012,483,183,20,1
울산광역시 남구 신정2동(3114052000),22685,22685,1796,4045,3071,2904,4774,3672,1566,632,202,22,1,11515,11515,934,2203,1657,1372,2327,1853,826,291,48,4,0,11170,11170,862,1842,1414,1532,2447,1819,740,341,154,18,1
울산광역시 남구 신정3동(3114053000),11909,11909,634,1375,1776,1740,2126,2349,1190,557,146,16,0,6019,6019,337,739,981,936,1042,1118,571,254,38,3,0,5890,5890,297,636,795,804,1084,1231,619,303,108,13,0
울산광역시 남구 신정4동(3114054000),25999,25999,2675,4140,3472,4141,5168,3829,1690,669,193,19,3,13183,13183,1368,2204,1872,2009,2580,1946,857,294,49,3,1,12816,12816,1307,1936,1600,2132,2588,1883,833,375,144,16,2
울산광역시 남구 신정5동(3114055000),8783,8783,568,1174,1274,1437,1682,1584,697,286,69,12,0,4619,4619,293,658,702,776,857,826,359,134,13,1,0,4164,4164,275,516,572,661,825,758,338,152,56,11,0
울산광역시 남구 달동(3114056000),30750,30750,2606,4473,4743,5066,5965,4866,1791,948,267,21,4,15329,15329,1330,2429,2455,2559,2850,2375,905,365,57,3,1,15421,15421,1276,2044,2288,2507,3115,2491,886,583,210,18,3
울산광역시 남구 삼산동(3114057000),49503,49503,4793,7749,7394,9365,10210,6782,2127,743,296,43,1,25020,25020,2532,4134,3733,4493,5056,3535,1175,296,60,5,1,24483,24483,2261,3615,3661,4872,5154,3247,952,447,236,38,0
울산광역시 남구 삼호동(3114058500),24670,24670,2129,3970,3386,3977,5085,3618,1526,769,193,17,0,12532,12532,1118,2116,1825,2003,2517,1846,761,307,38,1,0,12138,12138,1011,1854,1561,1974,2568,1772,765,462,155,16,0
울산광역시 남구 무거동(3114059500),38521,38521,3860,7318,5167,6086,8602,4717,1652,851,249,18,1,19788,19788,2013,4009,2839,2887,4284,2539,828,328,59,2,0,18733,18733,1847,3309,2328,3199,4318,2178,824,523,190,16,1
울산광역시 남구 옥동(3114060000),28988,28988,2443,6267,3613,3399,6756,4267,1366,626,220,31,0,14774,14774,1350,3527,1966,1440,3217,2263,721,232,56,2,0,14214,14214,1093,2740,1647,1959,3539,2004,645,394,164,29,0
울산광역시 남구 대현동(3114062500),31630,31630,3330,4949,4082,5320,6022,4762,2065,845,228,26,1,16105,16105,1726,2669,2144,2593,3097,2386,1078,353,57,2,0,15525,15525,1604,2280,1938,2727,2925,2376,987,492,171,24,1
울산광역시 남구 수암동(3114063500),18499,18499,1939,3257,2559,2841,3759,2768,899,347,114,16,0,9333,9333,1018,1692,1382,1300,1857,1433,484,141,25,1,0,9166,9166,921,1565,1177,1541,1902,1335,415,206,89,15,0
울산광역시 남구 선암동(3114064000),17551,17551,1820,2519,2559,2976,3269,2794,986,490,120,18,0,9023,9023,978,1309,1302,1541,1662,1481,526,192,26,6,0,8528,8528,842,1210,1257,1435,1607,1313,460,298,94,12,0
울산광역시 남구 야음장생포동(3114067000),14550,14550,880,1476,1952,2269,2441,2819,1716,797,180,20,0,7840,7840,471,799,1086,1377,1387,1449,859,357,52,3,0,6710,6710,409,677,866,892,1054,1370,857,440,128,17,0
울산광역시 동구 (3117000000),170639,170639,17315,22964,26949,28839,28785,29307,10668,4015,1575,206,16,89500,89500,9110,12391,15083,15613,14266,15184,5910,1597,306,39,1,81139,81139,8205,10573,11866,13226,14519,14123,4758,2418,1269,167,15
울산광역시 동구 방어동(3117051000),39554,39554,4376,5254,5926,7414,6647,6119,2398,987,373,59,1,21012,21012,2316,2801,3412,4084,3441,3185,1295,397,68,13,0,18542,18542,2060,2453,2514,3330,3206,2934,1103,590,305,46,1
울산광역시 동구 일산동(3117052000),8301,8301,526,957,1312,1212,1410,1652,768,343,106,13,2,4368,4368,242,523,756,694,731,823,412,154,31,2,0,3933,3933,284,434,556,518,679,829,356,189,75,11,2
울산광역시 동구 화정동(3117053000),19642,19642,1782,2707,2918,3077,3406,3509,1415,581,209,35,3,10204,10204,946,1442,1597,1715,1703,1798,757,191,48,7,0,9438,9438,836,1265,1321,1362,1703,1711,658,390,161,28,3
울산광역시 동구 대송동(3117054000),16060,16060,1604,2747,2385,2538,3255,2439,703,270,103,16,0,8337,8337,844,1438,1317,1309,1595,1303,389,119,20,3,0,7723,7723,760,1309,1068,1229,1660,1136,314,151,83,13,0
울산광역시 동구 전하1동(3117055000),17854,17854,1657,2346,2844,2916,3043,3114,1307,441,161,22,3,9711,9711,904,1345,1731,1653,1513,1586,752,191,30,5,1,8143,8143,753,1001,1113,1263,1530,1528,555,250,131,17,2
울산광역시 동구 전하2동(3117056000),14256,14256,1055,2133,2223,1984,2660,2673,1003,375,136,14,0,7446,7446,542,1134,1279,1086,1313,1344,560,153,32,3,0,6810,6810,513,999,944,898,1347,1329,443,222,104,11,0
울산광역시 동구 남목1동(3117058000),11936,11936,1167,1587,1931,1916,1887,2179,838,290,128,13,0,6235,6235,626,877,1092,1010,911,1113,465,117,22,2,0,5701,5701,541,710,839,906,976,1066,373,173,106,11,0
울산광역시 동구 남목2동(3117059000),27619,27619,3271,3323,4892,5074,4062,5014,1381,370,205,23,4,14238,14238,1719,1791,2532,2645,1918,2637,822,142,29,3,0,13381,13381,1552,1532,2360,2429,2144,2377,559,228,176,20,4
울산광역시 동구 남목3동(3117060000),15417,15417,1877,1910,2518,2708,2415,2608,855,358,154,11,3,7949,7949,971,1040,1367,1417,1141,1395,458,133,26,1,0,7468,7468,906,870,1151,1291,1274,1213,397,225,128,10,3
울산광역시 북구 (3120000000),181611,181611,23305,30502,21769,33511,37560,20657,8032,4490,1570,202,13,93759,93759,12093,16484,11492,16764,19704,11199,3962,1660,354,45,2,87852,87852,11212,14018,10277,16747,17856,9458,4070,2830,1216,157,11
울산광역시 북구 농소1동(3120051000),27360,27360,3426,4139,3517,5035,5359,3342,1475,765,265,34,3,13915,13915,1723,2229,1818,2518,2755,1817,706,278,62,8,1,13445,13445,1703,1910,1699,2517,2604,1525,769,487,203,26,2
울산광역시 북구 농소2동(3120052000),32902,32902,4767,5331,3930,6494,6568,3505,1298,752,225,29,3,16902,16902,2514,2911,1973,3225,3401,1908,640,268,55,7,0,16000,16000,2253,2420,1957,3269,3167,1597,658,484,170,22,3
울산광역시 북구 농소3동(3120053000),41138,41138,6740,7867,3404,8636,8821,3179,1367,822,264,37,1,20932,20932,3522,4152,1770,3966,4747,1778,631,301,60,5,0,20206,20206,3218,3715,1634,4670,4074,1401,736,521,204,32,1
울산광역시 북구 강동동(3120054000),4718,4718,220,395,607,588,688,899,595,505,191,29,1,2475,2475,114,238,353,359,420,461,291,187,44,8,0,2243,2243,106,157,254,229,268,438,304,318,147,21,1
울산광역시 북구 효문동(3120056000),29116,29116,2995,5565,3523,4503,6889,3510,1203,668,236,23,1,15111,15111,1571,2978,1884,2211,3620,1902,616,269,51,8,1,14005,14005,1424,2587,1639,2292,3269,1608,587,399,185,15,0
울산광역시 북구 송정동(3120057000),20268,20268,2263,3972,2582,3099,4593,2346,804,424,165,20,0,10330,10330,1157,2195,1360,1471,2276,1275,412,147,34,3,0,9938,9938,1106,1777,1222,1628,2317,1071,392,277,131,17,0
울산광역시 북구 양정동(3120058000),12704,12704,1473,1573,2057,2618,2316,1763,554,231,106,12,1,6981,6981,767,866,1145,1556,1272,973,300,79,22,1,0,5723,5723,706,707,912,1062,1044,790,254,152,84,11,1
울산광역시 북구 염포동(3120059000),13405,13405,1421,1660,2149,2538,2326,2113,736,323,118,18,3,7113,7113,725,915,1189,1458,1213,1085,366,131,26,5,0,6292,6292,696,745,960,1080,1113,1028,370,192,92,13,3
울산광역시 울주군 (3171000000),203167,203167,22260,29150,22770,34356,37931,28214,14715,9958,3419,375,19,104474,104474,11610,15691,12454,17471,20377,14856,7147,3895,900,70,3,98693,98693,10650,13459,10316,16885,17554,13358,7568,6063,2519,305,16
울산광역시 울주군 온산읍(3171025000),24070,24070,2732,3241,2995,4818,4388,3203,1402,958,297,31,5,13072,13072,1431,1774,1687,2786,2520,1733,684,376,73,7,1,10998,10998,1301,1467,1308,2032,1868,1470,718,582,224,24,4
울산광역시 울주군 언양읍(3171025300),26098,26098,2476,4124,3252,4013,4713,3782,1913,1300,465,58,2,13270,13270,1291,2224,1822,1980,2476,1913,925,503,128,8,0,12828,12828,1185,1900,1430,2033,2237,1869,988,797,337,50,2
울산광역시 울주군 온양읍(3171025600),22977,22977,2805,3428,2571,4086,4468,2891,1437,976,287,26,2,11841,11841,1452,1831,1368,2065,2422,1566,693,369,68,6,1,11136,11136,1353,1597,1203,2021,2046,1325,744,607,219,20,1
울산광역시 울주군 범서읍(3171025900),64515,64515,9462,10913,6597,12337,13116,7097,2840,1584,507,59,3,32578,32578,4976,5811,3495,5621,6806,3791,1356,596,113,13,0,31937,31937,4486,5102,3102,6716,6310,3306,1484,988,394,46,3
울산광역시 울주군 서생면(3171031000),7933,7933,423,783,986,1004,1279,1551,1003,650,228,24,2,4191,4191,212,432,575,628,733,787,501,263,55,5,0,3742,3742,211,351,411,376,546,764,502,387,173,19,2
울산광역시 울주군 청량면(3171033000),14604,14604,1531,1868,1487,2441,2651,2253,1258,820,262,32,1,7586,7586,775,1006,806,1242,1499,1221,622,337,71,7,0,7018,7018,756,862,681,1199,1152,1032,636,483,191,25,1
울산광역시 울주군 웅촌면(3171034000),8679,8679,479,1051,1049,1014,1581,1546,965,720,243,29,2,4554,4554,259,595,587,610,850,816,473,287,71,5,1,4125,4125,220,456,462,404,731,730,492,433,172,24,1
울산광역시 울주군 두동면(3171036000),3961,3961,116,259,383,415,680,837,570,486,193,21,1,2037,2037,57,132,220,267,397,445,275,193,49,2,0,1924,1924,59,127,163,148,283,392,295,293,144,19,1
울산광역시 울주군 두서면(3171037000),3471,3471,149,222,338,301,444,674,562,561,196,24,0,1730,1730,79,127,190,189,255,358,258,212,57,5,0,1741,1741,70,95,148,112,189,316,304,349,139,19,0
울산광역시 울주군 상북면(3171038000),8786,8786,529,975,952,1115,1482,1605,1010,782,307,29,0,4430,4430,282,539,539,581,780,818,502,296,90,3,0,4356,4356,247,436,413,534,702,787,508,486,217,26,0
울산광역시 울주군 삼남면(3171039000),16156,16156,1482,2135,1990,2623,2847,2386,1463,873,320,36,1,8195,8195,760,1137,1065,1389,1474,1198,712,354,98,8,0,7961,7961,722,998,925,1234,1373,1188,751,519,222,28,1
울산광역시 울주군 삼동면(3171040000),1917,1917,76,151,170,189,282,389,292,248,114,6,0,990,990,36,83,100,113,165,210,146,109,27,1,0,927,927,40,68,70,76,117,179,146,139,87,5,0
경기도  (4100000000),11874213,11874213,1258566,1674813,1557317,2096151,2206868,1593700,799493,502499,161092,21685,2029,5986390,5986390,649093,874052,800338,1059939,1134666,820789,381894,209961,49545,5568,545,5887823,5887823,609473,800761,756979,1036212,1072202,772911,417599,292538,111547,16117,1484
경기도 수원시 (4111000000),1076556,1076556,109759,163600,158992,194135,204591,134946,60882,35765,12146,1612,128,542714,542714,56721,85692,81919,98791,102794,69436,29097,14411,3432,386,35,533842,533842,53038,77908,77073,95344,101797,65510,31785,21354,8714,1226,93
경기도 수원시 장안구 (4111100000),293485,293485,28789,46501,41773,48716,56634,37488,17885,11113,4002,544,40,147851,147851,14917,24528,22265,24283,28375,19180,8508,4471,1184,129,11,145634,145634,13872,21973,19508,24433,28259,18308,9377,6642,2818,415,29
경기도 수원시 장안구 파장동(4111156000),21206,21206,1666,2690,3237,3360,3726,3428,1743,970,329,56,1,10837,10837,880,1489,1720,1778,1906,1700,859,409,83,13,0,10369,10369,786,1201,1517,1582,1820,1728,884,561,246,43,1
경기도 수원시 장안구 율천동(4111156600),46740,46740,5022,7443,8978,8532,7992,4773,2063,1392,479,62,4,24724,24724,2576,4155,5406,4337,4115,2475,962,526,154,15,3,22016,22016,2446,3288,3572,4195,3877,2298,1101,866,325,47,1
경기도 수원시 장안구 정자1동(4111157100),24894,24894,2651,3442,3492,4448,4461,3427,1617,936,366,53,1,12359,12359,1373,1834,1798,2246,2201,1664,767,360,98,17,1,12535,12535,1278,1608,1694,2202,2260,1763,850,576,268,36,0
경기도 수원시 장안구 정자2동(4111157200),34311,34311,3534,5782,4274,5780,6980,4177,2066,1240,419,57,2,17132,17132,1852,3093,2175,2821,3446,2118,959,527,128,12,1,17179,17179,1682,2689,2099,2959,3534,2059,1107,713,291,45,1
경기도 수원시 장안구 정자3동(4111157300),47338,47338,6022,10006,4865,7867,11187,4238,1563,1128,409,52,1,23505,23505,3103,5149,2397,3470,5710,2435,706,420,107,8,0,23833,23833,2919,4857,2468,4397,5477,1803,857,708,302,44,1
경기도 수원시 장안구 영화동(4111158000),22727,22727,1416,2381,3654,3826,3872,3881,2120,1133,369,65,10,11253,11253,712,1183,1887,2037,1898,1876,1029,504,107,17,3,11474,11474,704,1198,1767,1789,1974,2005,1091,629,262,48,7
경기도 수원시 장안구 송죽동(4111159100),20300,20300,1774,2882,3107,3407,3717,3046,1336,769,231,31,0,10080,10080,914,1481,1514,1700,1858,1562,663,313,69,6,0,10220,10220,860,1401,1593,1707,1859,1484,673,456,162,25,0
경기도 수원시 장안구 조원1동(4111159700),33248,33248,3108,5288,4315,5416,6402,4390,2206,1489,577,53,4,16667,16667,1603,2727,2280,2770,3213,2233,1076,568,186,11,0,16581,16581,1505,2561,2035,2646,3189,2157,1130,921,391,42,4
경기도 수원시 장안구 조원2동(4111159800),20441,20441,2012,3905,2447,2775,4522,2603,1065,745,315,50,2,10041,10041,1048,2044,1250,1266,2094,1414,498,312,96,19,0,10400,10400,964,1861,1197,1509,2428,1189,567,433,219,31,2
경기도 수원시 장안구 연무동(4111160000),22280,22280,1584,2682,3404,3305,3775,3525,2106,1311,508,65,15,11253,11253,856,1373,1838,1858,1934,1703,989,532,156,11,3,11027,11027,728,1309,1566,1447,1841,1822,1117,779,352,54,12
경기도 수원시 권선구 (4111300000),307410,307410,29916,45950,46894,54657,58030,40393,17655,10162,3292,425,36,155272,155272,15546,23896,23820,28307,29169,20826,8591,4063,940,103,11,152138,152138,14370,22054,23074,26350,28861,19567,9064,6099,2352,322,25
경기도 수원시 권선구 세류1동(4111352000),4737,4737,289,480,740,736,804,810,484,282,89,15,8,2379,2379,150,247,381,420,418,386,222,126,22,6,1,2358,2358,139,233,359,316,386,424,262,156,67,9,7
경기도 수원시 권선구 세류2동(4111353000),27771,27771,2063,3285,4797,4870,4760,4356,2134,1127,327,46,6,14190,14190,1090,1705,2482,2641,2437,2165,1065,488,105,11,1,13581,13581,973,1580,2315,2229,2323,2191,1069,639,222,35,5
경기도 수원시 권선구 세류3동(4111354000),26405,26405,2093,3408,4158,4653,4692,3924,2031,1059,336,47,4,13261,13261,1095,1764,2144,2479,2337,1915,985,426,104,11,1,13144,13144,998,1644,2014,2174,2355,2009,1046,633,232,36,3
경기도 수원시 권선구 평동(4111355000),38125,38125,4099,5575,5034,6693,7036,5195,2483,1439,500,66,5,19173,19173,2089,2888,2501,3417,3639,2696,1212,582,134,13,2,18952,18952,2010,2687,2533,3276,3397,2499,1271,857,366,53,3
경기도 수원시 권선구 서둔동(4111356000),43580,43580,4304,6123,6437,7973,7699,6043,2901,1566,464,66,4,22010,22010,2266,3093,3249,4228,3973,3021,1417,625,123,13,2,21570,21570,2038,3030,3188,3745,3726,3022,1484,941,341,53,2
경기도 수원시 권선구 구운동(4111365000),28591,28591,2488,4428,4292,4521,5507,4220,1761,1008,335,29,2,14510,14510,1304,2361,2221,2355,2704,2180,878,410,91,6,0,14081,14081,1184,2067,2071,2166,2803,2040,883,598,244,23,2
경기도 수원시 권선구 금호동(4111366000),36912,36912,4132,7111,4146,5539,8273,4163,1766,1327,402,51,2,18338,18338,2139,3707,2150,2530,4098,2262,794,503,133,21,1,18574,18574,1993,3404,1996,3009,4175,1901,972,824,269,30,1
경기도 수원시 권선구 권선1동(4111367000),26564,26564,2165,3958,4496,4741,5110,3693,1407,720,242,30,2,13454,13454,1147,2074,2291,2422,2530,1927,705,279,73,5,1,13110,13110,1018,1884,2205,2319,2580,1766,702,441,169,25,1
경기도 수원시 권선구 권선2동(4111368000),28893,28893,3019,5126,4412,4667,5709,3881,1180,626,233,39,1,14344,14344,1598,2733,2199,2223,2655,2039,588,237,59,12,1,14549,14549,1421,2393,2213,2444,3054,1842,592,389,174,27,0
경기도 수원시 권선구 곡선동(4111369000),31261,31261,2843,4338,7010,7021,5722,2711,822,542,230,20,2,16304,16304,1451,2235,3524,4026,2911,1482,409,205,57,3,1,14957,14957,1392,2103,3486,2995,2811,1229,413,337,173,17,1
경기도 수원시 권선구 입북동(4111370000),14571,14571,2421,2118,1372,3243,2718,1397,686,466,134,16,0,7309,7309,1217,1089,678,1566,1467,753,316,182,39,2,0,7262,7262,1204,1029,694,1677,1251,644,370,284,95,14,0
경기도 수원시 팔달구 (4111500000),214653,214653,18621,26714,33105,38513,37802,31443,16214,8965,2846,388,42,107532,107532,9588,13884,16702,20170,19131,15634,7722,3786,797,107,11,107121,107121,9033,12830,16403,18343,18671,15809,8492,5179,2049,281,31
경기도 수원시 팔달구 매교동(4111565000),11629,11629,734,1113,1771,2026,2001,1960,1141,664,191,26,2,6010,6010,386,629,887,1164,1067,975,534,311,46,10,1,5619,5619,348,484,884,862,934,985,607,353,145,16,1
경기도 수원시 팔달구 매산동(4111566000),12728,12728,755,1157,2724,2234,1900,2084,1074,589,188,21,2,6296,6296,357,589,1268,1222,972,1030,535,249,65,9,0,6432,6432,398,568,1456,1012,928,1054,539,340,123,12,2
경기도 수원시 팔달구 고등동(4111567000),15140,15140,934,1500,2446,2525,2615,2522,1547,784,223,38,6,7753,7753,476,736,1242,1413,1404,1248,776,371,73,10,4,7387,7387,458,764,1204,1112,1211,1274,771,413,150,28,2
경기도 수원시 팔달구 화서1동(4111568000),27665,27665,2714,3831,3738,5097,4785,3908,2089,1089,350,56,8,13537,13537,1387,1946,1854,2596,2329,1861,975,469,107,11,2,14128,14128,1327,1885,1884,2501,2456,2047,1114,620,243,45,6
경기도 수원시 팔달구 화서2동(4111569000),30291,30291,3472,5199,3848,5316,6259,3555,1392,915,301,31,3,14816,14816,1743,2632,1831,2531,3050,1910,660,364,85,9,1,15475,15475,1729,2567,2017,2785,3209,1645,732,551,216,22,2
경기도 수원시 팔달구 지동(4111570000),16707,16707,1139,1784,2486,2813,2743,2765,1686,946,302,38,5,8341,8341,615,905,1248,1519,1416,1338,816,393,77,14,0,8366,8366,524,879,1238,1294,1327,1427,870,553,225,24,5
경기도 수원시 팔달구 우만1동(4111571000),24871,24871,2046,3071,3998,4517,4310,3671,1842,1028,346,39,3,12438,12438,1064,1636,2145,2423,2122,1748,804,392,91,12,1,12433,12433,982,1435,1853,2094,2188,1923,1038,636,255,27,2
경기도 수원시 팔달구 우만2동(4111572000),19387,19387,2225,2918,3203,3479,3555,2297,949,546,187,28,0,9757,9757,1180,1552,1728,1696,1759,1131,437,221,46,7,0,9630,9630,1045,1366,1475,1783,1796,1166,512,325,141,21,0
경기도 수원시 팔달구 인계동(4111573000),42841,42841,4015,4895,7113,8534,7387,6075,2835,1449,467,64,7,21640,21640,2089,2620,3552,4450,3761,3074,1364,606,112,10,2,21201,21201,1926,2275,3561,4084,3626,3001,1471,843,355,54,5
경기도 수원시 팔달구 행궁동(4111574000),13394,13394,587,1246,1778,1972,2247,2606,1659,955,291,47,6,6944,6944,291,639,947,1156,1251,1319,821,410,95,15,0,6450,6450,296,607,831,816,996,1287,838,545,196,32,6
경기도 수원시 영통구 (4111700000),261008,261008,32433,44435,37220,52249,52125,25622,9128,5525,2006,255,10,132059,132059,16670,23384,19132,26031,26119,13796,4276,2091,511,47,2,128949,128949,15763,21051,18088,26218,26006,11826,4852,3434,1495,208,8
경기도 수원시 영통구 매탄1동(4111751000),22078,22078,2663,3351,3172,4345,4049,2541,1146,581,202,27,1,11054,11054,1354,1812,1611,2124,2050,1275,568,212,44,4,0,11024,11024,1309,1539,1561,2221,1999,1266,578,369,158,23,1
경기도 수원시 영통구 매탄2동(4111752000),18216,18216,1697,2989,2785,3051,3586,2354,992,558,175,27,2,9056,9056,867,1542,1421,1520,1735,1217,470,238,39,7,0,9160,9160,830,1447,1364,1531,1851,1137,522,320,136,20,2
경기도 수원시 영통구 매탄3동(4111753000),39586,39586,4386,7062,6220,7511,7935,3936,1364,815,307,48,2,20365,20365,2214,3648,3486,3864,3948,2123,679,305,90,8,0,19221,19221,2172,3414,2734,3647,3987,1813,685,510,217,40,2
경기도 수원시 영통구 매탄4동(4111754000),26607,26607,3023,4322,4022,5248,4955,3001,1103,644,259,29,1,13295,13295,1517,2311,2019,2642,2429,1536,527,236,73,5,0,13312,13312,1506,2011,2003,2606,2526,1465,576,408,186,24,1
경기도 수원시 영통구 원천동(4111755000),18776,18776,2068,2001,4064,4697,2762,1793,817,416,150,6,2,9832,9832,1072,1038,2145,2657,1430,916,368,165,40,0,1,8944,8944,996,963,1919,2040,1332,877,449,251,110,6,1
경기도 수원시 영통구 영통1동(4111757000),44552,44552,6167,7782,5746,9404,9320,3698,1232,845,316,41,1,22538,22538,3221,4149,2892,4526,4741,2042,534,338,85,9,1,22014,22014,2946,3633,2854,4878,4579,1656,698,507,231,32,0
경기도 수원시 영통구 영통2동(4111758000),49751,49751,7170,9276,5602,10636,10670,4036,1150,871,311,29,0,25084,25084,3746,4909,2656,5133,5395,2342,505,311,80,7,0,24667,24667,3424,4367,2946,5503,5275,1694,645,560,231,22,0
경기도 수원시 영통구 태장동(4111759000),41442,41442,5259,7652,5609,7357,8848,4263,1324,795,286,48,1,20835,20835,2679,3975,2902,3565,4391,2345,625,286,60,7,0,20607,20607,2580,3677,2707,3792,4457,1918,699,509,226,41,1
경기도 성남시 (4113000000),980051,980051,89004,131893,139876,173822,180743,139204,70493,39405,13373,1998,240,488906,488906,45865,68928,70362,87529,90686,70337,33956,16671,4030,490,52,491145,491145,43139,62965,69514,86293,90057,68867,36537,22734,9343,1508,188
경기도 성남시 수정구 (4113100000),237986,237986,19730,26169,35975,45689,40416,35699,20546,10234,2918,493,117,121306,121306,10182,13727,18639,24666,21274,17630,9821,4417,802,119,29,116680,116680,9548,12442,17336,21023,19142,18069,10725,5817,2116,374,88
경기도 성남시 수정구 신흥1동(4113151000),16459,16459,1034,1541,2774,2906,2934,2685,1544,784,203,38,16,8410,8410,517,843,1461,1596,1577,1289,717,332,65,11,2,8049,8049,517,698,1313,1310,1357,1396,827,452,138,27,14
경기도 성남시 수정구 신흥2동(4113152000),32306,32306,3318,4112,4237,6028,5760,4779,2503,1133,361,67,8,16274,16274,1709,2107,2228,3078,2987,2350,1249,465,92,5,4,16032,16032,1609,2005,2009,2950,2773,2429,1254,668,269,62,4
경기도 성남시 수정구 신흥3동(4113153000),12222,12222,749,1217,1964,2221,2181,1963,1164,584,156,20,3,6192,6192,393,625,1009,1235,1132,942,564,253,34,5,0,6030,6030,356,592,955,986,1049,1021,600,331,122,15,3
경기도 성남시 수정구 태평1동(4113154000),18890,18890,1264,1672,3317,3692,3024,2913,1836,922,206,32,12,9715,9715,653,867,1695,2105,1606,1457,857,408,58,7,2,9175,9175,611,805,1622,1587,1418,1456,979,514,148,25,10
경기도 성남시 수정구 태평2동(4113155000),20671,20671,1645,2603,2952,3693,3687,3118,1766,909,249,42,7,10448,10448,834,1373,1500,1964,1900,1567,839,388,73,7,3,10223,10223,811,1230,1452,1729,1787,1551,927,521,176,35,4
경기도 성남시 수정구 태평3동(4113156000),16971,16971,1413,1993,2521,3073,2969,2551,1390,807,208,38,8,8623,8623,702,1066,1308,1606,1583,1284,665,340,60,8,1,8348,8348,711,927,1213,1467,1386,1267,725,467,148,30,7
경기도 성남시 수정구 태평4동(4113156100),17513,17513,1567,2420,2323,3096,3242,2472,1412,741,207,23,10,8897,8897,816,1241,1217,1632,1703,1239,665,319,57,7,1,8616,8616,751,1179,1106,1464,1539,1233,747,422,150,16,9
경기도 성남시 수정구 수진1동(4113157000),16843,16843,1044,1760,2480,2777,3098,2888,1659,836,256,36,9,8582,8582,548,933,1295,1502,1630,1426,807,353,74,9,5,8261,8261,496,827,1185,1275,1468,1462,852,483,182,27,4
경기도 성남시 수정구 수진2동(4113158000),20559,20559,1505,2343,3129,3630,3555,3372,1827,901,237,49,11,10385,10385,777,1288,1640,1895,1791,1658,868,402,51,15,0,10174,10174,728,1055,1489,1735,1764,1714,959,499,186,34,11
경기도 성남시 수정구 단대동(4113159000),13803,13803,1173,1607,2093,2509,2315,2063,1185,632,188,32,6,6929,6929,624,869,1054,1304,1179,1005,551,278,53,11,1,6874,6874,549,738,1039,1205,1136,1058,634,354,135,21,5
경기도 성남시 수정구 산성동(4113160000),16722,16722,1572,1855,2276,3461,2722,2273,1528,759,213,46,17,8570,8570,800,958,1213,1854,1477,1133,703,337,66,20,9,8152,8152,772,897,1063,1607,1245,1140,825,422,147,26,8
경기도 성남시 수정구 양지동(4113161000),10954,10954,961,1457,1529,1890,1903,1600,976,463,151,20,4,5462,5462,510,738,781,986,965,769,466,195,47,5,0,5492,5492,451,719,748,904,938,831,510,268,104,15,4
경기도 성남시 수정구 복정동(4113162000),14059,14059,1565,634,2897,4965,1580,1296,710,280,109,19,4,7575,7575,798,321,1410,2969,961,628,326,135,22,4,1,6484,6484,767,313,1487,1996,619,668,384,145,87,15,3
경기도 성남시 수정구 신촌동(4113163000),3989,3989,568,409,579,882,567,533,251,147,43,9,1,2095,2095,309,213,339,466,304,270,122,59,13,0,0,1894,1894,259,196,240,416,263,263,129,88,30,9,1
경기도 성남시 수정구 고등동(4113164000),2729,2729,118,246,404,376,420,569,369,158,61,8,0,1435,1435,60,122,227,221,227,290,199,69,17,3,0,1294,1294,58,124,177,155,193,279,170,89,44,5,0
경기도 성남시 수정구 시흥동(4113165000),3296,3296,234,300,500,490,459,624,426,178,70,14,1,1714,1714,132,163,262,253,252,323,223,84,20,2,0,1582,1582,102,137,238,237,207,301,203,94,50,12,1
경기도 성남시 중원구 (4113300000),256298,256298,21189,31544,39576,44457,45845,39526,20109,10376,3084,499,93,130439,130439,10893,16341,20463,23743,23664,20089,9896,4358,847,128,17,125859,125859,10296,15203,19113,20714,22181,19437,10213,6018,2237,371,76
경기도 성남시 중원구 성남동(4113351000),32184,32184,2195,3454,5435,5718,5375,5261,2807,1438,406,80,15,16561,16561,1112,1819,2788,3180,2775,2694,1430,611,129,17,6,15623,15623,1083,1635,2647,2538,2600,2567,1377,827,277,63,9
경기도 성남시 중원구 중동(4113352000),18475,18475,1083,1832,2701,2990,3299,3273,1960,993,275,50,19,9571,9571,545,982,1405,1691,1839,1640,922,430,93,20,4,8904,8904,538,850,1296,1299,1460,1633,1038,563,182,30,15
경기도 성남시 중원구 금광1동(4113353000),25054,25054,1825,3281,3887,4169,4802,4012,1814,927,274,43,20,12765,12765,896,1674,2019,2232,2505,2073,901,378,72,13,2,12289,12289,929,1607,1868,1937,2297,1939,913,549,202,30,18
경기도 성남시 중원구 금광2동(4113354000),30532,30532,2444,3731,5066,5372,5235,4677,2325,1227,393,55,7,15119,15119,1273,1866,2420,2795,2632,2337,1150,527,107,11,1,15413,15413,1171,1865,2646,2577,2603,2340,1175,700,286,44,6
경기도 성남시 중원구 은행1동(4113355000),13619,13619,1421,1976,1887,2440,2461,1759,1011,490,150,24,0,6752,6752,723,1012,966,1199,1272,841,480,206,46,7,0,6867,6867,698,964,921,1241,1189,918,531,284,104,17,0
경기도 성남시 중원구 은행2동(4113356000),30636,30636,2781,4151,4178,5340,5574,4238,2500,1403,402,61,8,15339,15339,1449,2116,2182,2764,2871,2102,1127,603,107,17,1,15297,15297,1332,2035,1996,2576,2703,2136,1373,800,295,44,7
경기도 성남시 중원구 상대원1동(4113357000),31522,31522,2967,3679,4985,6052,5481,4668,2257,1079,285,60,9,16493,16493,1543,1901,2663,3419,2874,2403,1138,454,82,14,2,15029,15029,1424,1778,2322,2633,2607,2265,1119,625,203,46,7
경기도 성남시 중원구 상대원2동(4113358000),18591,18591,1339,2292,2785,2958,3578,3044,1533,803,221,33,5,9619,9619,662,1202,1478,1612,1924,1581,788,325,38,8,1,8972,8972,677,1090,1307,1346,1654,1463,745,478,183,25,4
경기도 성남시 중원구 상대원3동(4113359000),16437,16437,1187,2027,2788,2590,3237,2571,1195,615,198,25,4,8520,8520,622,1057,1489,1400,1688,1360,616,231,47,10,0,7917,7917,565,970,1299,1190,1549,1211,579,384,151,15,4
경기도 성남시 중원구 하대원동(4113366000),23457,23457,2075,3203,3804,3616,4228,3919,1552,759,267,29,5,11949,11949,1085,1693,2011,1842,2058,2049,804,321,80,6,0,11508,11508,990,1510,1793,1774,2170,1870,748,438,187,23,5
경기도 성남시 중원구 도촌동(4113367000),15791,15791,1872,1918,2060,3212,2575,2104,1155,642,213,39,1,7751,7751,983,1019,1042,1609,1226,1009,540,272,46,5,0,8040,8040,889,899,1018,1603,1349,1095,615,370,167,34,1
경기도 성남시 분당구 (4113500000),485767,485767,48085,74180,64325,83676,94482,63979,29838,18795,7371,1006,30,237161,237161,24790,38860,31260,39120,45748,32618,14239,7896,2381,243,6,248606,248606,23295,35320,33065,44556,48734,31361,15599,10899,4990,763,24
경기도 성남시 분당구 분당동(4113551000),29234,29234,2805,4744,3854,4735,5941,3839,1766,1095,398,57,0,14347,14347,1463,2492,1861,2199,2850,1992,854,485,133,18,0,14887,14887,1342,2252,1993,2536,3091,1847,912,610,265,39,0
경기도 성남시 분당구 수내1동(4113552000),17906,17906,1649,2815,2058,3347,3710,1953,1107,884,343,40,0,8632,8632,865,1496,985,1490,1793,993,495,383,120,12,0,9274,9274,784,1319,1073,1857,1917,960,612,501,223,28,0
경기도 성남시 분당구 수내2동(4113553000),11455,11455,1265,2386,1111,1412,2767,1306,612,406,170,19,1,5599,5599,639,1238,542,556,1391,703,292,170,66,2,0,5856,5856,626,1148,569,856,1376,603,320,236,104,17,1
경기도 성남시 분당구 수내3동(4113554000),15771,15771,1411,3292,2040,2130,3694,1921,636,451,170,26,0,7822,7822,753,1744,1001,916,1796,1046,319,178,62,7,0,7949,7949,658,1548,1039,1214,1898,875,317,273,108,19,0
경기도 성남시 분당구 정자1동(4113555000),49592,49592,4779,7048,6602,9230,9286,6391,3539,2001,623,90,3,24238,24238,2459,3626,3212,4280,4545,3187,1730,956,223,18,2,25354,25354,2320,3422,3390,4950,4741,3204,1809,1045,400,72,1
경기도 성남시 분당구 정자2동(4113556000),18794,18794,1732,2457,2535,3989,3301,2230,1102,953,440,53,2,8788,8788,913,1262,1112,1989,1515,1110,446,316,113,11,1,10006,10006,819,1195,1423,2000,1786,1120,656,637,327,42,1
경기도 성남시 분당구 정자3동(4113557000),17299,17299,1747,2821,2166,2997,3466,2117,1007,660,280,38,0,8388,8388,909,1476,1049,1366,1676,1078,437,294,88,15,0,8911,8911,838,1345,1117,1631,1790,1039,570,366,192,23,0
경기도 성남시 분당구 서현1동(4113558000),32935,32935,2966,5787,4237,5199,6941,3939,1862,1393,529,76,6,16056,16056,1553,3046,2011,2336,3346,2059,895,593,197,18,2,16879,16879,1413,2741,2226,2863,3595,1880,967,800,332,58,4
경기도 성남시 분당구 서현2동(4113559000),20653,20653,1819,3842,2756,2942,4451,2867,957,676,302,40,1,10205,10205,933,2094,1359,1340,2092,1529,474,263,109,12,0,10448,10448,886,1748,1397,1602,2359,1338,483,413,193,28,1
경기도 성남시 분당구 이매1동(4113560000),28473,28473,2854,4693,3704,4505,5693,3840,1701,1036,394,52,1,14001,14001,1427,2504,1861,2070,2728,1997,827,443,127,17,0,14472,14472,1427,2189,1843,2435,2965,1843,874,593,267,35,1
경기도 성남시 분당구 이매2동(4113561000),15150,15150,1110,2673,2154,1691,3039,2434,1096,668,245,39,1,7479,7479,607,1443,1090,726,1410,1260,548,309,76,10,0,7671,7671,503,1230,1064,965,1629,1174,548,359,169,29,1
경기도 성남시 분당구 야탑1동(4113562000),19112,19112,1695,2380,3122,3472,3216,2899,1321,704,269,34,0,9412,9412,869,1268,1510,1681,1563,1458,654,308,91,10,0,9700,9700,826,1112,1612,1791,1653,1441,667,396,178,24,0
경기도 성남시 분당구 야탑2동(4113563000),18514,18514,1581,2476,2817,2852,3099,2995,1491,831,327,43,2,8789,8789,778,1219,1350,1318,1439,1480,731,366,95,13,0,9725,9725,803,1257,1467,1534,1660,1515,760,465,232,30,2
경기도 성남시 분당구 야탑3동(4113564000),33776,33776,3643,4093,5146,7188,5690,4441,2013,1088,411,63,0,16779,16779,1858,2152,2635,3687,2800,2194,940,399,104,10,0,16997,16997,1785,1941,2511,3501,2890,2247,1073,689,307,53,0
경기도 성남시 분당구 판교동(4113565000),20485,20485,2514,2992,2540,3638,4077,2780,1131,555,226,29,3,10030,10030,1290,1523,1271,1668,2032,1395,570,214,62,5,0,10455,10455,1224,1469,1269,1970,2045,1385,561,341,164,24,3
경기도 성남시 분당구 삼평동(4113565500),24250,24250,3518,3690,2713,4359,4797,2895,1255,711,279,30,3,11794,11794,1816,1872,1276,1984,2417,1467,600,281,76,5,0,12456,12456,1702,1818,1437,2375,2380,1428,655,430,203,25,3
경기도 성남시 분당구 백현동(4113565700),11207,11207,1465,1815,1345,2047,2377,1248,501,287,106,14,2,5560,5560,780,948,635,936,1220,673,237,111,16,3,1,5647,5647,685,867,710,1111,1157,575,264,176,90,11,1
경기도 성남시 분당구 금곡동(4113566200),29864,29864,2619,3877,4173,5417,5101,4373,2229,1420,572,83,0,14292,14292,1342,2041,1989,2565,2402,2124,1048,574,193,14,0,15572,15572,1277,1836,2184,2852,2699,2249,1181,846,379,69,0
경기도 성남시 분당구 구미1동(4113566500),19096,19096,1920,2948,2461,3414,3843,2377,1057,730,305,39,2,9346,9346,998,1548,1179,1619,1868,1211,499,305,109,10,0,9750,9750,922,1400,1282,1795,1975,1166,558,425,196,29,2
경기도 성남시 분당구 구미동(4113567000),34337,34337,3179,4964,4254,6134,6599,4355,2355,1675,722,99,1,16839,16839,1615,2665,2062,2950,3194,2264,1076,719,267,27,0,17498,17498,1564,2299,2192,3184,3405,2091,1279,956,455,72,1
경기도 성남시 분당구 운중동(4113568000),17864,17864,1814,2387,2537,2978,3394,2779,1100,571,260,42,2,8765,8765,923,1203,1270,1444,1671,1398,567,229,54,6,0,9099,9099,891,1184,1267,1534,1723,1381,533,342,206,36,2
경기도 의정부시 (4115000000),431365,431365,41514,60587,54408,71469,81021,61539,33191,20807,5893,813,123,213603,213603,21331,31432,27567,35542,40718,30612,15423,8848,1891,216,23,217762,217762,20183,29155,26841,35927,40303,30927,17768,11959,4002,597,100
경기도 의정부시 의정부1동(4115051000),20381,20381,1181,2121,3045,3128,3651,3779,1892,1163,337,61,23,10335,10335,601,1071,1599,1671,1962,1902,907,491,105,21,5,10046,10046,580,1050,1446,1457,1689,1877,985,672,232,40,18
경기도 의정부시 의정부2동(4115052000),28355,28355,2178,3554,4146,4906,5212,4085,2321,1495,386,66,6,14086,14086,1142,1822,2066,2582,2644,1985,1044,641,140,19,1,14269,14269,1036,1732,2080,2324,2568,2100,1277,854,246,47,5
경기도 의정부시 의정부3동(4115053000),14319,14319,911,1615,2068,2133,2535,2486,1425,856,237,42,11,7206,7206,460,863,1057,1143,1360,1219,656,359,79,10,0,7113,7113,451,752,1011,990,1175,1267,769,497,158,32,11
경기도 의정부시 호원1동(4115054500),32827,32827,2974,3370,4303,6014,4881,5181,3722,1864,441,67,10,16239,16239,1510,1778,2124,3097,2435,2434,1834,870,138,16,3,16588,16588,1464,1592,2179,2917,2446,2747,1888,994,303,51,7
경기도 의정부시 호원2동(4115055500),38328,38328,4038,4986,4642,6511,6636,5424,3405,2068,528,82,8,18934,18934,2028,2593,2382,3185,3370,2594,1577,975,205,24,1,19394,19394,2010,2393,2260,3326,3266,2830,1828,1093,323,58,7
경기도 의정부시 장암동(4115056100),22476,22476,2515,2632,2726,4142,3654,3252,1852,1228,412,57,6,10912,10912,1290,1339,1404,2045,1799,1601,838,471,108,16,1,11564,11564,1225,1293,1322,2097,1855,1651,1014,757,304,41,5
경기도 의정부시 신곡1동(4115056700),47635,47635,4787,7083,5937,7934,9293,6587,3328,2045,577,56,8,23592,23592,2456,3680,3036,3826,4583,3324,1625,857,190,12,3,24043,24043,2331,3403,2901,4108,4710,3263,1703,1188,387,44,5
경기도 의정부시 신곡2동(4115056800),48769,48769,5143,8491,5925,7499,9800,6535,2859,1881,556,73,7,23712,23712,2649,4305,2978,3507,4661,3341,1315,763,172,20,1,25057,25057,2494,4186,2947,3992,5139,3194,1544,1118,384,53,6
경기도 의정부시 송산1동(4115057300),36008,36008,3590,5436,4312,5858,6993,5056,2419,1729,524,82,9,17907,17907,1873,2841,2238,2855,3531,2551,1135,701,154,28,0,18101,18101,1717,2595,2074,3003,3462,2505,1284,1028,370,54,9
경기도 의정부시 송산2동(4115057600),37065,37065,4556,6758,3392,6496,8274,3652,2039,1417,421,58,2,18263,18263,2350,3461,1637,3049,4274,1869,881,594,137,10,1,18802,18802,2206,3297,1755,3447,4000,1783,1158,823,284,48,1
경기도 의정부시 자금동(4115058000),31836,31836,3575,4444,3842,5406,6193,4213,2276,1425,401,51,10,15704,15704,1827,2335,1864,2648,3117,2150,1022,586,131,18,6,16132,16132,1748,2109,1978,2758,3076,2063,1254,839,270,33,4
경기도 의정부시 가능1동(4115059000),27114,27114,1925,3606,3901,4118,5105,4359,2262,1393,394,42,9,13551,13551,967,1896,2009,2168,2532,2201,1031,603,135,8,1,13563,13563,958,1710,1892,1950,2573,2158,1231,790,259,34,8
경기도 의정부시 가능2동(4115060000),10923,10923,800,1589,1525,1525,2142,1733,868,558,158,20,5,5453,5453,445,812,769,811,1075,848,400,239,50,4,0,5470,5470,355,777,756,714,1067,885,468,319,108,16,5
경기도 의정부시 가능3동(4115061000),11780,11780,876,1450,1575,1787,2168,1931,1041,701,217,26,8,5935,5935,430,792,866,942,1126,963,466,286,59,5,0,5845,5845,446,658,709,845,1042,968,575,415,158,21,8
경기도 의정부시 녹양동(4115062000),23549,23549,2465,3452,3069,4012,4484,3266,1482,984,304,30,1,11774,11774,1303,1844,1538,2013,2249,1630,692,412,88,5,0,11775,11775,1162,1608,1531,1999,2235,1636,790,572,216,25,1
경기도 안양시 (4117000000),618843,618843,56508,89416,89416,102107,115665,92644,40777,23286,7903,1019,102,308893,308893,29257,46913,45962,51010,56897,46938,20037,9204,2377,264,34,309950,309950,27251,42503,43454,51097,58768,45706,20740,14082,5526,755,68
경기도 안양시 만안구 (4117100000),265462,265462,22178,33873,40073,43805,46357,42799,20974,11397,3492,459,55,133809,133809,11529,17722,20693,22948,23214,21397,10417,4714,1038,121,16,131653,131653,10649,16151,19380,20857,23143,21402,10557,6683,2454,338,39
경기도 안양시 만안구 안양1동(4117151000),18850,18850,1987,2417,2865,3390,3236,2888,1220,599,204,43,1,9428,9428,1015,1242,1482,1698,1596,1449,606,256,74,10,0,9422,9422,972,1175,1383,1692,1640,1439,614,343,130,33,1
경기도 안양시 만안구 안양2동(4117152000),24541,24541,1693,3071,3751,3817,4294,4204,2165,1160,340,37,9,12396,12396,931,1550,1929,2005,2162,2123,1092,496,98,8,2,12145,12145,762,1521,1822,1812,2132,2081,1073,664,242,29,7
경기도 안양시 만안구 안양3동(4117153000),19016,19016,1313,2444,3158,3024,3141,3360,1538,776,229,30,3,9487,9487,682,1297,1607,1599,1502,1638,768,321,61,12,0,9529,9529,631,1147,1551,1425,1639,1722,770,455,168,18,3
경기도 안양시 만안구 안양4동(4117154000),7152,7152,412,766,1171,1028,1167,1286,730,454,120,17,1,3581,3581,216,388,618,562,561,647,347,188,48,6,0,3571,3571,196,378,553,466,606,639,383,266,72,11,1
경기도 안양시 만안구 안양5동(4117155000),14827,14827,944,1796,2292,2296,2534,2454,1430,805,237,33,6,7389,7389,481,928,1196,1247,1259,1203,682,320,60,10,3,7438,7438,463,868,1096,1049,1275,1251,748,485,177,23,3
경기도 안양시 만안구 안양6동(4117156000),20567,20567,1418,2027,3469,3703,3230,3584,1839,979,264,48,6,10528,10528,725,1091,1771,2036,1678,1758,934,424,96,13,2,10039,10039,693,936,1698,1667,1552,1826,905,555,168,35,4
경기도 안양시 만안구 안양7동(4117157000),16008,16008,1223,1996,2455,2556,2838,2663,1388,626,223,34,6,8264,8264,627,1044,1303,1409,1503,1347,689,271,59,9,3,7744,7744,596,952,1152,1147,1335,1316,699,355,164,25,3
경기도 안양시 만안구 안양8동(4117158000),12704,12704,961,1415,2204,2190,2083,2086,1004,589,156,15,1,6495,6495,488,725,1164,1248,1049,1008,510,255,44,4,0,6209,6209,473,690,1040,942,1034,1078,494,334,112,11,1
경기도 안양시 만안구 안양9동(4117158100),19204,19204,1627,2602,2709,2990,3385,3105,1561,924,266,32,3,9602,9602,835,1345,1395,1579,1668,1552,750,379,90,8,1,9602,9602,792,1257,1314,1411,1717,1553,811,545,176,24,2
경기도 안양시 만안구 석수1동(4117159000),20948,20948,2146,2354,3079,3841,3326,3346,1618,873,313,48,4,10305,10305,1107,1253,1540,1888,1608,1616,838,358,84,11,2,10643,10643,1039,1101,1539,1953,1718,1730,780,515,229,37,2
경기도 안양시 만안구 석수2동(4117160000),34345,34345,3209,4555,4617,6009,6253,5039,2695,1452,455,53,8,17439,17439,1703,2398,2374,3133,3201,2558,1328,609,124,10,1,16906,16906,1506,2157,2243,2876,3052,2481,1367,843,331,43,7
경기도 안양시 만안구 석수3동(4117161000),16282,16282,1624,2504,2258,2656,3141,2339,958,594,189,17,2,8218,8218,836,1347,1177,1350,1579,1202,471,201,50,4,1,8064,8064,788,1157,1081,1306,1562,1137,487,393,139,13,1
경기도 안양시 만안구 박달1동(4117162100),18580,18580,1485,2324,2696,2994,3481,2988,1552,813,221,23,3,9484,9484,772,1211,1424,1599,1803,1499,765,332,73,5,1,9096,9096,713,1113,1272,1395,1678,1489,787,481,148,18,2
경기도 안양시 만안구 박달2동(4117163000),22438,22438,2136,3602,3349,3311,4248,3457,1276,753,275,29,2,11193,11193,1111,1903,1713,1595,2045,1797,637,304,77,11,0,11245,11245,1025,1699,1636,1716,2203,1660,639,449,198,18,2
경기도 안양시 동안구 (4117300000),353381,353381,34330,55543,49343,58302,69308,49845,19803,11889,4411,560,47,175084,175084,17728,29191,25269,28062,33683,25541,9620,4490,1339,143,18,178297,178297,16602,26352,24074,30240,35625,24304,10183,7399,3072,417,29
경기도 안양시 동안구 비산1동(4117351000),27607,27607,3006,4041,3903,4568,5028,4077,1695,893,336,50,10,13641,13641,1556,2053,2075,2160,2461,2020,855,339,107,14,1,13966,13966,1450,1988,1828,2408,2567,2057,840,554,229,36,9
경기도 안양시 동안구 비산2동(4117352000),14781,14781,1445,2153,2190,2354,2737,2288,972,438,175,23,6,7233,7233,747,1116,1076,1127,1314,1135,492,175,43,6,2,7548,7548,698,1037,1114,1227,1423,1153,480,263,132,17,4
경기도 안양시 동안구 비산3동(4117353000),26653,26653,2267,3893,4008,4073,4940,4072,1751,1130,461,55,3,13414,13414,1185,2067,2178,2049,2407,2089,853,417,150,16,3,13239,13239,1082,1826,1830,2024,2533,1983,898,713,311,39,0
경기도 안양시 동안구 부흥동(4117354000),19714,19714,2095,3120,2630,3304,3835,2775,996,644,277,37,1,9576,9576,1091,1665,1314,1489,1848,1384,477,219,77,12,0,10138,10138,1004,1455,1316,1815,1987,1391,519,425,200,25,1
경기도 안양시 동안구 달안동(4117354600),13289,13289,1553,1363,1927,3501,2164,1470,646,453,194,16,2,6280,6280,810,727,862,1755,983,705,257,130,44,7,0,7009,7009,743,636,1065,1746,1181,765,389,323,150,9,2
경기도 안양시 동안구 관양1동(4117355000),28318,28318,1990,4192,4477,4046,5315,4494,2012,1300,433,57,2,14095,14095,1045,2222,2360,2102,2582,2216,933,498,126,10,1,14223,14223,945,1970,2117,1944,2733,2278,1079,802,307,47,1
경기도 안양시 동안구 관양2동(4117356000),16884,16884,1462,1744,2579,3296,2873,2509,1353,805,235,25,3,8513,8513,707,946,1320,1777,1451,1242,653,333,78,6,0,8371,8371,755,798,1259,1519,1422,1267,700,472,157,19,3
경기도 안양시 동안구 부림동(4117356600),27055,27055,3696,3409,3349,6558,4947,2848,1181,793,249,25,0,13308,13308,1933,1784,1562,3185,2474,1468,500,310,85,7,0,13747,13747,1763,1625,1787,3373,2473,1380,681,483,164,18,0
경기도 안양시 동안구 평촌동(4117357000),17210,17210,2100,3109,1881,2914,3798,1961,758,512,150,25,2,8564,8564,1082,1633,975,1318,1913,1023,361,206,45,7,1,8646,8646,1018,1476,906,1596,1885,938,397,306,105,18,1
경기도 안양시 동안구 평안동(4117357600),27315,27315,3413,5321,2851,4685,6314,2851,920,663,266,29,2,13573,13573,1779,2884,1419,2026,3175,1551,418,224,85,10,2,13742,13742,1634,2437,1432,2659,3139,1300,502,439,181,19,0
경기도 안양시 동안구 귀인동(4117357800),18379,18379,1415,4529,2109,1722,4725,2345,733,556,219,24,2,9020,9020,719,2342,1091,639,2255,1324,356,209,82,2,1,9359,9359,696,2187,1018,1083,2470,1021,377,347,137,22,1
경기도 안양시 동안구 호계1동(4117358000),17991,17991,1232,2448,2814,2925,3304,2959,1352,687,223,45,2,9122,9122,677,1265,1484,1572,1654,1474,665,263,62,4,2,8869,8869,555,1183,1330,1353,1650,1485,687,424,161,41,0
경기도 안양시 동안구 호계2동(4117359000),28558,28558,2717,4050,4466,4853,5030,4573,1692,822,311,37,7,14224,14224,1399,2038,2335,2427,2421,2328,862,316,88,8,2,14334,14334,1318,2012,2131,2426,2609,2245,830,506,223,29,5
경기도 안양시 동안구 호계3동(4117360000),25101,25101,2292,3908,3797,3715,4867,4122,1401,695,261,42,1,12611,12611,1123,2056,2019,1815,2340,2157,760,262,65,14,0,12490,12490,1169,1852,1778,1900,2527,1965,641,433,196,28,1
경기도 안양시 동안구 범계동(4117361000),17314,17314,1622,3313,2139,2569,3748,2205,811,635,246,26,0,8413,8413,830,1768,1035,1121,1770,1169,399,232,79,10,0,8901,8901,792,1545,1104,1448,1978,1036,412,403,167,16,0
경기도 안양시 동안구 신촌동(4117362000),14885,14885,1186,2836,2241,1787,3303,2280,714,366,155,16,1,7426,7426,616,1510,1153,835,1524,1225,368,140,54,0,1,7459,7459,570,1326,1088,952,1779,1055,346,226,101,16,0
경기도 안양시 동안구 갈산동(4117363000),12327,12327,839,2114,1982,1432,2380,2016,816,497,220,28,3,6071,6071,429,1115,1011,665,1111,1031,411,217,69,10,2,6256,6256,410,999,971,767,1269,985,405,280,151,18,1
경기도 부천시 (4119000000),873218,873218,80338,120252,131775,149248,160738,133119,55465,30588,10244,1333,118,438517,438517,41427,63191,67104,76161,80031,67791,27665,11884,2927,298,38,434701,434701,38911,57061,64671,73087,80707,65328,27800,18704,7317,1035,80
경기도 부천시 원미구 (4119500000),445468,445468,40591,62815,69532,75602,83519,67749,26036,13999,4887,679,59,222522,222522,20963,32936,34913,37937,40928,34781,13179,5359,1358,148,20,222946,222946,19628,29879,34619,37665,42591,32968,12857,8640,3529,531,39
경기도 부천시 원미구 심곡1동(4119551000),14160,14160,911,1585,2481,2530,2511,2301,1095,560,154,29,3,7323,7323,475,852,1338,1406,1304,1103,566,229,44,6,0,6837,6837,436,733,1143,1124,1207,1198,529,331,110,23,3
경기도 부천시 원미구 심곡2동(4119552000),17399,17399,1105,1287,3527,3721,2723,2717,1415,689,186,23,6,8991,8991,555,683,1709,2095,1487,1350,721,320,63,7,1,8408,8408,550,604,1818,1626,1236,1367,694,369,123,16,5
경기도 부천시 원미구 심곡3동(4119553000),15333,15333,1073,2016,2639,2478,2946,2468,1018,526,144,21,4,7871,7871,536,1074,1406,1358,1506,1239,505,203,34,7,3,7462,7462,537,942,1233,1120,1440,1229,513,323,110,14,1
경기도 부천시 원미구 원미1동(4119554000),19611,19611,1579,2750,2863,3206,3672,3227,1389,656,228,35,6,10035,10035,834,1431,1550,1690,1898,1611,693,262,51,13,2,9576,9576,745,1319,1313,1516,1774,1616,696,394,177,22,4
경기도 부천시 원미구 원미2동(4119555000),15747,15747,1090,1977,2474,2519,2903,2714,1244,586,215,19,6,7968,7968,582,1042,1231,1368,1473,1318,652,239,58,4,1,7779,7779,508,935,1243,1151,1430,1396,592,347,157,15,5
경기도 부천시 원미구 소사동(4119556000),10941,10941,718,901,1825,1907,1694,2031,1060,560,199,42,4,5352,5352,372,482,900,1045,839,922,515,216,57,4,0,5589,5589,346,419,925,862,855,1109,545,344,142,38,4
경기도 부천시 원미구 역곡1동(4119557000),19947,19947,2013,2309,2996,3888,3086,3082,1460,810,262,39,2,9970,9970,1020,1205,1503,2020,1563,1500,739,317,95,7,1,9977,9977,993,1104,1493,1868,1523,1582,721,493,167,32,1
경기도 부천시 원미구 역곡2동(4119558000),19133,19133,1869,2141,3126,3786,3045,2764,1313,792,248,44,5,9491,9491,940,1152,1508,1991,1545,1294,634,334,81,10,2,9642,9642,929,989,1618,1795,1500,1470,679,458,167,34,3
경기도 부천시 원미구 춘의동(4119559000),16033,16033,1190,1882,2576,2617,2833,2782,1259,643,220,29,2,8230,8230,630,991,1387,1466,1438,1411,623,237,42,4,1,7803,7803,560,891,1189,1151,1395,1371,636,406,178,25,1
경기도 부천시 원미구 도당동(4119560000),26279,26279,2059,4057,3968,4014,5551,3951,1552,845,251,29,2,13622,13622,1060,2130,2080,2143,2907,2121,772,325,77,7,0,12657,12657,999,1927,1888,1871,2644,1830,780,520,174,22,2
경기도 부천시 원미구 약대동(4119561000),9423,9423,659,1322,1559,1414,1927,1558,573,299,93,17,2,4963,4963,335,730,809,789,988,860,310,111,27,4,0,4460,4460,324,592,750,625,939,698,263,188,66,13,2
경기도 부천시 원미구 중동(4119562000),27168,27168,2468,3910,4312,4389,5122,4282,1540,814,293,32,6,13474,13474,1241,2035,2203,2207,2448,2164,780,301,86,7,2,13694,13694,1227,1875,2109,2182,2674,2118,760,513,207,25,4
경기도 부천시 원미구 중1동(4119563000),35796,35796,3517,5275,5820,6239,6928,5245,1495,897,329,50,1,17541,17541,1805,2787,2779,2899,3233,2804,786,343,93,11,1,18255,18255,1712,2488,3041,3340,3695,2441,709,554,236,39,0
경기도 부천시 원미구 중2동(4119564000),32838,32838,2768,5090,5548,4636,5928,5649,1816,972,377,52,2,16094,16094,1448,2638,2804,2133,2700,2900,983,378,100,9,1,16744,16744,1320,2452,2744,2503,3228,2749,833,594,277,43,1
경기도 부천시 원미구 중3동(4119565000),26680,26680,2557,3939,4232,4447,4890,3900,1468,879,325,43,0,13073,13073,1333,2061,2071,2156,2228,2073,729,319,90,13,0,13607,13607,1224,1878,2161,2291,2662,1827,739,560,235,30,0
경기도 부천시 원미구 중4동(4119566000),23039,23039,2452,3222,3428,4419,4189,3175,1163,686,269,36,0,11195,11195,1265,1673,1703,2149,1974,1597,538,217,72,7,0,11844,11844,1187,1549,1725,2270,2215,1578,625,469,197,29,0
경기도 부천시 원미구 상동(4119567000),21328,21328,1397,3256,3518,2854,4107,3629,1401,787,325,49,5,10554,10554,761,1673,1723,1423,1963,1884,729,289,97,9,3,10774,10774,636,1583,1795,1431,2144,1745,672,498,228,40,2
경기도 부천시 원미구 상1동(4119568000),27552,27552,3361,3207,4232,5881,4452,4016,1411,732,232,28,0,13571,13571,1705,1694,2024,2883,2131,2058,721,279,68,8,0,13981,13981,1656,1513,2208,2998,2321,1958,690,453,164,20,0
경기도 부천시 원미구 상2동(4119569000),32750,32750,4087,5796,4112,5883,6852,3882,1186,647,270,33,2,16149,16149,2148,3006,2042,2682,3317,2085,578,224,59,6,2,16601,16601,1939,2790,2070,3201,3535,1797,608,423,211,27,0
경기도 부천시 원미구 상3동(4119570000),34311,34311,3718,6893,4296,4774,8160,4376,1178,619,267,29,1,17055,17055,1918,3597,2143,2034,3986,2487,605,216,64,5,0,17256,17256,1800,3296,2153,2740,4174,1889,573,403,203,24,1
경기도 부천시 소사구 (4119700000),232809,232809,21707,29042,35272,41276,39218,36871,16913,9108,2966,401,35,116715,116715,11047,15398,18074,21253,19536,18225,8465,3714,890,101,12,116094,116094,10660,13644,17198,20023,19682,18646,8448,5394,2076,300,23
경기도 부천시 소사구 심곡본1동(4119751000),20607,20607,1497,2422,3273,3670,3584,3325,1641,894,268,29,4,10380,10380,750,1284,1696,1937,1803,1627,799,403,73,7,1,10227,10227,747,1138,1577,1733,1781,1698,842,491,195,22,3
경기도 부천시 소사구 심곡본동(4119752000),19873,19873,1474,2091,3081,3629,3283,3204,1836,940,288,42,5,9974,9974,767,1112,1555,1925,1659,1518,919,416,91,10,2,9899,9899,707,979,1526,1704,1624,1686,917,524,197,32,3
경기도 부천시소사구 소사본1동(4119753000),15175,15175,1058,1845,2388,2357,2640,2642,1319,678,211,36,1,7765,7765,516,974,1285,1294,1352,1333,683,264,56,8,0,7410,7410,542,871,1103,1063,1288,1309,636,414,155,28,1
경기도 부천시소사구 소사본2동(4119754000),10869,10869,911,919,1719,2074,1607,1823,1124,512,153,21,6,5480,5480,461,480,838,1136,860,853,565,220,56,7,4,5389,5389,450,439,881,938,747,970,559,292,97,14,2
경기도 부천시 소사구 소사본3동(4119755000),35746,35746,3463,5059,5500,5576,6343,5961,2221,1136,425,61,1,17820,17820,1727,2691,2870,2736,3054,3060,1144,426,104,7,1,17926,17926,1736,2368,2630,2840,3289,2901,1077,710,321,54,0
경기도 부천시 소사구 범박동(4119756000),23891,23891,2612,3586,3165,3837,4311,3848,1441,751,282,49,9,11934,11934,1313,1904,1660,1839,2096,1952,770,301,84,14,1,11957,11957,1299,1682,1505,1998,2215,1896,671,450,198,35,8
경기도 부천시 소사구 괴안동(4119757000),23927,23927,2454,3231,3390,4288,4196,3443,1481,1037,370,35,2,11904,11904,1258,1730,1700,2154,2077,1757,709,376,134,8,1,12023,12023,1196,1501,1690,2134,2119,1686,772,661,236,27,1
경기도 부천시 소사구 역곡3동(4119758000),27927,27927,2808,2911,4197,5817,4198,4018,2220,1300,394,63,1,13955,13955,1436,1497,2082,3083,2210,1880,1083,534,130,20,0,13972,13972,1372,1414,2115,2734,1988,2138,1137,766,264,43,1
경기도 부천시 소사구 송내1동(4119759000),25207,25207,2212,3047,4245,4531,3929,4226,1778,922,278,35,4,12620,12620,1178,1612,2130,2361,1927,2052,862,403,83,11,1,12587,12587,1034,1435,2115,2170,2002,2174,916,519,195,24,3
경기도 부천시 소사구 송내2동(4119760000),29587,29587,3218,3931,4314,5497,5127,4381,1852,938,297,30,2,14883,14883,1641,2114,2258,2788,2498,2193,931,371,79,9,1,14704,14704,1577,1817,2056,2709,2629,2188,921,567,218,21,1
경기도 부천시 오정구 (4119900000),194941,194941,18040,28395,26971,32370,38001,28499,12516,7481,2391,253,24,99280,99280,9417,14857,14117,16971,19567,14785,6021,2811,679,49,6,95661,95661,8623,13538,12854,15399,18434,13714,6495,4670,1712,204,18
경기도 부천시 오정구 성곡동(4119951000),46066,46066,4319,7208,6128,7249,9254,6630,2802,1771,635,64,6,23178,23178,2215,3821,3149,3672,4701,3423,1335,664,183,14,1,22888,22888,2104,3387,2979,3577,4553,3207,1467,1107,452,50,5
경기도 부천시 오정구 원종1동(4119952000),26104,26104,2511,3501,3723,4368,4834,3980,1772,1045,331,38,1,13207,13207,1320,1830,1931,2257,2482,2022,858,406,92,8,1,12897,12897,1191,1671,1792,2111,2352,1958,914,639,239,30,0
경기도 부천시 오정구 원종2동(4119953000),26075,26075,2504,4250,3556,4217,5354,3468,1422,981,293,29,1,13084,13084,1303,2165,1844,2143,2751,1804,657,334,80,3,0,12991,12991,1201,2085,1712,2074,2603,1664,765,647,213,26,1
경기도 부천시 오정구 고강본동(4119954000),34198,34198,3256,4922,4374,6022,6558,4685,2467,1483,392,36,3,17174,17174,1690,2504,2274,3124,3383,2379,1135,565,116,3,1,17024,17024,1566,2418,2100,2898,3175,2306,1332,918,276,33,2
경기도 부천시 오정구 고강1동(4119955000),17536,17536,1551,2532,2436,2933,3431,2572,1150,689,214,24,4,8869,8869,804,1335,1284,1523,1729,1311,553,245,76,8,1,8667,8667,747,1197,1152,1410,1702,1261,597,444,138,16,3
경기도 부천시 오정구 오정동(4119956000),23369,23369,2304,3159,3467,3980,4196,3748,1416,772,283,41,3,12110,12110,1240,1697,1853,2119,2130,1954,736,307,66,8,0,11259,11259,1064,1462,1614,1861,2066,1794,680,465,217,33,3
경기도 부천시 오정구 신흥동(4119957000),21593,21593,1595,2823,3287,3601,4374,3416,1487,740,243,21,6,11658,11658,845,1505,1782,2133,2391,1892,747,290,66,5,2,9935,9935,750,1318,1505,1468,1983,1524,740,450,177,16,4
경기도 광명시 (4121000000),353593,353593,38594,45329,48565,68376,60630,49316,24236,13516,4366,581,84,175806,175806,19911,23791,24193,34531,30880,24130,11561,5390,1256,139,24,177787,177787,18683,21538,24372,33845,29750,25186,12675,8126,3110,442,60
경기도 광명시 광명1동(4121051000),16212,16212,1360,1971,2339,2942,2756,2435,1362,799,216,29,3,8131,8131,710,1050,1232,1542,1441,1154,605,328,64,5,0,8081,8081,650,921,1107,1400,1315,1281,757,471,152,24,3
경기도 광명시 광명2동(4121052000),12871,12871,953,1538,1966,2258,2088,2033,1194,662,158,20,1,6375,6375,470,786,1019,1184,1043,967,558,286,58,4,0,6496,6496,483,752,947,1074,1045,1066,636,376,100,16,1
경기도 광명시 광명3동(4121054000),12238,12238,853,1359,1904,2253,1999,1926,1169,576,162,32,5,6029,6029,443,733,903,1199,1021,896,549,230,44,10,1,6209,6209,410,626,1001,1054,978,1030,620,346,118,22,4
경기도 광명시 광명4동(4121055000),16855,16855,1366,1704,2771,3142,2564,2748,1564,716,230,38,12,8264,8264,697,866,1386,1645,1251,1267,778,292,66,12,4,8591,8591,669,838,1385,1497,1313,1481,786,424,164,26,8
경기도 광명시 광명5동(4121056000),17329,17329,1846,2025,2356,3451,2811,2474,1360,735,221,39,11,8633,8633,944,1075,1163,1795,1451,1194,647,294,57,8,5,8696,8696,902,950,1193,1656,1360,1280,713,441,164,31,6
경기도 광명시 광명6동(4121057000),12148,12148,927,1574,1796,1915,2055,2027,1044,606,170,29,5,6123,6123,478,819,909,1000,1047,1039,512,252,57,7,3,6025,6025,449,755,887,915,1008,988,532,354,113,22,2
경기도 광명시 광명7동(4121058000),27164,27164,2372,3597,4070,4619,4597,4280,2177,1103,309,38,2,13726,13726,1192,1949,2128,2382,2330,2097,1085,468,87,7,1,13438,13438,1180,1648,1942,2237,2267,2183,1092,635,222,31,1
경기도 광명시 철산1동(4121059000),14600,14600,1710,2268,1823,2813,2744,1812,795,457,162,15,1,7190,7190,898,1186,867,1345,1361,933,368,179,47,6,0,7410,7410,812,1082,956,1468,1383,879,427,278,115,9,1
경기도 광명시 철산2동(4121060000),18592,18592,1582,2600,2731,3348,3583,2641,1126,693,265,23,0,9463,9463,839,1359,1381,1766,1859,1360,520,288,83,8,0,9129,9129,743,1241,1350,1582,1724,1281,606,405,182,15,0
경기도 광명시 철산3동(4121061000),38227,38227,4252,5720,5325,6728,6977,5486,2103,1165,427,41,3,18927,18927,2198,3046,2687,3141,3436,2740,1076,463,133,6,1,19300,19300,2054,2674,2638,3587,3541,2746,1027,702,294,35,2
경기도 광명시 철산4동(4121062000),16236,16236,1916,1834,2236,3774,2636,2060,1112,512,130,25,1,8117,8117,981,969,1067,1994,1368,973,518,211,34,2,0,8119,8119,935,865,1169,1780,1268,1087,594,301,96,23,1
경기도 광명시 하안1동(4121063100),28389,28389,3572,3819,3811,5554,5158,3709,1562,825,329,48,2,14032,14032,1845,2000,1770,2687,2653,1893,777,310,82,15,0,14357,14357,1727,1819,2041,2867,2505,1816,785,515,247,33,2
경기도 광명시 하안2동(4121063200),16833,16833,2224,1859,2097,4400,2799,1721,842,612,241,32,6,8193,8193,1128,955,969,2215,1472,796,384,191,73,9,1,8640,8640,1096,904,1128,2185,1327,925,458,421,168,23,5
경기도 광명시 하안3동(4121063300),24264,24264,2878,2949,2967,5221,4066,2983,1619,1136,401,41,3,11640,11640,1452,1508,1463,2619,2056,1382,633,405,111,10,1,12624,12624,1426,1441,1504,2602,2010,1601,986,731,290,31,2
경기도 광명시 하안4동(4121063400),14938,14938,2169,2400,1490,3420,2993,1369,551,395,140,10,1,7317,7317,1110,1217,704,1654,1537,679,238,139,36,3,0,7621,7621,1059,1183,786,1766,1456,690,313,256,104,7,1
경기도 광명시 소하1동(4121064000),31747,31747,4531,3924,4207,6172,5129,4474,1914,973,354,59,10,15732,15732,2369,2059,2082,3018,2563,2194,965,378,92,11,1,16015,16015,2162,1865,2125,3154,2566,2280,949,595,262,48,9
경기도 광명시 소하2동(4121065000),32093,32093,3914,3976,4281,6022,5235,4560,2413,1254,383,46,9,16342,16342,2070,2100,2234,3137,2730,2242,1176,527,111,12,3,15751,15751,1844,1876,2047,2885,2505,2318,1237,727,272,34,6
경기도 광명시 학온동(4121066000),2857,2857,169,212,395,344,440,578,329,297,68,16,9,1572,1572,87,114,229,208,261,324,172,149,21,4,3,1285,1285,82,98,166,136,179,254,157,148,47,12,6
경기도 평택시 (4122000000),423924,423924,45815,60428,52812,72890,76965,55536,30515,21455,6555,823,130,215019,215019,23518,31547,27650,37883,40441,28449,14181,8935,2117,261,37,208905,208905,22297,28881,25162,35007,36524,27087,16334,12520,4438,562,93
경기도 평택시 팽성읍(4122025000),30312,30312,2575,2931,3565,4661,4892,5024,3301,2531,707,98,27,15105,15105,1289,1566,1930,2537,2641,2324,1445,1101,234,31,7,15207,15207,1286,1365,1635,2124,2251,2700,1856,1430,473,67,20
경기도 평택시 안중읍(4122025300),40184,40184,6575,6518,3674,8529,7296,3591,2023,1479,428,66,5,20204,20204,3336,3361,1851,4148,4020,1832,901,609,130,16,0,19980,19980,3239,3157,1823,4381,3276,1759,1122,870,298,50,5
경기도 평택시 포승읍(4122025600),27081,27081,3784,2671,3618,6320,4178,3168,1686,1205,403,46,2,15073,15073,1959,1408,2165,3750,2548,1707,870,506,145,15,0,12008,12008,1825,1263,1453,2570,1630,1461,816,699,258,31,2
경기도 평택시 진위면(4122031000),13827,13827,1319,1544,2095,2368,2213,2009,1231,780,237,27,4,7261,7261,677,795,1134,1364,1227,1038,628,320,67,9,2,6566,6566,642,749,961,1004,986,971,603,460,170,18,2
경기도 평택시 서탄면(4122032000),4081,4081,269,321,513,518,589,730,540,431,152,16,2,2199,2199,142,184,288,324,354,398,266,188,48,7,0,1882,1882,127,137,225,194,235,332,274,243,104,9,2
경기도 평택시 고덕면(4122033000),16104,16104,1657,2066,2062,2624,2737,2242,1346,989,343,36,2,8330,8330,845,1077,1075,1429,1542,1176,676,400,97,13,0,7774,7774,812,989,987,1195,1195,1066,670,589,246,23,2
경기도 평택시 오성면(4122034000),6629,6629,438,731,766,733,1127,1136,757,689,231,19,2,3402,3402,211,375,425,415,614,613,371,283,86,7,2,3227,3227,227,356,341,318,513,523,386,406,145,12,0
경기도 평택시 청북면(4122035000),8499,8499,758,682,1161,1385,1160,1395,900,728,283,45,2,4623,4623,388,370,681,870,675,752,474,310,85,18,0,3876,3876,370,312,480,515,485,643,426,418,198,27,2
경기도 평택시 현덕면(4122037000),6723,6723,411,653,691,846,983,1166,960,745,244,24,0,3499,3499,200,349,381,516,585,593,474,311,85,5,0,3224,3224,211,304,310,330,398,573,486,434,159,19,0
경기도 평택시 중앙동(4122051000),49362,49362,6228,8232,5888,8962,9554,5585,2527,1751,556,68,11,24720,24720,3235,4294,2965,4344,4922,2928,1158,672,181,15,6,24642,24642,2993,3938,2923,4618,4632,2657,1369,1079,375,53,5
경기도 평택시 서정동(4122052000),32624,32624,3162,4722,4737,5604,5970,4286,2203,1444,429,57,10,16255,16255,1622,2434,2434,2903,2975,2135,991,591,143,22,5,16369,16369,1540,2288,2303,2701,2995,2151,1212,853,286,35,5
경기도 평택시 송탄동(4122053500),9907,9907,1364,1199,1154,2011,1718,1206,633,437,153,28,4,5211,5211,651,639,616,1126,959,656,327,192,37,8,0,4696,4696,713,560,538,885,759,550,306,245,116,20,4
경기도 평택시 지산동(4122055000),10262,10262,1010,1430,1432,1834,1862,1257,764,520,135,14,4,5220,5220,515,762,772,955,973,641,336,212,48,5,1,5042,5042,495,668,660,879,889,616,428,308,87,9,3
경기도 평택시 송북동(4122056000),22375,22375,2342,3379,2927,3837,4145,2934,1484,973,315,34,5,11138,11138,1188,1787,1463,1951,2114,1470,666,384,99,14,2,11237,11237,1154,1592,1464,1886,2031,1464,818,589,216,20,3
경기도 평택시 신장1동(4122057000),5424,5424,342,461,684,801,952,970,655,410,132,13,4,2537,2537,174,232,367,423,465,433,234,162,41,5,1,2887,2887,168,229,317,378,487,537,421,248,91,8,3
경기도 평택시 신장2동(4122058000),7859,7859,420,858,987,1080,1333,1349,960,649,180,32,11,3910,3910,230,445,525,600,720,640,406,259,69,12,4,3949,3949,190,413,462,480,613,709,554,390,111,20,7
경기도 평택시 신평동(4122059000),23725,23725,1765,3469,3447,3654,4466,3573,1800,1170,331,39,11,11726,11726,928,1757,1774,1906,2161,1758,843,488,100,8,3,11999,11999,837,1712,1673,1748,2305,1815,957,682,231,31,8
경기도 평택시 원평동(4122060000),13419,13419,1265,1630,1923,2458,2259,1835,1096,718,199,27,9,6774,6774,633,850,966,1287,1194,964,497,306,63,11,3,6645,6645,632,780,957,1171,1065,871,599,412,136,16,6
경기도 평택시 통복동(4122061000),5126,5126,313,549,640,716,901,918,610,355,109,14,1,2577,2577,166,302,347,393,449,446,285,153,31,5,0,2549,2549,147,247,293,323,452,472,325,202,78,9,1
경기도 평택시 비전1동(4122062000),17916,17916,1654,3074,2220,2585,3566,2512,1202,833,231,36,3,9045,9045,869,1604,1132,1279,1789,1369,554,360,77,11,1,8871,8871,785,1470,1088,1306,1777,1143,648,473,154,25,2
경기도 평택시 비전2동(4122063000),47688,47688,5499,8678,5753,7503,9864,5720,2504,1615,490,53,9,23739,23739,2861,4536,2911,3505,4851,3018,1172,702,168,15,0,23949,23949,2638,4142,2842,3998,5013,2702,1332,913,322,38,9
경기도 평택시 세교동(4122064000),24797,24797,2665,4630,2875,3861,5200,2930,1333,1003,267,31,2,12471,12471,1399,2420,1448,1858,2663,1558,607,426,83,9,0,12326,12326,1266,2210,1427,2003,2537,1372,726,577,184,22,2
경기도 동두천시 (4125000000),95901,95901,9607,11989,11367,15696,16570,13535,8601,6456,1784,260,36,47926,47926,4878,6304,5809,8042,8799,6867,3817,2656,672,69,13,47975,47975,4729,5685,5558,7654,7771,6668,4784,3800,1112,191,23
경기도 동두천시 생연1동(4125051000),7178,7178,550,939,975,936,1274,1163,684,497,142,15,3,3553,3553,277,520,477,471,637,593,304,208,59,5,2,3625,3625,273,419,498,465,637,570,380,289,83,10,1
경기도 동두천시 생연2동(4125052000),13024,13024,1404,1603,1492,2229,2171,1778,1157,923,235,26,6,6439,6439,711,861,772,1134,1131,860,474,398,88,8,2,6585,6585,693,742,720,1095,1040,918,683,525,147,18,4
경기도 동두천시 중앙동(4125053500),6378,6378,285,603,824,729,1148,1214,765,561,197,45,7,3267,3267,143,331,453,419,630,651,329,216,79,15,1,3111,3111,142,272,371,310,518,563,436,345,118,30,6
경기도 동두천시 보산동(4125055000),3298,3298,194,355,379,450,569,573,414,279,79,6,0,1565,1565,107,179,192,218,299,270,169,97,33,1,0,1733,1733,87,176,187,232,270,303,245,182,46,5,0
경기도 동두천시 불현동(4125056500),25640,25640,2650,3688,3079,4038,4616,3497,2049,1595,376,46,6,12756,12756,1326,1893,1584,2040,2391,1783,925,656,143,12,3,12884,12884,1324,1795,1495,1998,2225,1714,1124,939,233,34,3
경기도 동두천시 송내동(4125056600),25283,25283,3600,3323,2846,5292,4276,2585,1710,1275,335,39,2,12365,12365,1840,1699,1347,2591,2290,1223,715,534,116,9,1,12918,12918,1760,1624,1499,2701,1986,1362,995,741,219,30,1
경기도 동두천시 소요동(4125058000),8716,8716,437,886,1000,1110,1435,1626,1095,822,243,53,9,4632,4632,229,498,556,650,809,880,559,340,94,15,2,4084,4084,208,388,444,460,626,746,536,482,149,38,7
경기도 동두천시 상패동(4125060000),6384,6384,487,592,772,912,1081,1099,727,504,177,30,3,3349,3349,245,323,428,519,612,607,342,207,60,4,2,3035,3035,242,269,344,393,469,492,385,297,117,26,1
경기도 안산시 (4127000000),716423,716423,72426,114997,100474,126003,145792,90346,35402,22782,7290,864,47,367480,367480,37243,60125,51937,65766,75154,48705,17259,8937,2140,202,12,348943,348943,35183,54872,48537,60237,70638,41641,18143,13845,5150,662,35
경기도 안산시 상록구 (4127100000),380574,380574,38225,61940,52769,66886,77328,46999,19163,12700,4057,487,20,194150,194150,19642,32253,27171,34710,39683,25184,9169,4979,1232,123,4,186424,186424,18583,29687,25598,32176,37645,21815,9994,7721,2825,364,16
경기도 안산시 상록구 일동(4127151000),26616,26616,2918,3950,3207,5183,5370,3078,1610,987,281,31,1,13710,13710,1464,2027,1625,2802,2910,1602,761,420,96,3,0,12906,12906,1454,1923,1582,2381,2460,1476,849,567,185,28,1
경기도 안산시 상록구 이동(4127151500),29069,29069,2614,3478,5079,6181,5390,3506,1630,930,228,30,3,15199,15199,1338,1832,2604,3476,2859,1823,775,404,82,6,0,13870,13870,1276,1646,2475,2705,2531,1683,855,526,146,24,3
경기도 안산시 상록구 사1동(4127152000),38145,38145,3662,6266,5395,7442,7769,3776,1710,1494,558,71,2,19687,19687,1900,3307,2780,4042,4064,2068,761,553,192,20,0,18458,18458,1762,2959,2615,3400,3705,1708,949,941,366,51,2
경기도 안산시 상록구 사2동(4127153000),36017,36017,3958,6486,4785,6091,7519,4379,1469,947,335,46,2,18342,18342,2057,3375,2438,3106,3763,2433,718,342,100,10,0,17675,17675,1901,3111,2347,2985,3756,1946,751,605,235,36,2
경기도 안산시 상록구 사3동(4127153500),20446,20446,1965,3569,3353,3001,4314,2879,782,379,176,27,1,10633,10633,1024,1903,1858,1494,2155,1580,437,135,38,8,1,9813,9813,941,1666,1495,1507,2159,1299,345,244,138,19,0
경기도 안산시 상록구 본오1동(4127154000),42472,42472,4597,7214,5218,7970,8868,4642,2117,1390,408,47,1,21693,21693,2320,3749,2654,4159,4707,2440,977,563,110,14,0,20779,20779,2277,3465,2564,3811,4161,2202,1140,827,298,33,1
경기도 안산시 상록구 본오2동(4127155000),32725,32725,3328,5555,4387,5573,6665,3963,1686,1201,327,40,0,16333,16333,1689,2830,2221,2755,3374,2129,754,470,103,8,0,16392,16392,1639,2725,2166,2818,3291,1834,932,731,224,32,0
경기도 안산시 상록구 본오3동(4127156000),25076,25076,2378,3707,3861,4496,4952,3123,1312,966,253,27,1,12538,12538,1204,1878,1946,2303,2449,1656,607,405,79,11,0,12538,12538,1174,1829,1915,2193,2503,1467,705,561,174,16,1
경기도 안산시 상록구 부곡동(4127157000),22607,22607,2197,4027,2741,3602,4924,2854,1164,829,242,26,1,11633,11633,1115,2076,1444,1821,2654,1586,551,320,61,4,1,10974,10974,1082,1951,1297,1781,2270,1268,613,509,181,22,0
경기도 안산시 상록구 월피동(4127158000),46355,46355,4544,8615,6196,7568,10126,5558,1856,1399,447,45,1,23530,23530,2391,4512,3180,3790,5054,3091,880,499,118,15,0,22825,22825,2153,4103,3016,3778,5072,2467,976,900,329,30,1
경기도 안산시 상록구 성포동(4127159000),30336,30336,2892,5560,4383,4255,6347,4339,1351,826,340,41,2,15048,15048,1492,2938,2192,1968,3005,2316,690,320,111,15,1,15288,15288,1400,2622,2191,2287,3342,2023,661,506,229,26,1
경기도 안산시 상록구 반월동(4127160000),20987,20987,2269,2312,2828,3999,3383,3266,1691,892,309,36,2,10781,10781,1180,1217,1508,2154,1782,1608,853,374,98,6,1,10206,10206,1089,1095,1320,1845,1601,1658,838,518,211,30,1
경기도 안산시 상록구 안산동(4127161000),9723,9723,903,1201,1336,1525,1701,1636,785,460,153,20,3,5023,5023,468,609,721,840,907,852,405,174,44,3,0,4700,4700,435,592,615,685,794,784,380,286,109,17,3
경기도 안산시 단원구 (4127300000),335849,335849,34201,53057,47705,59117,68464,43347,16239,10082,3233,377,27,173330,173330,17601,27872,24766,31056,35471,23521,8090,3958,908,79,8,162519,162519,16600,25185,22939,28061,32993,19826,8149,6124,2325,298,19
경기도 안산시 단원구 와동(4127351000),45765,45765,4798,7312,6411,9009,9287,5063,2110,1326,412,36,1,23887,23887,2470,3830,3291,4928,5020,2714,1008,495,122,9,0,21878,21878,2328,3482,3120,4081,4267,2349,1102,831,290,27,1
경기도 안산시 단원구 고잔1동(4127352000),24095,24095,2273,3873,3706,3955,4724,3101,1292,908,235,25,3,12116,12116,1187,1997,1916,2032,2358,1628,593,345,57,3,0,11979,11979,1086,1876,1790,1923,2366,1473,699,563,178,22,3
경기도 안산시 단원구 고잔2동(4127353000),25419,25419,2541,3897,4085,4568,4870,3501,1054,613,253,35,2,12703,12703,1293,2058,2008,2308,2395,1814,537,217,63,10,0,12716,12716,1248,1839,2077,2260,2475,1687,517,396,190,25,2
경기도 안산시 단원구 호수동(4127353500),45070,45070,4247,8865,6538,6274,10431,5965,1463,889,367,29,2,22695,22695,2241,4626,3257,2875,5032,3427,790,349,94,3,1,22375,22375,2006,4239,3281,3399,5399,2538,673,540,273,26,1
경기도 안산시 단원구 원곡본동(4127354000),31724,31724,3311,3569,4311,5874,6468,4606,2024,1210,313,34,4,17192,17192,1693,1872,2340,3326,3661,2584,1081,531,94,9,1,14532,14532,1618,1697,1971,2548,2807,2022,943,679,219,25,3
경기도 안산시 단원구 원곡1동(4127355000),9809,9809,593,1058,1471,1389,1799,1813,1007,518,140,19,2,5143,5143,295,578,817,817,942,910,514,231,32,6,1,4666,4666,298,480,654,572,857,903,493,287,108,13,1
경기도 안산시 단원구 원곡2동(4127356000),17039,17039,2004,2768,2472,2801,3397,2371,741,356,104,23,2,8577,8577,1002,1450,1289,1349,1661,1262,386,140,31,7,0,8462,8462,1002,1318,1183,1452,1736,1109,355,216,73,16,2
경기도 안산시 단원구 초지동(4127357000),48434,48434,5880,7809,6134,9416,9560,5480,2299,1371,433,47,5,24670,24670,2976,4140,3187,4817,4901,2903,1059,551,123,9,4,23764,23764,2904,3669,2947,4599,4659,2577,1240,820,310,38,1
경기도 안산시 단원구 선부1동(4127358000),18452,18452,1990,2553,2874,3531,3531,2444,802,519,185,22,1,9484,9484,996,1363,1542,1909,1780,1305,384,158,44,3,0,8968,8968,994,1190,1332,1622,1751,1139,418,361,141,19,1
경기도 안산시 단원구 선부2동(4127359000),25594,25594,2323,4069,3526,4863,5605,3096,1143,701,238,29,1,14005,14005,1259,2120,1871,2831,3214,1768,585,279,75,3,0,11589,11589,1064,1949,1655,2032,2391,1328,558,422,163,26,1
경기도 안산시 단원구 선부3동(4127360000),37210,37210,3901,6569,5450,6771,7664,4362,1296,886,278,31,2,19044,19044,2003,3460,2825,3453,3869,2404,619,320,85,6,0,18166,18166,1898,3109,2625,3318,3795,1958,677,566,193,25,2
경기도 안산시 단원구 대부동(4127361000),7238,7238,340,715,727,666,1128,1545,1008,785,275,47,2,3814,3814,186,378,423,411,638,802,534,342,88,11,1,3424,3424,154,337,304,255,490,743,474,443,187,36,1
경기도 고양시 (4128000000),958383,958383,93891,148921,119608,155018,195963,126086,59904,43289,13866,1701,136,473315,473315,48385,77821,59570,73550,97301,66554,27171,17849,4605,472,37,485068,485068,45506,71100,60038,81468,98662,59532,32733,25440,9261,1229,99
경기도 고양시 덕양구 (4128100000),393479,393479,39446,54634,48351,67010,76296,53440,28366,19255,5824,774,83,196655,196655,20296,28644,24542,33149,38969,27860,12946,8125,1894,209,21,196824,196824,19150,25990,23809,33861,37327,25580,15420,11130,3930,565,62
경기도 고양시 덕양구 주교동(4128151000),20332,20332,1771,2837,2626,3194,3961,2975,1571,1045,305,43,4,10252,10252,921,1510,1371,1614,2075,1524,709,419,96,11,2,10080,10080,850,1327,1255,1580,1886,1451,862,626,209,32,2
경기도 고양시 덕양구 원신동(4128152000),2009,2009,121,169,316,250,309,389,239,169,39,7,1,1111,1111,72,94,171,151,178,221,132,76,11,4,1,898,898,49,75,145,99,131,168,107,93,28,3,0
경기도 고양시 덕양구 흥도동(4128153000),3415,3415,140,280,411,382,585,786,433,292,89,14,3,1892,1892,81,142,236,230,350,445,225,150,29,4,0,1523,1523,59,138,175,152,235,341,208,142,60,10,3
경기도 고양시 덕양구 성사1동(4128154000),26486,26486,2737,3330,3403,4993,4984,3582,1778,1247,381,44,7,13043,13043,1425,1691,1680,2484,2559,1777,758,521,129,18,1,13443,13443,1312,1639,1723,2509,2425,1805,1020,726,252,26,6
경기도 고양시 덕양구 성사2동(4128155000),13068,13068,1289,1678,1695,2186,2318,1881,1008,750,228,34,1,6395,6395,690,892,866,1021,1111,953,449,316,90,7,0,6673,6673,599,786,829,1165,1207,928,559,434,138,27,1
경기도 고양시 덕양구 효자동(4128156000),3411,3411,259,263,434,492,502,634,469,240,87,20,11,1861,1861,140,137,242,280,295,355,244,124,30,10,4,1550,1550,119,126,192,212,207,279,225,116,57,10,7
경기도 고양시 덕양구 신도동(4128157000),5838,5838,261,458,793,728,913,1192,790,525,155,20,3,3086,3086,128,252,447,435,501,629,394,235,60,3,2,2752,2752,133,206,346,293,412,563,396,290,95,17,1
경기도 고양시 덕양구 창릉동(4128158000),4608,4608,273,311,598,592,682,978,640,399,118,11,6,2559,2559,137,160,342,361,428,565,329,188,48,0,1,2049,2049,136,151,256,231,254,413,311,211,70,11,5
경기도 고양시 덕양구 고양동(4128159000),33754,33754,4295,4168,3543,6580,5932,4389,2748,1583,447,65,4,16961,16961,2182,2172,1816,3270,3217,2141,1292,710,139,20,2,16793,16793,2113,1996,1727,3310,2715,2248,1456,873,308,45,2
경기도 고양시 덕양구 관산동(4128160000),27793,27793,2338,3274,3397,4321,4876,4513,2727,1674,552,109,12,14175,14175,1258,1743,1814,2314,2554,2278,1296,733,163,20,2,13618,13618,1080,1531,1583,2007,2322,2235,1431,941,389,89,10
경기도 고양시 덕양구 능곡동(4128161000),20401,20401,1990,2466,2604,3316,3785,3156,1669,1040,323,42,10,10282,10282,1042,1318,1337,1666,1966,1626,788,441,86,11,1,10119,10119,948,1148,1267,1650,1819,1530,881,599,237,31,9
경기도 고양시 덕양구 화정1동(4128162100),43987,43987,3913,7111,5817,6969,9275,5396,2743,2066,610,82,5,21541,21541,1987,3764,2795,3293,4503,2849,1193,910,223,22,2,22446,22446,1926,3347,3022,3676,4772,2547,1550,1156,387,60,3
경기도 고양시 덕양구 화정2동(4128162200),36857,36857,4660,5996,3901,7085,7782,3902,1760,1378,360,33,0,18083,18083,2403,3173,1893,3211,3872,2098,749,546,128,10,0,18774,18774,2257,2823,2008,3874,3910,1804,1011,832,232,23,0
경기도 고양시 덕양구 행주동(4128163000),23446,23446,1788,2819,3383,3944,4576,3572,1800,1174,351,37,2,11941,11941,935,1496,1746,2133,2422,1827,818,454,104,6,0,11505,11505,853,1323,1637,1811,2154,1745,982,720,247,31,2
경기도 고양시 덕양구 행신1동(4128164000),26088,26088,2816,3917,3137,4519,5040,3385,1739,1156,344,35,0,12746,12746,1398,2038,1581,2151,2464,1780,731,487,107,9,0,13342,13342,1418,1879,1556,2368,2576,1605,1008,669,237,26,0
경기도 고양시 덕양구 행신2동(4128165000),38007,38007,4080,6034,4634,6847,7829,4432,2076,1546,475,53,1,18804,18804,2056,3174,2266,3319,3902,2403,919,607,146,12,0,19203,19203,2024,2860,2368,3528,3927,2029,1157,939,329,41,1
경기도 고양시 덕양구 행신3동(4128165500),52924,52924,5821,8592,6123,8912,11158,6292,3018,2217,712,76,3,25945,25945,2966,4416,3069,4252,5516,3273,1345,859,229,20,0,26979,26979,2855,4176,3054,4660,5642,3019,1673,1358,483,56,3
경기도 고양시 덕양구 화전동(4128166000),6282,6282,478,530,855,898,1012,1146,722,454,150,29,8,3444,3444,260,260,493,529,625,642,355,213,52,12,3,2838,2838,218,270,362,369,387,504,367,241,98,17,5
경기도 고양시 덕양구 대덕동(4128167000),4773,4773,416,401,681,802,777,840,436,300,98,20,2,2534,2534,215,212,377,435,431,474,220,136,24,10,0,2239,2239,201,189,304,367,346,366,216,164,74,10,2
경기도 고양시 일산동구 (4128500000),275159,275159,24823,43924,37207,43643,57237,36844,15675,11497,3821,458,30,135004,135004,12896,22907,18235,20315,27783,19583,7208,4678,1250,138,11,140155,140155,11927,21017,18972,23328,29454,17261,8467,6819,2571,320,19
경기도 고양시 일산동구 식사동(4128551000),20227,20227,2521,3347,2324,3240,4483,2484,981,610,204,31,2,10021,10021,1301,1683,1153,1408,2313,1364,456,277,57,8,1,10206,10206,1220,1664,1171,1832,2170,1120,525,333,147,23,1
경기도 고양시 일산동구 중산동(4128552000),45297,45297,4507,7653,5445,6794,9568,5914,2577,2029,706,93,11,22240,22240,2365,4068,2724,3161,4577,3093,1159,806,255,28,4,23057,23057,2142,3585,2721,3633,4991,2821,1418,1223,451,65,7
경기도 고양시 일산동구 정발산동(4128553000),29294,29294,2544,5041,4090,4509,5954,3846,1676,1200,388,44,2,14082,14082,1310,2530,2027,2067,2753,1988,769,495,123,18,2,15212,15212,1234,2511,2063,2442,3201,1858,907,705,265,26,0
경기도 고양시 일산동구 풍산동(4128554000),38873,38873,4510,6271,4684,6217,8079,4978,2166,1441,468,55,4,19123,19123,2340,3301,2401,2805,3998,2573,972,587,136,9,1,19750,19750,2170,2970,2283,3412,4081,2405,1194,854,332,46,3
경기도 고양시 일산동구 백석1동(4128555100),28552,28552,2356,4486,4327,4727,5724,4013,1491,1047,346,35,0,13884,13884,1227,2330,2092,2266,2711,2072,665,410,102,9,0,14668,14668,1129,2156,2235,2461,3013,1941,826,637,244,26,0
경기도 고양시 일산동구 백석2동(4128555200),22085,22085,1585,2742,3474,4688,4170,2814,1275,961,340,36,0,10714,10714,868,1482,1577,2309,1974,1468,576,346,104,10,0,11371,11371,717,1260,1897,2379,2196,1346,699,615,236,26,0
경기도 고양시 일산동구 마두1동(4128556000),28092,28092,2005,5959,3820,2849,6533,3962,1397,1136,384,42,5,13660,13660,1044,3112,1862,1203,3032,2178,645,442,126,14,2,14432,14432,961,2847,1958,1646,3501,1784,752,694,258,28,3
경기도 고양시 일산동구 마두2동(4128557000),18210,18210,1469,3721,2180,2000,4268,2318,942,957,315,36,4,8774,8774,751,1933,1071,810,1985,1284,421,374,130,14,1,9436,9436,718,1788,1109,1190,2283,1034,521,583,185,22,3
경기도 고양시 일산동구 장항1동(4128558000),3249,3249,158,287,465,381,625,691,385,178,69,10,0,1829,1829,92,162,232,233,379,406,210,98,13,4,0,1420,1420,66,125,233,148,246,285,175,80,56,6,0
경기도 고양시 일산동구 장항2동(4128559000),26183,26183,1933,2826,4557,5954,5042,3076,1334,1088,334,38,1,12593,12593,982,1467,2050,2811,2453,1626,585,468,133,18,0,13590,13590,951,1359,2507,3143,2589,1450,749,620,201,20,1
경기도 고양시 일산동구 고봉동(4128560000),15097,15097,1235,1591,1841,2284,2791,2748,1451,850,267,38,1,8084,8084,616,839,1046,1242,1608,1531,750,375,71,6,0,7013,7013,619,752,795,1042,1183,1217,701,475,196,32,1
경기도 고양시 일산서구 (4128700000),289745,289745,29622,50363,34050,44365,62430,35802,15863,12537,4221,469,23,141656,141656,15193,26270,16793,20086,30549,19111,7017,5046,1461,125,5,148089,148089,14429,24093,17257,24279,31881,16691,8846,7491,2760,344,18
경기도 고양시 일산서구 일산1동(4128751000),29187,29187,3381,4627,3315,5003,5906,3534,1781,1235,363,37,5,14248,14248,1667,2380,1660,2253,3006,1814,795,536,127,8,2,14939,14939,1714,2247,1655,2750,2900,1720,986,699,236,29,3
경기도 고양시 일산서구 일산2동(4128752000),22486,22486,1997,3294,2971,3474,4618,3244,1493,1047,301,44,3,11150,11150,1050,1698,1518,1668,2310,1680,672,449,94,11,0,11336,11336,947,1596,1453,1806,2308,1564,821,598,207,33,3
경기도 고양시 일산서구 일산3동(4128753000),40760,40760,3897,8986,4531,4874,10179,4840,1521,1339,538,51,4,19896,19896,1993,4720,2267,1980,4823,2747,676,491,179,19,1,20864,20864,1904,4266,2264,2894,5356,2093,845,848,359,32,3
경기도 고양시 일산서구 탄현동(4128754000),43515,43515,4904,8007,4924,7115,9692,4656,1938,1703,516,59,1,21273,21273,2516,4132,2340,3290,4791,2549,784,662,197,12,0,22242,22242,2388,3875,2584,3825,4901,2107,1154,1041,319,47,1
경기도 고양시 일산서구 주엽1동(4128755000),32206,32206,3179,5592,3653,4842,6841,3913,1756,1737,627,62,4,15520,15520,1681,2928,1793,2106,3278,2043,751,661,258,20,1,16686,16686,1498,2664,1860,2736,3563,1870,1005,1076,369,42,3
경기도 고양시 일산서구 주엽2동(4128756000),33661,33661,3087,5680,3928,4846,7061,4230,2009,2015,719,83,3,16032,16032,1567,2954,1903,2228,3279,2245,816,775,234,30,1,17629,17629,1520,2726,2025,2618,3782,1985,1193,1240,485,53,2
경기도 고양시 일산서구 대화동(4128757000),35085,35085,2858,5840,5088,5554,7144,4600,2050,1394,499,57,1,17093,17093,1502,3046,2423,2658,3362,2411,949,545,183,14,0,17992,17992,1356,2794,2665,2896,3782,2189,1101,849,316,43,1
경기도 고양시 일산서구 송포동(4128758000),17757,17757,1954,3140,1854,2562,3881,2279,1091,740,231,24,1,8867,8867,989,1686,951,1111,1993,1213,523,321,77,3,0,8890,8890,965,1454,903,1451,1888,1066,568,419,154,21,1
경기도 고양시 일산서구 송산동(4128759000),35088,35088,4365,5197,3786,6095,7108,4506,2224,1327,427,52,1,17577,17577,2228,2726,1938,2792,3707,2409,1051,606,112,8,0,17511,17511,2137,2471,1848,3303,3401,2097,1173,721,315,44,1
경기도 과천시 (4129000000),72239,72239,6907,11324,9280,10271,14665,10432,4593,3182,1347,209,29,35372,35372,3636,5973,4806,4849,7082,5253,2083,1241,385,62,2,36867,36867,3271,5351,4474,5422,7583,5179,2510,1941,962,147,27
경기도 과천시 중앙동(4129051000),10615,10615,864,1823,1432,1202,2147,1636,691,531,242,37,10,5123,5123,450,968,728,531,992,834,319,211,82,6,2,5492,5492,414,855,704,671,1155,802,372,320,160,31,8
경기도 과천시 갈현동(4129052000),14768,14768,1685,2125,1919,2408,2965,2079,831,509,206,38,3,7241,7241,900,1128,985,1090,1441,1048,383,201,49,16,0,7527,7527,785,997,934,1318,1524,1031,448,308,157,22,3
경기도 과천시 별양동(4129053000),16923,16923,1526,3066,2162,2039,3666,2419,923,731,338,48,5,8190,8190,799,1619,1130,901,1714,1238,400,273,102,14,0,8733,8733,727,1447,1032,1138,1952,1181,523,458,236,34,5
경기도 과천시 부림동(4129054000),14558,14558,1508,2535,1724,1975,3205,1944,750,617,261,35,4,7116,7116,795,1313,891,909,1555,1008,333,218,79,15,0,7442,7442,713,1222,833,1066,1650,936,417,399,182,20,4
경기도 과천시 과천동(4129055000),8297,8297,670,743,1275,1612,1303,1342,792,393,148,19,0,4261,4261,360,392,669,896,685,658,373,183,42,3,0,4036,4036,310,351,606,716,618,684,419,210,106,16,0
경기도 과천시 문원동(4129056000),7078,7078,654,1032,768,1035,1379,1012,606,401,152,32,7,3441,3441,332,553,403,522,695,467,275,155,31,8,0,3637,3637,322,479,365,513,684,545,331,246,121,24,7
경기도 구리시 (4131000000),195563,195563,19569,28438,25607,33736,37724,27278,13150,7500,2210,308,43,97597,97597,10122,14790,12786,16658,19047,14048,6240,3162,647,80,17,97966,97966,9447,13648,12821,17078,18677,13230,6910,4338,1563,228,26
경기도 구리시 갈매동(4131051000),3209,3209,123,249,421,352,539,697,434,286,85,21,2,1755,1755,67,129,232,203,337,400,225,129,28,4,1,1454,1454,56,120,189,149,202,297,209,157,57,17,1
경기도 구리시 동구동(4131052000),43498,43498,5036,7092,5267,7630,8792,5294,2432,1490,416,42,7,21588,21588,2631,3770,2557,3539,4399,2808,1127,628,118,9,2,21910,21910,2405,3322,2710,4091,4393,2486,1305,862,298,33,5
경기도 구리시 인창동(4131053000),26448,26448,2876,3815,3202,4950,4952,3418,1841,1030,319,42,3,13208,13208,1497,1955,1592,2455,2552,1720,886,433,112,5,1,13240,13240,1379,1860,1610,2495,2400,1698,955,597,207,37,2
경기도 구리시 교문1동(4131054100),18168,18168,1374,2151,2565,2988,3299,2979,1606,881,262,49,14,9219,9219,696,1144,1285,1574,1740,1518,786,376,78,16,6,8949,8949,678,1007,1280,1414,1559,1461,820,505,184,33,8
경기도 구리시 교문2동(4131054200),25465,25465,2860,4174,3175,4086,5060,3414,1510,881,262,40,3,12382,12382,1424,2139,1583,1863,2474,1729,717,369,72,12,0,13083,13083,1436,2035,1592,2223,2586,1685,793,512,190,28,3
경기도 구리시 수택1동(4131057000),24993,24993,2024,3218,3646,4252,4725,4010,1801,970,303,41,3,12429,12429,1055,1654,1825,2225,2292,2029,834,418,80,16,1,12564,12564,969,1564,1821,2027,2433,1981,967,552,223,25,2
경기도 구리시 수택2동(4131058000),29021,29021,2274,4019,4421,4518,5450,4599,2156,1195,340,40,9,14535,14535,1182,2051,2248,2408,2694,2336,1026,482,91,12,5,14486,14486,1092,1968,2173,2110,2756,2263,1130,713,249,28,4
경기도 구리시 수택3동(4131059000),24761,24761,3002,3720,2910,4960,4907,2867,1370,767,223,33,2,12481,12481,1570,1948,1464,2391,2559,1508,639,327,68,6,1,12280,12280,1432,1772,1446,2569,2348,1359,731,440,155,27,1
경기도 남양주시 (4136000000),573014,573014,68425,78646,64592,104400,105034,75233,42690,25340,7520,1031,103,287352,287352,35396,40616,32843,51418,55046,38248,20182,10961,2324,290,28,285662,285662,33029,38030,31749,52982,49988,36985,22508,14379,5196,741,75
경기도 남양주시 와부읍(4136025000),71898,71898,8524,10180,7694,12898,13548,9112,5593,3178,999,152,20,35511,35511,4330,5263,3906,6108,6927,4533,2673,1419,310,35,7,36387,36387,4194,4917,3788,6790,6621,4579,2920,1759,689,117,13
경기도 남양주시 진접읍(4136025300),91264,91264,12486,11505,10288,18306,16044,11374,6405,3711,999,131,15,46251,46251,6558,5885,5248,9147,8629,5796,3020,1609,320,35,4,45013,45013,5928,5620,5040,9159,7415,5578,3385,2102,679,96,11
경기도 남양주시 화도읍(4136025600),85489,85489,10856,11886,9069,16535,16006,10251,6019,3668,1050,136,13,43004,43004,5693,6122,4540,8219,8494,5248,2738,1584,320,43,3,42485,42485,5163,5764,4529,8316,7512,5003,3281,2084,730,93,10
경기도 남양주시 화도읍동부출장소(4136025700),5360,5360,305,587,633,662,920,1129,586,386,134,18,0,2847,2847,166,323,355,350,529,594,305,170,47,8,0,2513,2513,139,264,278,312,391,535,281,216,87,10,0
경기도 남양주시 진건읍(4136025900),29378,29378,2325,4292,3798,4024,5655,4709,2371,1656,477,62,9,15018,15018,1151,2287,1976,2085,2962,2562,1132,694,149,16,4,14360,14360,1174,2005,1822,1939,2693,2147,1239,962,328,46,5
경기도 남양주시 오남읍(4136026200),55405,55405,7678,8050,5368,10998,10412,6131,3771,2304,612,78,3,27678,27678,3925,4206,2627,5358,5523,3184,1661,998,174,21,1,27727,27727,3753,3844,2741,5640,4889,2947,2110,1306,438,57,2
경기도 남양주시 별내면(4136031000),24916,24916,2375,3331,2694,4131,4575,3615,2273,1439,430,50,3,12617,12617,1248,1694,1394,2107,2456,1806,1083,672,144,13,0,12299,12299,1127,1637,1300,2024,2119,1809,1190,767,286,37,3
경기도 남양주시 수동면(4136034000),8165,8165,435,934,898,853,1366,1501,1103,689,322,62,2,4344,4344,220,566,510,478,778,804,567,308,96,17,0,3821,3821,215,368,388,375,588,697,536,381,226,45,2
경기도 남양주시 조안면(4136036000),4190,4190,249,418,495,464,652,840,539,363,143,27,0,2161,2161,126,218,267,251,360,449,269,168,43,10,0,2029,2029,123,200,228,213,292,391,270,195,100,17,0
경기도 남양주시 퇴계원면(4136037000),28989,28989,2591,4076,4093,4433,5247,4573,2258,1307,355,53,3,14488,14488,1349,2079,2094,2277,2599,2359,1084,526,105,16,0,14501,14501,1242,1997,1999,2156,2648,2214,1174,781,250,37,3
경기도 남양주시 호평동(4136051000),39782,39782,6685,5430,3646,8872,7160,3793,2440,1340,367,47,2,19418,19418,3440,2750,1770,4101,3804,1773,1085,578,108,8,1,20364,20364,3245,2680,1876,4771,3356,2020,1355,762,259,39,1
경기도 남양주시 평내동(4136052000),41882,41882,5956,6568,4075,8494,8133,4366,2440,1417,393,40,0,20656,20656,3054,3305,2071,3976,4263,2195,1081,572,123,16,0,21226,21226,2902,3263,2004,4518,3870,2171,1359,845,270,24,0
경기도 남양주시 금곡동(4136053000),23164,23164,1768,2959,3378,3413,4187,3931,1861,1233,373,54,7,11773,11773,943,1581,1775,1830,2083,2009,902,499,128,21,2,11391,11391,825,1378,1603,1583,2104,1922,959,734,245,33,5
경기도 남양주시 양정동(4136054000),5825,5825,356,502,850,776,984,1207,621,406,105,14,4,3209,3209,188,269,486,474,564,674,327,184,39,4,0,2616,2616,168,233,364,302,420,533,294,222,66,10,4
경기도 남양주시 지금동(4136055000),19421,19421,2170,2487,2395,3445,3489,2977,1390,779,250,26,13,9765,9765,1120,1273,1225,1734,1808,1508,685,334,64,8,6,9656,9656,1050,1214,1170,1711,1681,1469,705,445,186,18,7
경기도 남양주시 도농동(4136056000),37886,37886,3666,5441,5218,6096,6656,5724,3020,1464,511,81,9,18612,18612,1885,2795,2599,2923,3267,2754,1570,646,154,19,0,19274,19274,1781,2646,2619,3173,3389,2970,1450,818,357,62,9
경기도 오산시 (4137000000),187653,187653,26388,24837,26339,41890,31629,19582,9456,5722,1583,206,21,95746,95746,13489,12881,13211,22053,16767,10038,4385,2420,456,43,3,91907,91907,12899,11956,13128,19837,14862,9544,5071,3302,1127,163,18
경기도 오산시 중앙동(4137051000),30180,30180,3883,4814,3545,6046,5633,3269,1589,1083,283,33,2,15110,15110,1931,2523,1714,3040,2899,1717,736,465,77,7,1,15070,15070,1952,2291,1831,3006,2734,1552,853,618,206,26,1
경기도 오산시 남촌동(4137053000),22295,22295,2023,2084,5587,5642,3294,2002,948,549,141,23,2,12550,12550,1032,1080,3116,3536,1950,1099,473,226,31,6,1,9745,9745,991,1004,2471,2106,1344,903,475,323,110,17,1
경기도 오산시 신장동(4137054000),41813,41813,5713,4970,6279,8894,6521,5029,2470,1477,404,52,4,20965,20965,2922,2564,3119,4771,3270,2472,1134,590,116,7,0,20848,20848,2791,2406,3160,4123,3251,2557,1336,887,288,45,4
경기도 오산시 세마동(4137055000),14010,14010,2208,1575,1817,3162,2210,1710,745,429,131,19,4,7136,7136,1158,770,941,1615,1168,864,371,205,40,4,0,6874,6874,1050,805,876,1547,1042,846,374,224,91,15,4
경기도 오산시 초평동(4137056000),17604,17604,2758,2400,2143,4036,3035,1667,831,542,166,23,3,8858,8858,1395,1214,1064,2053,1647,841,359,221,54,9,1,8746,8746,1363,1186,1079,1983,1388,826,472,321,112,14,2
경기도 오산시 대원동(4137057000),61751,61751,9803,8994,6968,14110,10936,5905,2873,1642,458,56,6,31127,31127,5051,4730,3257,7038,5833,3045,1312,713,138,10,0,30624,30624,4752,4264,3711,7072,5103,2860,1561,929,320,46,6
경기도 시흥시 (4139000000),401519,401519,45857,62824,50899,75571,83962,46568,19032,12454,3838,472,42,210418,210418,23555,32814,27166,40423,45113,26000,9154,4937,1121,125,10,191101,191101,22302,30010,23733,35148,38849,20568,9878,7517,2717,347,32
경기도 시흥시 대야동(4139051000),36258,36258,3232,5734,5045,5149,7591,5447,2091,1419,481,66,3,18458,18458,1650,3007,2608,2615,3839,2990,1043,544,135,26,1,17800,17800,1582,2727,2437,2534,3752,2457,1048,875,346,40,2
경기도 시흥시 신천동(4139052000),43440,43440,3982,7116,5946,6611,9322,6123,2345,1432,479,78,6,22261,22261,2076,3691,3080,3417,4861,3334,1135,499,140,28,0,21179,21179,1906,3425,2866,3194,4461,2789,1210,933,339,50,6
경기도 시흥시 신현동(4139053100),13000,13000,1177,1832,1684,1809,2683,2044,930,621,194,22,4,6795,6795,601,954,914,940,1431,1165,449,261,70,8,2,6205,6205,576,878,770,869,1252,879,481,360,124,14,2
경기도 시흥시 은행동(4139054000),32564,32564,3630,6056,3957,4936,7400,3907,1405,932,304,34,3,16468,16468,1833,3217,2032,2317,3724,2214,674,359,90,8,0,16096,16096,1797,2839,1925,2619,3676,1693,731,573,214,26,3
경기도 시흥시 매화동(4139055000),13814,13814,1359,2260,1504,2096,2836,1882,956,695,201,23,2,7158,7158,715,1198,819,1059,1564,1010,459,263,66,5,0,6656,6656,644,1062,685,1037,1272,872,497,432,135,18,2
경기도 시흥시 목감동(4139057000),11727,11727,996,1564,1506,1644,2209,1979,950,658,180,38,3,6014,6014,517,795,817,866,1161,1073,482,244,52,6,1,5713,5713,479,769,689,778,1048,906,468,414,128,32,2
경기도 시흥시 군자동(4139058100),42494,42494,5723,5337,5145,9111,7568,5333,2404,1385,447,32,9,22013,22013,2939,2809,2689,4926,4043,2724,1168,582,127,5,1,20481,20481,2784,2528,2456,4185,3525,2609,1236,803,320,27,8
경기도 시흥시 정왕본동(4139058900),23850,23850,1803,1612,5184,6801,4551,2320,879,522,160,15,3,14732,14732,935,870,3137,4651,3019,1368,477,230,41,3,1,9118,9118,868,742,2047,2150,1532,952,402,292,119,12,2
경기도 시흥시 정왕1동(4139059100),32099,32099,3265,3976,5204,7787,6631,3237,1183,628,170,17,1,18349,18349,1658,2079,3061,4842,3910,1893,582,271,49,3,1,13750,13750,1607,1897,2143,2945,2721,1344,601,357,121,14,0
경기도 시흥시 정왕2동(4139059200),36831,36831,4966,6615,4232,7385,7806,3406,1221,924,248,27,1,18938,18938,2572,3451,2118,3792,4013,1991,560,368,71,2,0,17893,17893,2394,3164,2114,3593,3793,1415,661,556,177,25,1
경기도 시흥시 정왕3동(4139059300),26613,26613,3232,4052,3241,5689,5704,2766,1037,657,204,29,2,14411,14411,1645,2147,1743,3265,3162,1602,505,278,56,8,0,12202,12202,1587,1905,1498,2424,2542,1164,532,379,148,21,2
경기도 시흥시 정왕4동(4139059400),25174,25174,3324,5112,2584,4589,5718,2181,837,641,162,24,2,12571,12571,1715,2663,1254,2113,2905,1289,338,246,44,3,1,12603,12603,1609,2449,1330,2476,2813,892,499,395,118,21,1
경기도 시흥시 과림동(4139062100),2605,2605,81,146,340,279,436,701,346,191,74,10,1,1583,1583,38,81,218,195,290,430,197,98,29,6,1,1022,1022,43,65,122,84,146,271,149,93,45,4,0
경기도 시흥시 연성동(4139063000),45761,45761,6639,9135,3778,8590,10586,3642,1723,1258,369,39,2,23059,23059,3410,4695,1902,3953,5648,2071,751,507,111,10,1,22702,22702,3229,4440,1876,4637,4938,1571,972,751,258,29,1
경기도 시흥시 능곡동(4139064000),15289,15289,2448,2277,1549,3095,2921,1600,725,491,165,18,0,7608,7608,1251,1157,774,1472,1543,846,334,187,40,4,0,7681,7681,1197,1120,775,1623,1378,754,391,304,125,14,0
경기도 군포시 (4141000000),288013,288013,31622,39619,40389,52705,52551,39154,16770,10920,3779,472,32,143542,143542,16246,20714,20379,26356,26129,19954,8094,4342,1200,122,6,144471,144471,15376,18905,20010,26349,26422,19200,8676,6578,2579,350,26
경기도 군포시 군포1동(4141051000),36372,36372,3349,4626,5643,6278,6741,5559,2397,1298,410,62,9,18980,18980,1745,2461,3060,3410,3501,2881,1239,542,125,13,3,17392,17392,1604,2165,2583,2868,3240,2678,1158,756,285,49,6
경기도 군포시 군포2동(4141052000),47410,47410,5672,7333,6376,8414,9038,6207,2454,1375,481,55,5,23629,23629,2871,3768,3239,4073,4447,3282,1223,562,151,13,0,23781,23781,2801,3565,3137,4341,4591,2925,1231,813,330,42,5
경기도 군포시 산본1동(4141054000),21229,21229,1607,2390,3526,3801,3466,3406,1678,976,328,46,5,10510,10510,816,1243,1848,2067,1642,1605,815,376,85,12,1,10719,10719,791,1147,1678,1734,1824,1801,863,600,243,34,4
경기도 군포시 산본2동(4141055000),30535,30535,3660,4353,4346,5485,5493,4318,1588,902,342,48,0,14999,14999,1868,2256,2162,2626,2599,2237,764,373,98,16,0,15536,15536,1792,2097,2184,2859,2894,2081,824,529,244,32,0
경기도 군포시 금정동(4141056000),20567,20567,1588,2427,3379,3657,3683,3395,1446,732,233,22,5,10679,10679,778,1277,1783,2044,1955,1708,762,304,61,6,1,9888,9888,810,1150,1596,1613,1728,1687,684,428,172,16,4
경기도 군포시 재궁동(4141057000),23783,23783,2513,2768,3722,4909,3918,3117,1458,1010,327,41,0,11655,11655,1306,1478,1780,2504,1917,1537,645,372,103,13,0,12128,12128,1207,1290,1942,2405,2001,1580,813,638,224,28,0
경기도 군포시 오금동(4141058000),26061,26061,3556,3438,3179,5864,4598,2837,1250,1028,283,26,2,12909,12909,1835,1860,1497,2874,2311,1418,582,425,104,2,1,13152,13152,1721,1578,1682,2990,2287,1419,668,603,179,24,1
경기도 군포시 수리동(4141059000),20772,20772,2444,2681,2797,4027,3546,2565,1257,1055,362,36,2,10161,10161,1289,1413,1343,2016,1712,1272,559,417,127,13,0,10611,10611,1155,1268,1454,2011,1834,1293,698,638,235,23,2
경기도 군포시 궁내동(4141060000),23335,23335,2773,4225,2577,3532,5058,2778,1125,906,323,37,1,11497,11497,1397,2235,1303,1550,2502,1472,528,364,135,11,0,11838,11838,1376,1990,1274,1982,2556,1306,597,542,188,26,1
경기도 군포시 대야동(4141061000),9668,9668,1268,1120,1266,1717,1726,1377,656,364,151,22,1,4908,4908,676,592,656,842,880,730,319,153,53,7,0,4760,4760,592,528,610,875,846,647,337,211,98,15,1
경기도 군포시 광정동(4141062000),28281,28281,3192,4258,3578,5021,5284,3595,1461,1274,539,77,2,13615,13615,1665,2131,1708,2350,2663,1812,658,454,158,16,0,14666,14666,1527,2127,1870,2671,2621,1783,803,820,381,61,2
경기도 의왕시 (4143000000),148446,148446,15122,20212,20806,24710,27424,22142,9844,5805,2087,276,18,74514,74514,7796,10532,10843,12500,13593,11290,4911,2371,604,70,4,73932,73932,7326,9680,9963,12210,13831,10852,4933,3434,1483,206,14
경기도 의왕시 고천동(4143051000),13307,13307,1186,1473,2065,2097,2084,2405,1167,591,219,20,0,6808,6808,616,818,1095,1088,1021,1243,627,242,52,6,0,6499,6499,570,655,970,1009,1063,1162,540,349,167,14,0
경기도 의왕시 부곡동(4143052000),26897,26897,2718,3540,3525,4526,4816,3742,2107,1412,456,48,7,13600,13600,1382,1803,1843,2357,2498,1927,1015,599,156,18,2,13297,13297,1336,1737,1682,2169,2318,1815,1092,813,300,30,5
경기도 의왕시 오전동(4143053000),44334,44334,4674,6097,6309,7563,8157,6836,2752,1379,506,54,7,22260,22260,2381,3161,3280,3795,3986,3481,1441,578,144,12,1,22074,22074,2293,2936,3029,3768,4171,3355,1311,801,362,42,6
경기도 의왕시 내손1동(4143054000),23124,23124,2364,3543,3247,3781,4724,3347,1136,692,245,44,1,11434,11434,1245,1803,1657,1832,2278,1741,531,269,70,8,0,11690,11690,1119,1740,1590,1949,2446,1606,605,423,175,36,1
경기도 의왕시 내손2동(4143055000),27485,27485,2769,3964,3854,4680,5403,3714,1553,1090,394,64,0,13825,13825,1472,2100,2042,2397,2695,1886,717,405,97,14,0,13660,13660,1297,1864,1812,2283,2708,1828,836,685,297,50,0
경기도 의왕시 청계동(4143056000),13299,13299,1411,1595,1806,2063,2240,2098,1129,641,267,46,3,6587,6587,700,847,926,1031,1115,1012,580,278,85,12,1,6712,6712,711,748,880,1032,1125,1086,549,363,182,34,2
경기도 하남시 (4145000000),149479,149479,13871,17656,20455,25186,25856,24696,12677,6446,2248,325,63,76430,76430,7193,9240,10789,13206,13441,12591,6434,2790,642,82,22,73049,73049,6678,8416,9666,11980,12415,12105,6243,3656,1606,243,41
경기도 하남시 천현동(4145051000),8175,8175,566,723,1168,1250,1295,1614,868,471,188,24,8,4414,4414,289,387,655,753,716,856,463,225,59,8,3,3761,3761,277,336,513,497,579,758,405,246,129,16,5
경기도 하남시 신장1동(4145052000),7524,7524,528,881,1164,1219,1367,1270,588,367,122,14,4,3837,3837,263,481,597,705,695,636,286,140,30,2,2,3687,3687,265,400,567,514,672,634,302,227,92,12,2
경기도 하남시 신장2동(4145053000),45418,45418,4798,5742,6115,8041,7835,7040,3576,1631,563,68,9,22783,22783,2477,2991,3177,4022,3934,3454,1812,722,172,19,3,22635,22635,2321,2751,2938,4019,3901,3586,1764,909,391,49,6
경기도 하남시 덕풍1동(4145054000),18973,18973,1858,2335,2571,3424,3317,3018,1524,665,226,32,3,9570,9570,952,1222,1325,1760,1692,1504,751,295,63,5,1,9403,9403,906,1113,1246,1664,1625,1514,773,370,163,27,2
경기도 하남시 덕풍2동(4145055000),22893,22893,2044,2771,3350,3918,4006,3649,1861,938,310,41,5,11611,11611,1084,1450,1722,2064,2031,1870,919,375,85,10,1,11282,11282,960,1321,1628,1854,1975,1779,942,563,225,31,4
경기도 하남시 덕풍3동(4145056000),25592,25592,2960,3370,3315,4446,4521,3841,1826,918,339,52,4,12708,12708,1535,1730,1738,2133,2289,1899,914,370,85,15,0,12884,12884,1425,1640,1577,2313,2232,1942,912,548,254,37,4
경기도 하남시 풍산동(4145057000),6635,6635,301,543,834,887,1101,1393,794,489,220,51,22,3665,3665,158,289,467,557,666,808,428,215,56,10,11,2970,2970,143,254,367,330,435,585,366,274,164,41,11
경기도 하남시 감북동(4145058000),6180,6180,336,560,904,851,1064,1272,676,375,119,20,3,3355,3355,172,320,509,501,607,670,350,179,40,7,0,2825,2825,164,240,395,350,457,602,326,196,79,13,3
경기도 하남시 춘궁동(4145059000),3983,3983,216,366,529,534,635,791,484,322,86,15,5,2198,2198,123,197,302,319,383,444,246,151,29,3,1,1785,1785,93,169,227,215,252,347,238,171,57,12,4
경기도 하남시 초이동(4145060000),4106,4106,264,365,505,616,715,808,480,270,75,8,0,2289,2289,140,173,297,392,428,450,265,118,23,3,0,1817,1817,124,192,208,224,287,358,215,152,52,5,0
경기도 용인시 (4146000000),890282,890282,113766,128003,97901,172203,165330,100177,63403,36549,11241,1624,85,443337,443337,58681,66261,49502,82932,86016,49850,29423,16653,3626,378,15,446945,446945,55085,61742,48399,89271,79314,50327,33980,19896,7615,1246,70
경기도 용인시 처인구 (4146100000),209893,209893,21654,30078,26472,35480,37909,28510,15427,10390,3468,464,41,107867,107867,11226,15986,14053,18623,20039,14906,7459,4382,1061,120,12,102026,102026,10428,14092,12419,16857,17870,13604,7968,6008,2407,344,29
경기도 용인시 처인구 포곡읍(4146125000),32118,32118,3815,4738,4113,5893,5887,3812,2043,1378,381,57,1,16487,16487,1991,2517,2163,3064,3127,1980,968,565,97,15,0,15631,15631,1824,2221,1950,2829,2760,1832,1075,813,284,42,1
경기도 용인시 처인구 모현면(4146131000),22450,22450,2158,2982,2839,3536,4072,3370,1922,1123,391,53,4,11976,11976,1092,1675,1594,1955,2223,1820,959,518,122,17,1,10474,10474,1066,1307,1245,1581,1849,1550,963,605,269,36,3
경기도 용인시 처인구 남사면(4146132000),7406,7406,433,774,860,883,1208,1281,912,749,264,36,6,3905,3905,208,393,475,546,700,696,464,318,94,11,0,3501,3501,225,381,385,337,508,585,448,431,170,25,6
경기도 용인시 처인구 이동면(4146133000),20555,20555,2402,2491,2358,3643,3599,2889,1585,1102,420,62,4,10344,10344,1268,1285,1226,1932,1915,1434,715,437,117,12,3,10211,10211,1134,1206,1132,1711,1684,1455,870,665,303,50,1
경기도 용인시 처인구 원삼면(4146134000),7720,7720,448,793,886,892,1232,1477,937,748,269,34,4,3977,3977,211,413,492,510,674,782,483,317,85,9,1,3743,3743,237,380,394,382,558,695,454,431,184,25,3
경기도 용인시 처인구 백암면(4146135000),9835,9835,546,1510,1136,1087,1420,1727,1040,974,338,52,5,5129,5129,288,839,613,628,797,923,505,411,107,15,3,4706,4706,258,671,523,459,623,804,535,563,231,37,2
경기도 용인시 처인구 양지면(4146136000),15255,15255,1263,2522,1974,2109,2781,2261,1149,846,305,42,3,8092,8092,658,1407,1107,1166,1493,1222,569,369,94,6,1,7163,7163,605,1115,867,943,1288,1039,580,477,211,36,2
경기도 용인시 처인구 중앙동(4146151000),24352,24352,2133,3485,3503,4016,4515,3510,1689,1095,357,42,7,12318,12318,1130,1828,1840,2080,2285,1753,813,450,125,12,2,12034,12034,1003,1657,1663,1936,2230,1757,876,645,232,30,5
경기도 용인시 처인구 역삼동(4146152000),23343,23343,2550,3499,3379,4263,4395,2866,1366,755,242,25,3,11793,11793,1331,1830,1703,2157,2202,1499,664,325,73,8,1,11550,11550,1219,1669,1676,2106,2193,1367,702,430,169,17,2
경기도 용인시 처인구 유림동(4146153000),32739,32739,4611,5280,3454,6853,6208,3186,1778,1042,288,39,0,16630,16630,2348,2740,1800,3379,3329,1693,811,431,88,11,0,16109,16109,2263,2540,1654,3474,2879,1493,967,611,200,28,0
경기도 용인시 처인구 동부동(4146154000),14120,14120,1295,2004,1970,2305,2592,2131,1006,578,213,22,4,7216,7216,701,1059,1040,1206,1294,1104,508,241,59,4,0,6904,6904,594,945,930,1099,1298,1027,498,337,154,18,4
경기도 용인시 기흥구 (4146300000),365632,365632,51833,49979,39739,76834,66302,37998,24747,13446,4115,614,25,180834,180834,26811,25558,19770,36657,34614,18430,11325,6171,1365,131,2,184798,184798,25022,24421,19969,40177,31688,19568,13422,7275,2750,483,23
경기도 용인시 기흥구 신갈동(4146351000),34103,34103,4125,5016,3720,6582,6659,3959,2239,1331,416,52,4,16974,16974,2127,2554,1829,3244,3467,2042,992,575,126,17,1,17129,17129,1998,2462,1891,3338,3192,1917,1247,756,290,35,3
경기도 용인시 기흥구 영덕동(4146351500),37682,37682,6092,4646,4253,8892,6623,3778,1808,1017,512,61,0,18603,18603,3167,2411,2054,4294,3393,1856,851,388,169,20,0,19079,19079,2925,2235,2199,4598,3230,1922,957,629,343,41,0
경기도 용인시 기흥구 구갈동(4146352000),27257,27257,3040,3971,3909,5658,5157,3017,1490,726,255,31,3,13759,13759,1536,2016,1973,2941,2665,1522,719,297,84,6,0,13498,13498,1504,1955,1936,2717,2492,1495,771,429,171,25,3
경기도 용인시 기흥구 상갈동(4146353000),45978,45978,6889,6091,4661,9954,8247,4683,3131,1743,492,83,4,22971,22971,3568,3087,2319,4846,4409,2301,1444,824,160,13,0,23007,23007,3321,3004,2342,5108,3838,2382,1687,919,332,70,4
경기도 용인시 기흥구 기흥동(4146354000),18867,18867,2875,2071,2042,4287,3079,2141,1386,758,194,32,2,9498,9498,1475,1089,1092,2129,1645,1026,636,340,58,8,0,9369,9369,1400,982,950,2158,1434,1115,750,418,136,24,2
경기도 용인시 기흥구 서농동(4146355000),12685,12685,1234,1502,3574,2237,1927,1240,593,269,95,14,0,6292,6292,624,766,1730,1169,972,610,277,121,21,2,0,6393,6393,610,736,1844,1068,955,630,316,148,74,12,0
경기도 용인시 기흥구 구성동(4146356000),37357,37357,5563,4536,3447,8199,6148,4052,3155,1756,433,66,2,18285,18285,2913,2331,1734,3848,3161,1850,1411,873,152,12,0,19072,19072,2650,2205,1713,4351,2987,2202,1744,883,281,54,2
경기도 용인시 기흥구 마북동(4146357000),30453,30453,3496,4230,3123,5611,5427,3523,2963,1568,428,84,0,15074,15074,1856,2143,1624,2727,2723,1642,1376,795,172,16,0,15379,15379,1640,2087,1499,2884,2704,1881,1587,773,256,68,0
경기도 용인시 기흥구 동백동(4146358500),64501,64501,11053,10316,5033,14180,12958,5222,3276,1830,559,72,2,31676,31676,5735,5325,2446,6230,6977,2553,1432,790,173,15,0,32825,32825,5318,4991,2587,7950,5981,2669,1844,1040,386,57,2
경기도 용인시 기흥구 상하동(4146358600),23218,23218,3161,3332,2452,4655,4324,2610,1480,872,287,45,0,11305,11305,1585,1697,1257,2153,2246,1257,645,374,82,9,0,11913,11913,1576,1635,1195,2502,2078,1353,835,498,205,36,0
경기도 용인시 기흥구 보정동(4146359000),33531,33531,4305,4268,3525,6579,5753,3773,3226,1576,444,74,8,16397,16397,2225,2139,1712,3076,2956,1771,1542,794,168,13,1,17134,17134,2080,2129,1813,3503,2797,2002,1684,782,276,61,7
경기도 용인시 수지구 (4146500000),314757,314757,40279,47946,31690,59889,61119,33669,23229,12713,3658,546,19,154636,154636,20644,24717,15679,27652,31363,16514,10639,6100,1200,127,1,160121,160121,19635,23229,16011,32237,29756,17155,12590,6613,2458,419,18
경기도 용인시 수지구 풍덕천1동(4146551000),35589,35589,4146,5405,4190,7190,6921,3802,2128,1311,449,45,2,17799,17799,2162,2800,2084,3648,3531,1923,949,547,143,12,0,17790,17790,1984,2605,2106,3542,3390,1879,1179,764,306,33,2
경기도 용인시 수지구 풍덕천2동(4146552000),39200,39200,5426,7184,3442,7587,8691,3093,1938,1355,426,56,2,19326,19326,2787,3686,1661,3452,4503,1666,816,586,155,14,0,19874,19874,2639,3498,1781,4135,4188,1427,1122,769,271,42,2
경기도 용인시 수지구 신봉동(4146553000),30586,30586,4243,4640,2495,5567,6123,3076,2641,1413,335,52,1,14985,14985,2233,2347,1224,2428,3212,1487,1194,731,120,9,0,15601,15601,2010,2293,1271,3139,2911,1589,1447,682,215,43,1
경기도 용인시 수지구 죽전1동(4146554000),59372,59372,8220,8949,6122,11939,11521,5913,3718,2265,629,95,1,29039,29039,4235,4623,2993,5471,5933,2912,1620,1026,202,24,0,30333,30333,3985,4326,3129,6468,5588,3001,2098,1239,427,71,1
경기도 용인시 수지구 죽전2동(4146555000),20175,20175,2467,2772,2602,4499,3612,2063,1188,697,233,41,1,10008,10008,1288,1461,1218,2252,1815,1017,571,302,77,7,0,10167,10167,1179,1311,1384,2247,1797,1046,617,395,156,34,1
경기도 용인시 수지구 동천동(4146556000),32927,32927,4319,4834,3463,6249,6452,3914,2217,1105,324,47,3,16323,16323,2169,2508,1819,2831,3350,1948,1078,513,94,12,1,16604,16604,2150,2326,1644,3418,3102,1966,1139,592,230,35,2
경기도 용인시 수지구 상현1동(4146557000),34382,34382,4108,5348,3427,5908,6655,4056,2913,1454,446,62,5,16726,16726,2083,2761,1697,2632,3371,1938,1365,736,129,14,0,17656,17656,2025,2587,1730,3276,3284,2118,1548,718,317,48,5
경기도 용인시 수지구 상현2동(4146558000),32241,32241,4119,4998,2942,5826,6202,3563,2696,1440,394,59,2,15754,15754,2065,2585,1436,2653,3170,1748,1225,712,146,14,0,16487,16487,2054,2413,1506,3173,3032,1815,1471,728,248,45,2
경기도 용인시 수지구 성복동(4146559000),30285,30285,3231,3816,3007,5124,4942,4189,3790,1673,422,89,2,14676,14676,1622,1946,1547,2285,2478,1875,1821,947,134,21,0,15609,15609,1609,1870,1460,2839,2464,2314,1969,726,288,68,2
경기도 파주시 (4148000000),367062,367062,42130,47614,49290,63941,64340,45844,27279,19527,6070,930,97,187816,187816,21823,24380,27475,32731,34386,23732,12717,8262,2027,257,26,179246,179246,20307,23234,21815,31210,29954,22112,14562,11265,4043,673,71
경기도 파주시 문산읍(4148025000),44085,44085,5158,5156,6270,7704,6912,5582,3608,2745,809,127,14,22545,22545,2658,2667,3482,4132,3661,2822,1646,1131,296,43,7,21540,21540,2500,2489,2788,3572,3251,2760,1962,1614,513,84,7
경기도 파주시 파주읍(4148025300),13745,13745,747,1439,1670,1686,2278,2383,1619,1354,459,86,24,7136,7136,376,785,931,986,1284,1261,749,559,166,32,7,6609,6609,371,654,739,700,994,1122,870,795,293,54,17
경기도 파주시 법원읍(4148025600),13850,13850,1014,1657,1595,1747,2398,2271,1540,1180,385,55,8,7215,7215,514,894,916,988,1343,1213,725,458,143,19,2,6635,6635,500,763,679,759,1055,1058,815,722,242,36,6
경기도 파주시 조리읍(4148026200),31860,31860,2834,4579,3645,4502,6163,4821,2773,1885,570,80,8,16138,16138,1435,2358,1950,2295,3210,2538,1321,823,183,23,2,15722,15722,1399,2221,1695,2207,2953,2283,1452,1062,387,57,6
경기도 파주시 월롱면(4148031000),15969,15969,303,1473,8705,1735,1145,1236,677,510,163,19,3,9756,9756,172,329,5930,1374,649,678,354,205,58,6,1,6213,6213,131,1144,2775,361,496,558,323,305,105,13,2
경기도 파주시 탄현면(4148032000),13743,13743,1283,1457,1818,2254,2368,1875,1242,1047,339,56,4,7334,7334,676,768,1087,1248,1340,996,620,472,110,17,0,6409,6409,607,689,731,1006,1028,879,622,575,229,39,4
경기도 파주시 광탄면(4148035000),12932,12932,689,1471,1547,1456,2316,2361,1458,1133,410,79,12,6861,6861,330,787,895,847,1304,1336,735,468,145,12,2,6071,6071,359,684,652,609,1012,1025,723,665,265,67,10
경기도 파주시 파평면(4148036000),4620,4620,218,438,530,397,694,818,637,615,222,49,2,2342,2342,113,208,300,228,397,441,306,265,72,11,1,2278,2278,105,230,230,169,297,377,331,350,150,38,1
경기도 파주시 적성면(4148037000),7336,7336,515,855,830,843,1159,1248,972,657,212,43,2,3839,3839,273,454,483,485,629,666,466,294,78,11,0,3497,3497,242,401,347,358,530,582,506,363,134,32,2
경기도 파주시 장단출장소(4148038700),632,632,46,65,81,69,88,105,97,65,14,2,0,326,326,20,34,37,47,46,58,44,30,9,1,0,306,306,26,31,44,22,42,47,53,35,5,1,0
경기도 파주시 진동면(4148040000),170,170,12,5,15,19,25,31,35,21,6,1,0,89,89,6,2,8,4,18,17,17,13,3,1,0,81,81,6,3,7,15,7,14,18,8,3,0,0
경기도 파주시 금촌1동(4148051000),23032,23032,1995,2559,3406,4037,3941,3497,1913,1213,410,57,4,11942,11942,1037,1360,1824,2218,2135,1788,901,509,150,18,2,11090,11090,958,1199,1582,1819,1806,1709,1012,704,260,39,2
경기도 파주시 금촌2동(4148052000),36251,36251,5762,5547,3749,7828,6750,3292,1755,1197,311,56,4,17862,17862,2996,2817,1849,3714,3559,1601,750,478,85,13,0,18389,18389,2766,2730,1900,4114,3191,1691,1005,719,226,43,4
경기도 파주시 금촌3동(4148053000),28457,28457,3605,4119,3420,5303,5193,3277,1862,1240,393,43,2,14664,14664,1898,2215,1793,2736,2772,1712,856,552,123,7,0,13793,13793,1707,1904,1627,2567,2421,1565,1006,688,270,36,2
경기도 파주시 교하동(4148054000),42386,42386,6418,5855,3928,8563,8082,4579,2607,1701,574,73,6,21485,21485,3364,3123,2008,4084,4367,2410,1223,729,160,17,0,20901,20901,3054,2732,1920,4479,3715,2169,1384,972,414,56,6
경기도 파주시 운정1동(4148055000),23629,23629,3370,3322,2604,4685,4426,2725,1341,889,226,39,2,11622,11622,1728,1652,1287,2194,2296,1393,619,378,62,11,2,12007,12007,1642,1670,1317,2491,2130,1332,722,511,164,28,0
경기도 파주시 운정2동(4148056000),27149,27149,4263,4017,2521,5627,5249,2666,1502,976,298,29,1,13246,13246,2193,2070,1233,2559,2710,1303,648,415,104,11,0,13903,13903,2070,1947,1288,3068,2539,1363,854,561,194,18,1
경기도 파주시 운정3동(4148057000),27216,27216,3898,3600,2956,5486,5153,3077,1641,1099,269,36,1,13414,13414,2034,1857,1462,2592,2666,1499,737,483,80,4,0,13802,13802,1864,1743,1494,2894,2487,1578,904,616,189,32,1
경기도 이천시 (4150000000),204349,204349,23060,28501,27584,34832,34736,27085,14077,10604,3393,445,32,103565,103565,11995,14910,14104,17632,18278,14240,6779,4475,1052,94,6,100784,100784,11065,13591,13480,17200,16458,12845,7298,6129,2341,351,26
경기도 이천시 장호원읍(4150025000),16138,16138,1412,2175,1912,2220,2582,2565,1524,1269,418,52,9,8216,8216,736,1152,1057,1161,1369,1298,736,537,148,18,4,7922,7922,676,1023,855,1059,1213,1267,788,732,270,34,5
경기도 이천시 부발읍(4150025300),38951,38951,5729,5499,5974,8185,6252,3824,1845,1255,351,35,2,19228,19228,2941,2855,2453,4036,3376,2060,890,510,102,5,0,19723,19723,2788,2644,3521,4149,2876,1764,955,745,249,30,2
경기도 이천시 신둔면(4150031000),10921,10921,973,1380,1370,1548,1905,1775,981,697,244,44,4,5716,5716,524,725,744,821,1030,992,496,305,69,10,0,5205,5205,449,655,626,727,875,783,485,392,175,34,4
경기도 이천시 백사면(4150032000),10001,10001,941,1261,1182,1395,1734,1551,909,763,234,31,0,5159,5159,509,687,637,711,929,816,430,352,85,3,0,4842,4842,432,574,545,684,805,735,479,411,149,28,0
경기도 이천시 호법면(4150033000),5439,5439,397,573,707,723,832,911,601,481,191,21,2,2824,2824,205,280,377,435,473,492,286,215,57,3,1,2615,2615,192,293,330,288,359,419,315,266,134,18,1
경기도 이천시 마장면(4150034000),7892,7892,503,805,1050,1011,1312,1404,899,641,232,32,3,4176,4176,255,449,600,583,736,749,445,274,78,7,0,3716,3716,248,356,450,428,576,655,454,367,154,25,3
경기도 이천시 대월면(4150035000),13892,13892,1887,1703,1858,2702,2085,1704,1021,674,230,27,1,7049,7049,968,897,913,1409,1154,867,487,284,65,5,0,6843,6843,919,806,945,1293,931,837,534,390,165,22,1
경기도 이천시 모가면(4150036000),4909,4909,282,505,582,516,751,914,606,573,154,25,1,2579,2579,149,273,341,290,429,495,296,253,46,7,0,2330,2330,133,232,241,226,322,419,310,320,108,18,1
경기도 이천시 설성면(4150037000),5683,5683,327,613,679,601,798,1008,706,690,220,40,1,2953,2953,170,312,393,347,458,534,347,306,80,5,1,2730,2730,157,301,286,254,340,474,359,384,140,35,0
경기도 이천시 율면(4150038000),3019,3019,145,289,257,249,404,579,404,514,163,14,1,1527,1527,82,147,146,149,234,308,200,207,51,3,0,1492,1492,63,142,111,100,170,271,204,307,112,11,1
경기도 이천시 창전동(4150051000),19624,19624,1551,2810,3251,2990,3408,3178,1342,804,255,33,2,9600,9600,805,1458,1640,1468,1600,1585,655,331,52,6,0,10024,10024,746,1352,1611,1522,1808,1593,687,473,203,27,2
경기도 이천시 증포동(4150051500),42233,42233,6740,7714,4361,8348,8401,3855,1403,1025,349,34,3,20984,20984,3506,4017,2167,3750,4340,2079,628,379,108,10,0,21249,21249,3234,3697,2194,4598,4061,1776,775,646,241,24,3
경기도 이천시 중리동(4150052000),14897,14897,1285,1709,2765,2689,2362,2092,1055,705,196,37,2,8214,8214,693,926,1793,1626,1215,1074,514,307,59,7,0,6683,6683,592,783,972,1063,1147,1018,541,398,137,30,2
경기도 이천시 관고동(4150053000),10750,10750,888,1465,1636,1655,1910,1725,781,513,156,20,1,5340,5340,452,732,843,846,935,891,369,215,52,5,0,5410,5410,436,733,793,809,975,834,412,298,104,15,1
경기도 안성시 (4155000000),180551,180551,19463,23012,22673,31208,29494,24793,14288,11448,3669,478,25,92240,92240,10056,12104,12084,16563,15792,12756,6796,4859,1092,132,6,88311,88311,9407,10908,10589,14645,13702,12037,7492,6589,2577,346,19
경기도 안성시 공도읍(4155025000),54210,54210,9131,6781,5941,13067,8872,5111,2793,1904,542,67,1,27166,27166,4729,3451,2940,6595,4760,2475,1267,768,160,21,0,27044,27044,4402,3330,3001,6472,4112,2636,1526,1136,382,46,1
경기도 안성시 보개면(4155031000),6305,6305,370,643,788,642,929,1126,791,732,256,26,2,3267,3267,203,341,435,389,509,608,378,328,74,2,0,3038,3038,167,302,353,253,420,518,413,404,182,24,2
경기도 안성시 금광면(4155032000),8700,8700,1072,1031,966,1501,1289,1179,716,691,214,39,2,4330,4330,555,548,473,758,716,586,340,279,62,12,1,4370,4370,517,483,493,743,573,593,376,412,152,27,1
경기도 안성시 서운면(4155033000),3975,3975,158,374,497,424,622,764,504,482,127,23,0,2096,2096,78,212,284,259,358,405,245,207,38,10,0,1879,1879,80,162,213,165,264,359,259,275,89,13,0
경기도 안성시 미양면(4155034000),7469,7469,595,682,981,1145,1052,1246,776,735,232,24,1,3930,3930,295,350,553,705,596,668,387,306,66,4,0,3539,3539,300,332,428,440,456,578,389,429,166,20,1
경기도 안성시 대덕면(4155035000),11368,11368,773,988,2304,2212,1770,1582,889,618,209,22,1,6398,6398,391,509,1353,1440,1050,852,454,282,58,9,0,4970,4970,382,479,951,772,720,730,435,336,151,13,1
경기도 안성시 양성면(4155036000),5480,5480,264,491,632,559,801,1073,696,616,304,41,3,2780,2780,129,276,348,327,442,577,337,261,72,11,0,2700,2700,135,215,284,232,359,496,359,355,232,30,3
경기도 안성시 원곡면(4155038000),5009,5009,451,507,628,770,748,843,504,410,134,11,3,2596,2596,226,253,344,443,396,455,248,189,39,1,2,2413,2413,225,254,284,327,352,388,256,221,95,10,1
경기도 안성시 일죽면(4155039000),8720,8720,537,1136,988,918,1218,1586,1094,903,300,39,1,4556,4556,282,635,561,511,680,827,545,393,111,10,1,4164,4164,255,501,427,407,538,759,549,510,189,29,0
경기도 안성시 죽산면(4155040000),7431,7431,404,824,867,859,1221,1324,859,807,231,34,1,3835,3835,201,441,502,471,664,716,404,354,73,9,0,3596,3596,203,383,365,388,557,608,455,453,158,25,1
경기도 안성시 삼죽면(4155041000),3832,3832,192,596,462,348,515,666,465,467,108,13,0,2082,2082,95,373,290,202,296,351,220,215,37,3,0,1750,1750,97,223,172,146,219,315,245,252,71,10,0
경기도 안성시 고삼면(4155042000),2118,2118,87,190,269,197,277,431,272,286,96,13,0,1100,1100,42,104,155,126,151,222,132,129,34,5,0,1018,1018,45,86,114,71,126,209,140,157,62,8,0
경기도 안성시 안성1동(4155051000),13329,13329,865,1894,1803,1599,2303,2276,1261,959,322,42,5,6688,6688,447,991,983,859,1145,1157,586,409,96,13,2,6641,6641,418,903,820,740,1158,1119,675,550,226,29,3
경기도 안성시 안성2동(4155052000),19189,19189,2196,2693,2519,3481,3300,2550,1256,870,284,39,1,9689,9689,1114,1444,1306,1813,1712,1265,585,356,84,10,0,9500,9500,1082,1249,1213,1668,1588,1285,671,514,200,29,1
경기도 안성시 안성3동(4155053000),23416,23416,2368,4182,3028,3486,4577,3036,1412,968,310,45,4,11727,11727,1269,2176,1557,1665,2317,1592,668,383,88,12,0,11689,11689,1099,2006,1471,1821,2260,1444,744,585,222,33,4
경기도 김포시 (4157000000),246571,246571,26332,34671,28032,40666,47034,34139,19327,11944,3879,513,34,125121,125121,13683,18040,14418,20497,24748,17897,9329,5167,1193,138,11,121450,121450,12649,16631,13614,20169,22286,16242,9998,6777,2686,375,23
경기도 김포시 통진읍(4157025000),27384,27384,2693,3354,3669,4517,4899,4052,2166,1498,480,55,1,14203,14203,1416,1753,1953,2497,2628,2115,1045,625,152,18,1,13181,13181,1277,1601,1716,2020,2271,1937,1121,873,328,37,0
경기도 김포시 고촌읍(4157025300),25131,25131,3090,2629,3032,4554,4180,3985,2146,1094,356,62,3,12672,12672,1634,1350,1544,2188,2248,1990,1108,496,100,13,1,12459,12459,1456,1279,1488,2366,1932,1995,1038,598,256,49,2
경기도 김포시 양촌면(4157032000),24235,24235,2605,2372,3084,4406,3975,3818,2158,1277,467,66,7,12553,12553,1300,1213,1619,2468,2172,2027,1056,548,126,21,3,11682,11682,1305,1159,1465,1938,1803,1791,1102,729,341,45,4
경기도 김포시 대곶면(4157034000),10486,10486,616,1040,1162,1344,1900,1969,1278,824,298,53,2,5861,5861,327,542,696,827,1196,1124,682,374,84,9,0,4625,4625,289,498,466,517,704,845,596,450,214,44,2
경기도 김포시 월곶면(4157035000),5916,5916,256,526,723,683,969,1235,768,521,196,32,7,3227,3227,140,291,393,428,557,698,421,227,65,5,2,2689,2689,116,235,330,255,412,537,347,294,131,27,5
경기도 김포시 하성면(4157036000),9202,9202,474,971,1076,985,1539,1729,1234,871,283,38,2,4899,4899,260,538,580,591,917,919,594,394,94,12,0,4303,4303,214,433,496,394,622,810,640,477,189,26,2
경기도 김포시 김포1동(4157051000),49474,49474,5154,8666,5520,7492,10596,6197,3056,2067,653,64,9,24590,24590,2680,4552,2722,3523,5290,3325,1387,862,223,22,4,24884,24884,2474,4114,2798,3969,5306,2872,1669,1205,430,42,5
경기도 김포시 김포2동(4157052000),33682,33682,4569,5166,3302,6272,6500,3752,2276,1358,435,51,1,16670,16670,2351,2618,1660,2970,3406,1902,1036,586,126,15,0,17012,17012,2218,2548,1642,3302,3094,1850,1240,772,309,36,1
경기도 김포시 사우동(4157054000),22567,22567,2180,3566,2812,3786,4675,2869,1467,916,262,34,0,11339,11339,1127,1868,1421,1897,2354,1531,680,377,74,10,0,11228,11228,1053,1698,1391,1889,2321,1338,787,539,188,24,0
경기도 김포시 풍무동(4157055000),38494,38494,4695,6381,3652,6627,7801,4533,2778,1518,449,58,2,19107,19107,2448,3315,1830,3108,3980,2266,1320,678,149,13,0,19387,19387,2247,3066,1822,3519,3821,2267,1458,840,300,45,2
경기도 화성시 (4159000000),515084,515084,78008,65748,59057,112471,87879,56140,29449,19286,6156,838,52,265636,265636,40097,34229,30299,58469,48822,29415,14220,8085,1790,195,15,249448,249448,37911,31519,28758,54002,39057,26725,15229,11201,4366,643,37
경기도 화성시 봉담읍(4159025300),65250,65250,10380,8398,7405,14771,11067,7139,3440,1923,609,114,4,33185,33185,5296,4353,3723,7456,6067,3616,1705,772,168,28,1,32065,32065,5084,4045,3682,7315,5000,3523,1735,1151,441,86,3
경기도 화성시 우정읍(4159025600),17144,17144,1676,1817,1877,2886,2737,2623,1725,1312,429,61,1,9163,9163,882,939,1053,1745,1603,1353,872,554,146,15,1,7981,7981,794,878,824,1141,1134,1270,853,758,283,46,0
경기도 화성시 향남읍(4159025900),52533,52533,8937,6108,6206,12766,8264,5192,2689,1775,519,71,6,27332,27332,4636,3133,3200,6842,4728,2690,1240,699,141,19,4,25201,25201,4301,2975,3006,5924,3536,2502,1449,1076,378,52,2
경기도 화성시 매송면(4159031000),9101,9101,834,1043,1194,1327,1580,1446,873,596,175,33,0,4786,4786,449,539,665,753,866,784,407,258,59,6,0,4315,4315,385,504,529,574,714,662,466,338,116,27,0
경기도 화성시 비봉면(4159032000),6301,6301,368,643,714,712,1062,1174,759,623,222,24,0,3420,3420,193,349,432,438,605,661,398,268,69,7,0,2881,2881,175,294,282,274,457,513,361,355,153,17,0
경기도 화성시 마도면(4159033000),6056,6056,424,560,696,778,995,1099,779,526,173,26,0,3335,3335,232,295,422,502,575,594,425,242,43,5,0,2721,2721,192,265,274,276,420,505,354,284,130,21,0
경기도 화성시 송산면(4159034000),11279,11279,702,1123,1238,1326,1816,2050,1429,1160,375,52,8,5888,5888,364,589,689,785,1020,1073,702,537,117,12,0,5391,5391,338,534,549,541,796,977,727,623,258,40,8
경기도 화성시 서신면(4159035000),6996,6996,326,581,692,729,1130,1489,957,795,252,39,6,3734,3734,161,325,386,423,672,806,499,369,80,11,2,3262,3262,165,256,306,306,458,683,458,426,172,28,4
경기도 화성시 팔탄면(4159036000),10534,10534,704,840,1430,1647,1848,1971,1008,812,242,30,2,6076,6076,364,456,877,1083,1181,1150,531,358,71,5,0,4458,4458,340,384,553,564,667,821,477,454,171,25,2
경기도 화성시 장안면(4159037000),11305,11305,846,1212,1149,1480,1928,1982,1330,1040,300,34,4,6242,6242,467,659,703,893,1166,1098,659,478,105,12,2,5063,5063,379,553,446,587,762,884,671,562,195,22,2
경기도 화성시 양감면(4159040000),4351,4351,234,346,540,546,729,883,521,414,120,18,0,2531,2531,120,187,353,387,463,516,282,170,47,6,0,1820,1820,114,159,187,159,266,367,239,244,73,12,0
경기도 화성시 정남면(4159041000),13266,13266,1081,1441,1641,1963,2382,2191,1217,941,343,59,7,7276,7276,563,747,975,1194,1438,1266,603,391,86,11,2,5990,5990,518,694,666,769,944,925,614,550,257,48,5
경기도 화성시 동탄면(4159042000),4874,4874,584,470,607,1023,809,684,368,245,74,9,1,2667,2667,298,243,338,602,489,385,185,107,19,1,0,2207,2207,286,227,269,421,320,299,183,138,55,8,1
경기도 화성시 남양동(4159051000),24122,24122,3075,2691,2836,4745,3936,3215,1809,1290,458,65,2,12832,12832,1542,1470,1632,2626,2263,1716,893,546,135,8,1,11290,11290,1533,1221,1204,2119,1673,1499,916,744,323,57,1
경기도 화성시 진안동(4159052000),35194,35194,5349,3769,6126,9159,5147,3095,1456,822,252,18,1,18520,18520,2783,2000,3048,5205,2854,1541,670,334,80,5,0,16674,16674,2566,1769,3078,3954,2293,1554,786,488,172,13,1
경기도 화성시 병점1동(4159053000),27490,27490,4397,3978,3290,6507,4577,2645,1226,647,204,18,1,13830,13830,2222,2068,1643,3263,2373,1362,565,262,66,6,0,13660,13660,2175,1910,1647,3244,2204,1283,661,385,138,12,1
경기도 화성시 병점2동(4159054000),27525,27525,5134,4247,2740,6785,4754,1986,1036,614,198,30,1,13570,13570,2611,2163,1233,3262,2604,962,438,221,66,10,0,13955,13955,2523,2084,1507,3523,2150,1024,598,393,132,20,1
경기도 화성시 반월동(4159055000),19786,19786,3276,2948,2517,4175,3565,2084,678,379,145,18,1,10042,10042,1688,1519,1306,2007,1871,1098,366,154,29,3,1,9744,9744,1588,1429,1211,2168,1694,986,312,225,116,15,0
경기도 화성시 기배동(4159056000),15315,15315,2625,2143,1495,3307,2744,1595,843,403,139,21,0,7808,7808,1368,1136,745,1618,1511,794,421,175,33,7,0,7507,7507,1257,1007,750,1689,1233,801,422,228,106,14,0
경기도 화성시 화산동(4159057000),24057,24057,3325,3024,2949,4988,4069,3064,1500,882,231,21,4,12450,12450,1688,1617,1578,2629,2191,1591,723,369,59,4,1,11607,11607,1637,1407,1371,2359,1878,1473,777,513,172,17,3
경기도 화성시 동탄1동(4159058500),49197,49197,9495,7622,4641,12213,9581,3277,1373,717,249,29,0,24610,24610,4832,3944,2059,5821,5236,1748,609,291,66,4,0,24587,24587,4663,3678,2582,6392,4345,1529,764,426,183,25,0
경기도 화성시 동탄2동(4159058600),33520,33520,5758,5857,3204,7150,6876,2716,1106,622,204,26,1,16671,16671,3005,3025,1574,3265,3611,1412,478,246,50,5,0,16849,16849,2753,2832,1630,3885,3265,1304,628,376,154,21,1
경기도 화성시 동탄3동(4159058700),39888,39888,8478,4887,3870,11488,6283,2540,1327,748,243,22,2,19668,19668,4333,2473,1665,5670,3435,1199,549,284,55,5,0,20220,20220,4145,2414,2205,5818,2848,1341,778,464,188,17,2
경기도 광주시 (4161000000),258665,258665,28558,33046,31499,46904,46399,37790,19890,10789,3320,428,42,133319,133319,14680,17254,16563,24286,24990,19721,9920,4796,983,116,10,125346,125346,13878,15792,14936,22618,21409,18069,9970,5993,2337,312,32
경기도 광주시 오포읍(4161025000),60847,60847,6597,7531,7781,11344,10740,8892,4778,2376,718,86,4,31160,31160,3384,3877,4057,5899,5700,4554,2370,1074,221,24,0,29687,29687,3213,3654,3724,5445,5040,4338,2408,1302,497,62,4
경기도 광주시 초월읍(4161025300),36416,36416,4678,4946,3950,6858,6270,4972,2709,1534,440,58,1,19053,19053,2416,2701,2086,3503,3517,2662,1354,665,134,15,0,17363,17363,2262,2245,1864,3355,2753,2310,1355,869,306,43,1
경기도 광주시 곤지암읍(4161025900),23620,23620,2413,3032,2813,4007,4493,3475,1754,1199,367,54,13,12403,12403,1260,1567,1493,2097,2532,1910,897,516,109,20,2,11217,11217,1153,1465,1320,1910,1961,1565,857,683,258,34,11
경기도 광주시 도척면(4161033000),8824,8824,767,912,1026,1319,1499,1538,872,644,206,38,3,4691,4691,385,485,568,760,837,845,458,284,60,8,1,4133,4133,382,427,458,559,662,693,414,360,146,30,2
경기도 광주시 퇴촌면(4161034000),11007,11007,949,1087,1127,1643,1812,2040,1302,758,256,29,4,5601,5601,497,558,615,879,948,1035,642,333,85,8,1,5406,5406,452,529,512,764,864,1005,660,425,171,21,3
경기도 광주시 남종면(4161035000),1749,1749,90,143,170,162,239,363,269,223,84,6,0,915,915,45,73,96,88,141,204,129,107,31,1,0,834,834,45,70,74,74,98,159,140,116,53,5,0
경기도 광주시 중부면(4161036000),2876,2876,270,287,285,347,498,497,333,267,80,11,1,1526,1526,159,149,163,191,282,267,159,128,27,1,0,1350,1350,111,138,122,156,216,230,174,139,53,10,1
경기도 광주시 경안동(4161051000),35265,35265,3546,5282,4506,6104,6896,4885,2435,1203,357,44,7,18099,18099,1824,2797,2356,3138,3640,2561,1167,506,94,13,3,17166,17166,1722,2485,2150,2966,3256,2324,1268,697,263,31,4
경기도 광주시 송정동(4161052000),42953,42953,4846,5517,5788,8063,7787,6192,2844,1418,437,55,6,21776,21776,2452,2808,2996,4132,4010,3189,1437,618,114,18,2,21177,21177,2394,2709,2792,3931,3777,3003,1407,800,323,37,4
경기도 광주시 광남동(4161053000),35108,35108,4402,4309,4053,7057,6165,4936,2594,1167,375,47,3,18095,18095,2258,2239,2133,3599,3383,2494,1307,565,108,8,1,17013,17013,2144,2070,1920,3458,2782,2442,1287,602,267,39,2
경기도 양주시 (4163000000),197718,197718,23180,26083,22369,34514,35471,27226,15652,9888,2902,406,27,100905,100905,11872,13367,11875,17545,19020,14282,7576,4340,933,90,5,96813,96813,11308,12716,10494,16969,16451,12944,8076,5548,1969,316,22
경기도 양주시 백석읍(4163025000),29487,29487,3043,4161,3413,4478,5539,4403,2418,1546,419,63,4,14995,14995,1574,2108,1807,2303,2910,2310,1173,651,149,10,0,14492,14492,1469,2053,1606,2175,2629,2093,1245,895,270,53,4
경기도 양주시 은현면(4163031000),7614,7614,450,772,1058,868,1337,1509,843,556,195,24,2,4214,4214,220,417,606,541,796,852,459,252,62,9,0,3400,3400,230,355,452,327,541,657,384,304,133,15,2
경기도 양주시 남면(4163032000),7951,7951,463,827,1118,1016,1302,1493,818,597,271,42,4,4344,4344,265,425,659,603,753,867,435,249,75,11,2,3607,3607,198,402,459,413,549,626,383,348,196,31,2
경기도 양주시 광적면(4163033000),11611,11611,897,1421,1449,1547,2128,2039,1079,780,240,28,3,6290,6290,481,752,804,888,1186,1189,556,348,81,4,1,5321,5321,416,669,645,659,942,850,523,432,159,24,2
경기도 양주시 장흥면(4163034000),10632,10632,764,965,1359,1415,1568,2134,1375,748,254,46,4,5449,5449,401,502,765,801,814,1033,684,355,80,14,0,5183,5183,363,463,594,614,754,1101,691,393,174,32,4
경기도 양주시 양주1동(4163051000),7149,7149,437,770,876,869,1252,1283,876,605,152,29,0,3749,3749,227,388,491,497,674,718,427,279,40,8,0,3400,3400,210,382,385,372,578,565,449,326,112,21,0
경기도 양주시 양주2동(4163052000),52249,52249,9184,6239,4902,12204,8503,5252,3564,1846,493,61,1,25836,25836,4664,3153,2402,5919,4556,2484,1666,824,159,9,0,26413,26413,4520,3086,2500,6285,3947,2768,1898,1022,334,52,1
경기도 양주시 회천1동(4163053000),7201,7201,376,980,1036,859,1362,1289,663,473,132,28,3,3871,3871,199,521,618,473,741,718,332,214,47,7,1,3330,3330,177,459,418,386,621,571,331,259,85,21,2
경기도 양주시 회천2동(4163054000),29243,29243,2994,4237,3799,4669,5772,4276,1942,1193,333,26,2,14890,14890,1538,2160,2000,2374,3029,2261,920,514,90,4,0,14353,14353,1456,2077,1799,2295,2743,2015,1022,679,243,22,2
경기도 양주시 회천3동(4163055000),29524,29524,4047,5097,2714,5741,5853,2753,1645,1292,332,48,2,14603,14603,2039,2604,1354,2694,3089,1441,695,545,128,13,1,14921,14921,2008,2493,1360,3047,2764,1312,950,747,204,35,1
경기도 양주시 회천4동(4163056000),5057,5057,525,614,645,848,855,795,429,252,81,11,2,2664,2664,264,337,369,452,472,409,229,109,22,1,0,2393,2393,261,277,276,396,383,386,200,143,59,10,2
경기도 포천시 (4165000000),158154,158154,13755,21129,18920,21992,28823,25707,13852,10224,3279,435,38,82864,82864,7162,11188,10429,11679,15937,14130,6714,4398,1078,138,11,75290,75290,6593,9941,8491,10313,12886,11577,7138,5826,2201,297,27
경기도 포천시 소흘읍(4165025000),48106,48106,5226,7689,5492,7718,9779,6584,3005,1915,622,73,3,24477,24477,2709,3944,2820,3791,5228,3527,1466,769,197,26,0,23629,23629,2517,3745,2672,3927,4551,3057,1539,1146,425,47,3
경기도 포천시 군내면(4165031000),6939,6939,358,823,862,743,1195,1384,750,623,178,22,1,3745,3745,184,439,504,444,668,793,380,271,53,8,1,3194,3194,174,384,358,299,527,591,370,352,125,14,0
경기도 포천시 내촌면(4165032000),5296,5296,264,531,669,574,971,1074,591,449,147,24,2,2958,2958,135,290,391,366,558,659,303,198,50,7,1,2338,2338,129,241,278,208,413,415,288,251,97,17,1
경기도 포천시 가산면(4165033000),8958,8958,528,1115,1027,995,1712,1782,833,687,250,27,2,5069,5069,266,608,595,615,1073,1080,442,310,77,3,0,3889,3889,262,507,432,380,639,702,391,377,173,24,2
경기도 포천시 신북면(4165034000),14015,14015,1248,1818,1759,2055,2451,2363,1149,848,281,39,4,7471,7471,655,985,956,1126,1392,1303,574,377,91,12,0,6544,6544,593,833,803,929,1059,1060,575,471,190,27,4
경기도 포천시 창수면(4165035000),2686,2686,109,239,331,253,378,578,396,314,73,14,1,1488,1488,66,135,189,155,230,328,196,151,34,4,0,1198,1198,43,104,142,98,148,250,200,163,39,10,1
경기도 포천시 영중면(4165036000),5836,5836,360,637,571,628,963,1129,768,583,178,19,0,3064,3064,174,337,316,350,563,642,346,266,63,7,0,2772,2772,186,300,255,278,400,487,422,317,115,12,0
경기도 포천시 일동면(4165037000),10949,10949,950,1301,1276,1584,1588,1853,1142,922,285,44,4,5750,5750,524,706,753,878,883,966,532,384,104,17,3,5199,5199,426,595,523,706,705,887,610,538,181,27,1
경기도 포천시 이동면(4165038000),6044,6044,437,595,833,682,868,1053,780,597,176,21,2,3220,3220,226,327,528,395,473,579,373,249,63,7,0,2824,2824,211,268,305,287,395,474,407,348,113,14,2
경기도 포천시 영북면(4165039000),9208,9208,626,898,1202,1025,1403,1605,1126,967,313,33,10,4806,4806,328,496,730,573,784,833,507,431,110,13,1,4402,4402,298,402,472,452,619,772,619,536,203,20,9
경기도 포천시 관인면(4165040000),3621,3621,161,401,371,311,544,694,545,430,135,29,0,1893,1893,67,214,215,198,301,372,272,199,43,12,0,1728,1728,94,187,156,113,243,322,273,231,92,17,0
경기도 포천시 화현면(4165041000),3093,3093,269,314,360,434,473,516,333,311,69,14,0,1639,1639,134,171,195,232,278,296,167,138,27,1,0,1454,1454,135,143,165,202,195,220,166,173,42,13,0
경기도 포천시 포천동(4165051000),19824,19824,2103,2957,2463,2979,3661,2894,1436,941,346,40,4,10020,10020,1106,1571,1304,1477,1890,1518,656,387,98,11,2,9804,9804,997,1386,1159,1502,1771,1376,780,554,248,29,2
경기도 포천시 선단동(4165052000),13579,13579,1116,1811,1704,2011,2837,2198,998,637,226,36,5,7264,7264,588,965,933,1079,1616,1234,500,268,68,10,3,6315,6315,528,846,771,932,1221,964,498,369,158,26,2
경기도 여주군 (4173000000),109045,109045,9800,13755,12582,15403,18106,17353,10523,8403,2741,357,22,55117,55117,5020,7113,6643,8032,9684,8937,5139,3598,849,91,11,53928,53928,4780,6642,5939,7371,8422,8416,5384,4805,1892,266,11
경기도 여주군 여주읍(4173025000),42521,42521,4709,6312,5092,7046,7715,6043,2902,2005,616,71,10,21323,21323,2427,3226,2669,3515,4013,3064,1401,821,164,17,6,21198,21198,2282,3086,2423,3531,3702,2979,1501,1184,452,54,4
경기도 여주군 여주읍오학출장소(4173025500),11383,11383,1247,1633,1410,1983,2129,1503,747,543,163,21,4,5744,5744,629,862,729,988,1098,793,369,218,51,6,1,5639,5639,618,771,681,995,1031,710,378,325,112,15,3
경기도 여주군 점동면(4173031000),4762,4762,251,562,509,396,674,914,635,587,208,26,0,2448,2448,146,298,286,229,383,464,323,248,65,6,0,2314,2314,105,264,223,167,291,450,312,339,143,20,0
경기도 여주군 가남면(4173032000),16086,16086,1686,1872,1918,2691,2494,2422,1488,1122,337,53,3,8199,8199,858,956,985,1436,1365,1233,761,480,110,14,1,7887,7887,828,916,933,1255,1129,1189,727,642,227,39,2
경기도 여주군 흥천면(4173033000),5297,5297,293,481,553,508,776,1049,777,625,210,25,0,2719,2719,146,258,290,288,438,544,389,295,64,7,0,2578,2578,147,223,263,220,338,505,388,330,146,18,0
경기도 여주군 금사면(4173034000),3094,3094,167,284,279,283,469,612,502,346,132,20,0,1537,1537,80,161,143,157,258,303,239,157,38,1,0,1557,1557,87,123,136,126,211,309,263,189,94,19,0
경기도 여주군 능서면(4173035000),6840,6840,435,735,813,690,1011,1231,823,766,297,38,1,3493,3493,219,385,444,398,573,661,412,307,85,9,0,3347,3347,216,350,369,292,438,570,411,459,212,29,1
경기도 여주군 대신면(4173036000),7594,7594,390,683,846,687,1062,1485,1088,996,315,42,0,3890,3890,200,363,482,403,578,799,503,443,107,12,0,3704,3704,190,320,364,284,484,686,585,553,208,30,0
경기도 여주군 북내면(4173037000),5266,5266,275,624,545,531,840,895,659,663,205,26,3,2687,2687,142,332,295,298,468,472,299,292,79,8,2,2579,2579,133,292,250,233,372,423,360,371,126,18,1
경기도 여주군 강천면(4173038000),3633,3633,193,309,379,334,560,720,513,427,172,25,1,1821,1821,100,149,196,185,319,368,253,193,49,8,1,1812,1812,93,160,183,149,241,352,260,234,123,17,0
경기도 여주군 산북면(4173039000),2569,2569,154,260,238,254,376,479,389,323,86,10,0,1256,1256,73,123,124,135,191,236,190,144,37,3,0,1313,1313,81,137,114,119,185,243,199,179,49,7,0
경기도 연천군 (4180000000),45109,45109,3421,5004,5217,5412,6914,7511,5401,4519,1471,213,26,23240,23240,1807,2677,2985,3008,3773,3914,2558,1950,486,72,10,21869,21869,1614,2327,2232,2404,3141,3597,2843,2569,985,141,16
경기도 연천군 연천읍(4180025000),6814,6814,395,742,761,731,1035,1113,914,818,269,33,3,3529,3529,233,410,430,420,586,577,422,346,92,13,0,3285,3285,162,332,331,311,449,536,492,472,177,20,3
경기도 연천군 전곡읍(4180025300),19997,19997,2018,2683,2520,2892,3348,2994,1673,1305,480,71,13,10230,10230,1021,1423,1403,1515,1760,1574,818,539,150,22,5,9767,9767,997,1260,1117,1377,1588,1420,855,766,330,49,8
경기도 연천군 군남면(4180031000),3623,3623,214,308,392,335,499,656,542,520,131,25,1,1920,1920,123,165,228,204,289,359,260,238,45,9,0,1703,1703,91,143,164,131,210,297,282,282,86,16,1
경기도 연천군 청산면(4180032000),4447,4447,257,386,459,529,657,866,617,487,163,24,2,2275,2275,138,206,275,303,365,425,292,204,60,6,1,2172,2172,119,180,184,226,292,441,325,283,103,18,1
경기도 연천군 백학면(4180033000),2965,2965,176,290,315,258,429,516,467,397,101,15,1,1530,1530,99,150,193,149,230,280,216,176,29,7,1,1435,1435,77,140,122,109,199,236,251,221,72,8,0
경기도 연천군 미산면(4180034000),1738,1738,81,144,160,140,241,343,269,252,95,11,2,895,895,47,83,85,84,135,186,121,114,35,4,1,843,843,34,61,75,56,106,157,148,138,60,7,1
경기도 연천군 왕징면(4180035000),1210,1210,58,103,110,92,158,222,213,190,54,9,1,632,632,38,50,67,62,92,116,94,93,14,5,1,578,578,20,53,43,30,66,106,119,97,40,4,0
경기도 연천군 신서면(4180036000),3425,3425,177,275,411,350,435,650,552,426,131,15,3,1766,1766,85,146,243,217,257,320,261,183,49,4,1,1659,1659,92,129,168,133,178,330,291,243,82,11,2
경기도 연천군 중면(4180037000),224,224,21,20,35,29,26,32,21,26,11,3,0,123,123,10,12,27,18,11,21,10,11,3,0,0,101,101,11,8,8,11,15,11,11,15,8,3,0
경기도 연천군 장남면(4180038000),666,666,24,53,54,56,86,119,133,98,36,7,0,340,340,13,32,34,36,48,56,64,46,9,2,0,326,326,11,21,20,20,38,63,69,52,27,5,0
경기도 가평군 (4182000000),59448,59448,4474,6571,6221,7337,9440,10680,6924,5641,1882,254,24,30586,30586,2361,3535,3398,4000,5155,5624,3352,2459,615,78,9,28862,28862,2113,3036,2823,3337,4285,5056,3572,3182,1267,176,15
경기도 가평군 가평읍(4182025000),19946,19946,1658,2568,2192,2638,3283,3312,1949,1694,570,75,7,10128,10128,880,1346,1180,1408,1751,1709,912,727,187,26,2,9818,9818,778,1222,1012,1230,1532,1603,1037,967,383,49,5
경기도 가평군 설악면(4182031000),7570,7570,617,772,711,789,1170,1392,975,811,297,32,4,3876,3876,306,402,398,425,649,735,498,354,97,9,3,3694,3694,311,370,313,364,521,657,477,457,200,23,1
경기도 가평군 청평면(4182032500),13371,13371,958,1512,1343,1742,2235,2471,1555,1136,370,46,3,6876,6876,505,830,710,938,1219,1298,724,502,135,14,1,6495,6495,453,682,633,804,1016,1173,831,634,235,32,2
경기도 가평군 상면(4182033000),5014,5014,235,434,577,465,723,994,736,606,209,29,6,2575,2575,135,237,324,275,401,512,361,262,58,8,2,2439,2439,100,197,253,190,322,482,375,344,151,21,4
경기도 가평군 하면(4182034000),9722,9722,804,1010,1052,1341,1524,1694,1127,855,259,54,2,5172,5172,424,565,582,749,844,953,566,392,81,15,1,4550,4550,380,445,470,592,680,741,561,463,178,39,1
경기도 가평군 북면(4182035000),3825,3825,202,275,346,362,505,817,582,539,177,18,2,1959,1959,111,155,204,205,291,417,291,222,57,6,0,1866,1866,91,120,142,157,214,400,291,317,120,12,2
경기도 양평군 (4183000000),97992,97992,7402,10708,10312,12035,15379,17899,11750,8959,3057,461,30,49494,49494,3887,5690,5667,6297,8146,9050,5721,3910,995,118,13,48498,48498,3515,5018,4645,5738,7233,8849,6029,5049,2062,343,17
경기도 양평군 양평읍(4183025000),27962,27962,2824,3907,3224,4269,4917,4285,2275,1635,541,74,11,14062,14062,1498,2042,1724,2109,2547,2201,1076,668,173,18,6,13900,13900,1326,1865,1500,2160,2370,2084,1199,967,368,56,5
경기도 양평군 강상면(4183031000),6718,6718,600,675,745,956,1088,1182,741,532,162,35,2,3374,3374,304,361,391,492,561,604,362,236,53,10,0,3344,3344,296,314,354,464,527,578,379,296,109,25,2
경기도 양평군 강하면(4183032000),4160,4160,237,340,433,460,567,911,682,386,119,25,0,2082,2082,139,170,231,236,282,438,351,191,36,8,0,2078,2078,98,170,202,224,285,473,331,195,83,17,0
경기도 양평군 양서면(4183033000),10126,10126,717,1000,1091,1207,1551,1977,1336,881,304,60,2,5146,5146,377,537,608,645,821,980,660,408,86,22,2,4980,4980,340,463,483,562,730,997,676,473,218,38,0
경기도 양평군 옥천면(4183034000),6553,6553,506,645,733,814,1032,1259,821,548,163,31,1,3295,3295,242,355,409,445,544,618,386,235,52,8,1,3258,3258,264,290,324,369,488,641,435,313,111,23,0
경기도 양평군 서종면(4183035000),7205,7205,498,637,670,830,1118,1614,1008,586,207,34,3,3619,3619,277,357,357,425,561,772,516,264,79,10,1,3586,3586,221,280,313,405,557,842,492,322,128,24,2
경기도 양평군 단월면(4183036000),3327,3327,151,250,351,348,394,687,527,443,155,21,0,1709,1709,84,138,201,203,230,344,257,198,46,8,0,1618,1618,67,112,150,145,164,343,270,245,109,13,0
경기도 양평군 청운면(4183037000),3623,3623,151,286,330,322,476,720,578,542,194,22,2,1808,1808,82,150,197,178,276,352,268,245,55,5,0,1815,1815,69,136,133,144,200,368,310,297,139,17,2
경기도 양평군 양동면(4183038000),4595,4595,192,335,461,370,615,905,740,678,268,27,4,2335,2335,97,183,254,223,341,491,356,288,94,7,1,2260,2260,95,152,207,147,274,414,384,390,174,20,3
경기도 양평군 지평면(4183039500),6132,6132,321,545,561,570,847,1188,857,902,297,42,2,3117,3117,170,289,326,335,472,627,397,386,106,9,0,3015,3015,151,256,235,235,375,561,460,516,191,33,2
경기도 양평군 용문면(4183040000),13187,13187,977,1705,1285,1443,2126,2264,1508,1327,478,72,2,6691,6691,508,888,711,762,1149,1170,751,582,158,11,1,6496,6496,469,817,574,681,977,1094,757,745,320,61,1
경기도 양평군 개군면(4183041000),4404,4404,228,383,428,446,648,907,677,499,169,18,1,2256,2256,109,220,258,244,362,453,341,209,57,2,1,2148,2148,119,163,170,202,286,454,336,290,112,16,0
강원도  (4200000000),1532825,1532825,133054,199521,183963,214547,254413,245073,146479,112573,37536,5241,425,770978,770978,68989,104789,100908,110828,132564,123858,69020,47140,11324,1415,143,761847,761847,64065,94732,83055,103719,121849,121215,77459,65433,26212,3826,282
강원도 춘천시 (4211000000),271524,271524,24795,37708,34677,39733,46676,40916,22532,17493,6014,911,69,133962,133962,12857,19607,17913,19778,23706,20230,10387,7263,1906,284,31,137562,137562,11938,18101,16764,19955,22970,20686,12145,10230,4108,627,38
강원도 춘천시 신북읍(4211025000),7271,7271,438,746,828,820,1030,1253,933,875,295,51,2,3709,3709,224,387,457,459,591,654,454,358,105,19,1,3562,3562,214,359,371,361,439,599,479,517,190,32,1
강원도 춘천시 동면(4211031000),11681,11681,1509,1443,1343,2046,1954,1725,779,593,250,38,1,5892,5892,786,816,691,1008,996,865,396,252,71,10,1,5789,5789,723,627,652,1038,958,860,383,341,179,28,0
강원도 춘천시 동산면(4211032000),1542,1542,71,130,173,107,197,346,202,243,66,7,0,818,818,41,63,100,62,122,206,92,107,23,2,0,724,724,30,67,73,45,75,140,110,136,43,5,0
강원도 춘천시 신동면(4211033000),2481,2481,113,250,298,243,333,521,279,333,99,10,2,1249,1249,54,140,144,146,188,260,142,148,21,5,1,1232,1232,59,110,154,97,145,261,137,185,78,5,1
강원도 춘천시 남면(4211034000),1129,1129,39,84,106,82,135,235,190,205,44,9,0,602,602,17,44,60,57,90,130,92,95,14,3,0,527,527,22,40,46,25,45,105,98,110,30,6,0
강원도 춘천시 서면(4211035000),4052,4052,194,325,395,321,535,768,583,591,268,71,1,2015,2015,116,159,220,185,311,397,298,242,72,15,0,2037,2037,78,166,175,136,224,371,285,349,196,56,1
강원도 춘천시 사북면(4211036000),2575,2575,111,242,239,181,354,528,407,367,130,16,0,1285,1285,63,135,124,92,192,264,198,163,46,8,0,1290,1290,48,107,115,89,162,264,209,204,84,8,0
강원도 춘천시 북산면(4211038000),890,890,22,58,57,49,122,203,182,146,42,9,0,487,487,10,32,30,31,80,122,86,76,13,7,0,403,403,12,26,27,18,42,81,96,70,29,2,0
강원도 춘천시 동내면(4211039000),14301,14301,1733,1846,1667,2590,2423,1959,1002,770,262,45,4,7126,7126,888,965,844,1299,1283,971,450,330,79,17,0,7175,7175,845,881,823,1291,1140,988,552,440,183,28,4
강원도 춘천시 남산면(4211040000),3848,3848,186,291,403,380,552,840,572,434,164,23,3,2005,2005,95,149,225,236,314,439,298,183,55,9,2,1843,1843,91,142,178,144,238,401,274,251,109,14,1
강원도 춘천시 교동(4211052000),4167,4167,202,440,794,539,619,662,459,329,109,14,0,2033,2033,102,214,387,303,316,306,224,138,38,5,0,2134,2134,100,226,407,236,303,356,235,191,71,9,0
강원도 춘천시 조운동(4211053000),3592,3592,152,378,534,431,569,648,419,325,114,20,2,1750,1750,81,202,253,231,296,305,198,126,47,10,1,1842,1842,71,176,281,200,273,343,221,199,67,10,1
강원도 춘천시 약사명동(4211054500),4800,4800,229,583,578,550,762,822,603,469,177,25,2,2368,2368,124,312,324,278,393,424,250,187,67,8,1,2432,2432,105,271,254,272,369,398,353,282,110,17,1
강원도 춘천시 근화동(4211057000),8353,8353,697,947,980,1317,1364,1348,804,646,220,29,1,4242,4242,388,535,488,690,752,693,340,257,85,14,0,4111,4111,309,412,492,627,612,655,464,389,135,15,1
강원도 춘천시 소양동(4211058000),8101,8101,479,910,1058,1014,1286,1394,916,724,282,33,5,3983,3983,249,498,563,550,662,651,401,288,107,11,3,4118,4118,230,412,495,464,624,743,515,436,175,22,2
강원도 춘천시 후평1동(4211060000),13133,13133,888,1678,1942,1770,2099,2272,1289,851,299,41,4,6456,6456,460,873,1011,921,1010,1120,604,357,87,12,1,6677,6677,428,805,931,849,1089,1152,685,494,212,29,3
강원도 춘천시 후평2동(4211061000),15231,15231,1309,2341,2275,2185,2626,2299,1122,749,284,41,0,7327,7327,694,1216,1130,1064,1236,1097,481,301,100,8,0,7904,7904,615,1125,1145,1121,1390,1202,641,448,184,33,0
강원도 춘천시 후평3동(4211061100),21931,21931,1880,3349,3017,3093,3784,3464,1625,1206,452,60,1,10530,10530,943,1709,1540,1539,1794,1666,742,455,129,13,0,11401,11401,937,1640,1477,1554,1990,1798,883,751,323,47,1
강원도 춘천시 효자1동(4211062000),3871,3871,201,435,500,466,577,698,478,379,118,18,1,1943,1943,108,230,273,252,315,324,220,167,45,8,1,1928,1928,93,205,227,214,262,374,258,212,73,10,0
강원도 춘천시 효자2동(4211063000),12706,12706,662,1353,2114,1745,1917,2020,1456,1082,314,37,6,6497,6497,326,685,1213,1008,1062,988,656,456,90,10,3,6209,6209,336,668,901,737,855,1032,800,626,224,27,3
강원도 춘천시 효자3동(4211064000),4944,4944,249,537,902,659,750,816,501,399,117,12,2,2512,2512,130,264,487,381,393,390,218,191,53,4,1,2432,2432,119,273,415,278,357,426,283,208,64,8,1
강원도 춘천시 석사동(4211065000),40804,40804,4555,6710,5163,6452,7950,5080,2440,1769,573,106,6,19819,19819,2336,3379,2547,2987,3985,2553,1095,754,159,23,1,20985,20985,2219,3331,2616,3465,3965,2527,1345,1015,414,83,5
강원도 춘천시 퇴계동(4211066000),44771,44771,5082,7592,5024,7195,8680,5849,2583,2006,667,90,3,21794,21794,2670,3915,2580,3317,4258,2866,1164,795,200,28,1,22977,22977,2412,3677,2444,3878,4422,2983,1419,1211,467,62,2
강원도 춘천시 강남동(4211067500),14494,14494,1287,1960,1919,2054,2480,2446,1195,826,273,50,4,7132,7132,675,1018,1019,994,1200,1166,597,366,79,17,1,7362,7362,612,942,900,1060,1280,1280,598,460,194,33,3
강원도 춘천시 신사우동(4211070500),20856,20856,2507,3080,2368,3444,3578,2720,1513,1176,395,56,19,10388,10388,1277,1667,1203,1688,1867,1373,691,471,121,18,12,10468,10468,1230,1413,1165,1756,1711,1347,822,705,274,38,7
강원도 원주시 (4213000000),319518,319518,31865,47146,40020,49834,57510,46384,22275,17882,5824,727,51,159063,159063,16510,24677,20856,24608,29097,23551,10408,7343,1823,173,17,160455,160455,15355,22469,19164,25226,28413,22833,11867,10539,4001,554,34
강원도 원주시 문막읍(4213025000),19406,19406,2391,2524,2183,3588,3270,2440,1460,1126,376,45,3,9903,9903,1223,1306,1193,1853,1780,1287,668,461,120,12,0,9503,9503,1168,1218,990,1735,1490,1153,792,665,256,33,3
강원도 원주시 소초면(4213031000),9543,9543,697,1054,1200,1197,1565,1778,909,825,278,37,3,4921,4921,359,568,660,648,838,945,451,356,86,9,1,4622,4622,338,486,540,549,727,833,458,469,192,28,2
강원도 원주시 호저면(4213032000),4462,4462,208,463,535,387,620,903,519,640,173,13,1,2298,2298,111,243,293,227,360,483,256,254,68,3,0,2164,2164,97,220,242,160,260,420,263,386,105,10,1
강원도 원주시 지정면(4213033000),3051,3051,116,298,354,249,447,595,371,460,148,12,1,1576,1576,57,161,193,144,257,337,179,200,46,2,0,1475,1475,59,137,161,105,190,258,192,260,102,10,1
강원도 원주시 부론면(4213035000),2476,2476,102,130,226,189,293,545,397,426,151,17,0,1262,1262,41,73,134,128,168,294,198,174,50,2,0,1214,1214,61,57,92,61,125,251,199,252,101,15,0
강원도 원주시 귀래면(4213036000),2081,2081,63,168,197,150,284,444,329,301,132,12,1,1066,1066,32,86,110,90,160,233,153,144,55,2,1,1015,1015,31,82,87,60,124,211,176,157,77,10,0
강원도 원주시 흥업면(4213037000),8920,8920,625,1591,1791,1088,1144,1249,637,596,173,24,2,4697,4697,323,816,1028,606,636,657,296,268,59,6,2,4223,4223,302,775,763,482,508,592,341,328,114,18,0
강원도 원주시 판부면(4213038000),6458,6458,540,787,886,1027,1222,974,473,385,151,12,1,3291,3291,274,410,488,558,640,507,215,148,49,2,0,3167,3167,266,377,398,469,582,467,258,237,102,10,1
강원도 원주시 신림면(4213039000),3927,3927,165,321,395,347,508,834,603,559,165,28,2,1995,1995,96,168,228,204,267,431,284,250,58,9,0,1932,1932,69,153,167,143,241,403,319,309,107,19,2
강원도 원주시 중앙동(4213051500),3512,3512,132,293,395,376,602,742,482,376,97,13,4,1894,1894,70,162,231,234,351,414,232,151,40,8,1,1618,1618,62,131,164,142,251,328,250,225,57,5,3
강원도 원주시 원인동(4213052000),7158,7158,513,978,977,979,1212,1225,604,519,134,16,1,3472,3472,269,496,502,511,585,594,264,190,52,8,1,3686,3686,244,482,475,468,627,631,340,329,82,8,0
강원도 원주시 개운동(4213053000),14946,14946,1189,2537,1863,1892,2819,2338,1164,880,234,25,5,7231,7231,610,1347,917,935,1284,1132,549,383,68,6,0,7715,7715,579,1190,946,957,1535,1206,615,497,166,19,5
강원도 원주시 명륜1동(4213054100),11409,11409,759,1957,1499,1259,2163,1924,909,666,246,27,0,5526,5526,385,985,748,604,1029,980,433,274,79,9,0,5883,5883,374,972,751,655,1134,944,476,392,167,18,0
강원도 원주시 명륜2동(4213054200),19161,19161,1621,3267,2552,2564,3855,2862,1104,927,370,37,2,9206,9206,833,1654,1300,1206,1871,1417,503,317,102,3,0,9955,9955,788,1613,1252,1358,1984,1445,601,610,268,34,2
강원도 원주시 단구동(4213055000),48246,48246,6292,8036,5573,9193,9227,5357,2341,1661,503,57,6,23750,23750,3263,4186,2808,4275,4638,2688,1044,678,156,10,4,24496,24496,3029,3850,2765,4918,4589,2669,1297,983,347,47,2
강원도 원주시 일산동(4213056000),9072,9072,597,1286,1412,1160,1461,1505,800,613,205,30,3,4516,4516,305,710,744,594,730,690,386,276,67,13,1,4556,4556,292,576,668,566,731,815,414,337,138,17,2
강원도 원주시 학성동(4213057500),6199,6199,337,830,760,734,1089,1163,639,512,118,16,1,3117,3117,178,468,404,397,542,585,270,236,33,4,0,3082,3082,159,362,356,337,547,578,369,276,85,12,1
강원도 원주시 단계동(4213059000),24566,24566,2051,3966,3424,3462,4717,4024,1453,1038,364,64,3,11864,11864,1082,2030,1743,1629,2160,1996,688,416,103,15,2,12702,12702,969,1936,1681,1833,2557,2028,765,622,261,49,1
강원도 원주시 우산동(4213060000),11211,11211,810,1392,1654,1530,1901,1896,1076,722,198,30,2,5853,5853,441,734,901,842,1034,982,536,311,63,8,1,5358,5358,369,658,753,688,867,914,540,411,135,22,1
강원도 원주시 태장1동(4213061000),11245,11245,1592,1618,1116,2260,1967,1323,674,527,146,22,0,5647,5647,824,861,567,1112,1054,672,305,212,35,5,0,5598,5598,768,757,549,1148,913,651,369,315,111,17,0
강원도 원주시 태장2동(4213062000),26915,26915,3043,4066,3211,4683,4895,3724,1610,1269,377,37,0,13469,13469,1618,2061,1648,2354,2513,1895,755,508,109,8,0,13446,13446,1425,2005,1563,2329,2382,1829,855,761,268,29,0
강원도 원주시 봉산동(4213063500),10985,10985,712,1578,1334,1299,2005,1880,1005,855,279,35,3,5502,5502,359,832,732,678,1037,969,462,339,87,7,0,5483,5483,353,746,602,621,968,911,543,516,192,28,3
강원도 원주시 행구동(4213065000),7620,7620,863,1130,772,1111,1402,1081,522,472,214,50,3,3751,3751,457,612,411,517,712,522,246,206,61,5,2,3869,3869,406,518,361,594,690,559,276,266,153,45,1
강원도 원주시 무실동(4213066000),27150,27150,3576,3851,3575,5157,5038,3483,1283,819,322,44,2,13389,13389,1833,2091,1819,2422,2462,1735,605,326,85,11,0,13761,13761,1743,1760,1756,2735,2576,1748,678,493,237,33,2
강원도 원주시 반곡관설동(4213067500),19799,19799,2871,3025,2136,3953,3804,2095,911,708,270,24,2,9867,9867,1467,1617,1054,1840,1989,1106,430,265,92,6,1,9932,9932,1404,1408,1082,2113,1815,989,481,443,178,18,1
강원도 강릉시 (4215000000),217872,217872,18412,28764,25182,31240,36167,35240,21626,15078,5377,748,38,108289,108289,9572,15172,13608,15951,18490,17162,10287,6357,1517,164,9,109583,109583,8840,13592,11574,15289,17677,18078,11339,8721,3860,584,29
강원도 강릉시 주문진읍(4215025000),19627,19627,1104,2147,2046,2290,3052,3669,2655,1908,660,90,6,9746,9746,592,1163,1107,1247,1631,1775,1218,817,175,21,0,9881,9881,512,984,939,1043,1421,1894,1437,1091,485,69,6
강원도 강릉시 성산면(4215031000),3295,3295,171,295,313,363,446,587,458,462,168,32,0,1683,1683,88,162,184,218,253,305,224,186,58,5,0,1612,1612,83,133,129,145,193,282,234,276,110,27,0
강원도 강릉시 왕산면(4215032000),1708,1708,40,106,170,113,234,392,305,256,85,7,0,919,919,20,55,97,80,143,204,163,122,32,3,0,789,789,20,51,73,33,91,188,142,134,53,4,0
강원도 강릉시 구정면(4215033000),4006,4006,202,392,448,431,539,812,501,446,196,35,4,2030,2030,107,206,236,252,313,423,249,187,48,8,1,1976,1976,95,186,212,179,226,389,252,259,148,27,3
강원도 강릉시 강동면(4215034000),5121,5121,191,477,531,493,708,923,832,662,249,51,4,2575,2575,100,269,288,304,412,475,387,270,61,7,2,2546,2546,91,208,243,189,296,448,445,392,188,44,2
강원도 강릉시 옥계면(4215035000),4427,4427,213,409,463,445,663,841,639,543,190,19,2,2264,2264,119,217,278,284,382,424,296,209,52,2,1,2163,2163,94,192,185,161,281,417,343,334,138,17,1
강원도 강릉시 사천면(4215036000),4275,4275,268,331,445,566,581,791,587,496,186,22,2,2234,2234,138,185,265,336,331,402,290,224,56,6,1,2041,2041,130,146,180,230,250,389,297,272,130,16,1
강원도 강릉시 연곡면(4215037000),6903,6903,609,578,722,1107,992,1208,832,616,209,29,1,3414,3414,279,295,374,578,532,597,416,270,63,10,0,3489,3489,330,283,348,529,460,611,416,346,146,19,1
강원도 강릉시 홍제동(4215051000),8761,8761,734,1246,955,1192,1528,1334,866,633,245,26,2,4300,4300,359,652,513,622,779,637,394,261,74,8,1,4461,4461,375,594,442,570,749,697,472,372,171,18,1
강원도 강릉시 중앙동(4215052000),6519,6519,320,640,852,770,876,1285,910,571,264,28,3,3157,3157,189,327,430,432,460,556,439,229,89,6,0,3362,3362,131,313,422,338,416,729,471,342,175,22,3
강원도 강릉시 옥천동(4215054000),4288,4288,224,389,467,528,685,804,661,400,115,13,2,2142,2142,118,193,247,310,371,364,317,183,36,2,1,2146,2146,106,196,220,218,314,440,344,217,79,11,1
강원도 강릉시 교1동(4215055000),29872,29872,3273,4983,3228,4991,5578,3890,2089,1359,423,57,1,14549,14549,1702,2538,1688,2263,2825,1856,958,589,115,15,0,15323,15323,1571,2445,1540,2728,2753,2034,1131,770,308,42,1
강원도 강릉시 교2동(4215056000),9698,9698,620,1366,1202,1197,1655,1796,1015,612,211,22,2,4868,4868,325,723,680,606,823,868,515,272,51,5,0,4830,4830,295,643,522,591,832,928,500,340,160,17,2
강원도 강릉시 포남1동(4215057100),12111,12111,820,1545,1624,1580,1934,2267,1339,728,235,38,1,6038,6038,441,839,863,845,940,1044,648,343,66,9,0,6073,6073,379,706,761,735,994,1223,691,385,169,29,1
강원도 강릉시 포남2동(4215057200),16848,16848,1374,2672,2193,2340,3080,2796,1303,741,307,41,1,8187,8187,730,1347,1163,1150,1417,1345,636,299,88,12,0,8661,8661,644,1325,1030,1190,1663,1451,667,442,219,29,1
강원도 강릉시 초당동(4215058000),5978,5978,555,913,709,873,1157,924,411,303,117,16,0,3005,3005,293,513,392,441,538,469,195,130,32,2,0,2973,2973,262,400,317,432,619,455,216,173,85,14,0
강원도 강릉시 송정동(4215059000),7615,7615,815,1075,863,1207,1283,1203,597,400,151,21,0,3754,3754,422,572,474,577,608,582,293,186,38,2,0,3861,3861,393,503,389,630,675,621,304,214,113,19,0
강원도 강릉시 내곡동(4215060000),11078,11078,1057,1443,1566,1656,1759,1774,944,652,186,39,2,5624,5624,565,784,855,845,896,885,465,263,55,10,1,5454,5454,492,659,711,811,863,889,479,389,131,29,1
강원도 강릉시 강남동(4215061500),21746,21746,1777,2926,2490,3027,3694,3336,2281,1615,518,80,2,10962,10962,913,1575,1380,1579,1905,1667,1078,708,142,14,1,10784,10784,864,1351,1110,1448,1789,1669,1203,907,376,66,1
강원도 강릉시 성덕동(4215064500),29165,29165,3721,4359,3288,5349,5040,3798,1794,1252,496,65,3,14335,14335,1893,2305,1746,2555,2563,1899,800,428,133,13,0,14830,14830,1828,2054,1542,2794,2477,1899,994,824,363,52,3
강원도 강릉시 경포동(4215066500),4831,4831,324,472,607,722,683,810,607,423,166,17,0,2503,2503,179,252,348,427,368,385,306,181,53,4,0,2328,2328,145,220,259,295,315,425,301,242,113,13,0
강원도 동해시 (4217000000),94752,94752,8572,12884,10666,14029,15917,15221,9134,6092,1987,235,15,47821,47821,4487,6895,5905,7275,8180,7547,4405,2529,543,52,3,46931,46931,4085,5989,4761,6754,7737,7674,4729,3563,1444,183,12
강원도 동해시 천곡동(4217051000),28028,28028,2893,3868,3577,4389,4845,4720,2102,1177,408,49,0,13921,13921,1530,2053,1927,2138,2280,2346,1052,479,108,8,0,14107,14107,1363,1815,1650,2251,2565,2374,1050,698,300,41,0
강원도 동해시 송정동(4217052000),5194,5194,312,623,637,671,817,918,585,451,155,25,0,2751,2751,174,344,400,387,434,468,285,205,50,4,0,2443,2443,138,279,237,284,383,450,300,246,105,21,0
강원도 동해시 북삼동(4217053000),21058,21058,2613,3750,2252,3678,3862,2486,1320,803,264,29,1,10770,10770,1363,2032,1242,1830,1978,1256,650,341,71,7,0,10288,10288,1250,1718,1010,1848,1884,1230,670,462,193,22,1
강원도 동해시 부곡동(4217054000),7044,7044,467,922,823,940,1135,1251,837,498,148,21,2,3530,3530,237,487,458,505,569,613,416,211,30,4,0,3514,3514,230,435,365,435,566,638,421,287,118,17,2
강원도 동해시 동호동(4217055000),5190,5190,315,637,558,628,842,984,711,393,109,12,1,2638,2638,155,330,336,365,456,466,342,148,37,3,0,2552,2552,160,307,222,263,386,518,369,245,72,9,1
강원도 동해시 발한동(4217057000),5185,5185,245,563,496,606,758,1047,759,514,177,18,2,2527,2527,124,307,271,340,390,479,353,214,44,4,1,2658,2658,121,256,225,266,368,568,406,300,133,14,1
강원도 동해시 묵호동(4217059000),4631,4631,311,343,406,660,609,780,760,589,155,13,5,2286,2286,174,174,221,371,371,349,323,244,54,4,1,2345,2345,137,169,185,289,238,431,437,345,101,9,4
강원도 동해시 북평동(4217060000),10527,10527,979,1398,1120,1530,1802,1690,965,759,259,25,0,5296,5296,505,734,586,781,962,865,480,311,66,6,0,5231,5231,474,664,534,749,840,825,485,448,193,19,0
강원도 동해시 망상동(4217063000),3949,3949,166,345,379,449,597,672,595,531,181,31,3,2021,2021,87,195,214,277,339,357,279,224,41,7,1,1928,1928,79,150,165,172,258,315,316,307,140,24,2
강원도 동해시 삼화동(4217065000),3946,3946,271,435,418,478,650,673,500,377,131,12,1,2081,2081,138,239,250,281,401,348,225,152,42,5,0,1865,1865,133,196,168,197,249,325,275,225,89,7,1
강원도 태백시 (4219000000),50535,50535,4377,5748,5590,7435,7863,8809,5868,3735,928,145,37,25738,25738,2214,3056,3039,3962,4253,4479,2805,1609,271,35,15,24797,24797,2163,2692,2551,3473,3610,4330,3063,2126,657,110,22
강원도 태백시 황지동(4219051500),7015,7015,574,909,787,903,1180,1192,804,491,138,27,10,3501,3501,269,502,432,472,606,564,379,222,45,7,3,3514,3514,305,407,355,431,574,628,425,269,93,20,7
강원도 태백시 황연동(4219052500),5805,5805,392,608,607,735,946,1177,769,447,110,11,3,3030,3030,209,337,350,405,519,614,363,202,27,3,1,2775,2775,183,271,257,330,427,563,406,245,83,8,2
강원도 태백시 삼수동(4219053500),7436,7436,737,688,712,1289,1027,1243,962,622,137,14,5,3775,3775,363,369,366,696,593,612,465,265,41,3,2,3661,3661,374,319,346,593,434,631,497,357,96,11,3
강원도 태백시 상장동(4219054000),15074,15074,1868,2090,1762,2871,2468,1990,1163,645,177,33,7,7592,7592,970,1070,922,1448,1306,1000,570,257,41,3,5,7482,7482,898,1020,840,1423,1162,990,593,388,136,30,2
강원도 태백시 문곡소도동(4219058500),3944,3944,240,334,461,498,591,857,550,323,74,15,1,2014,2014,128,158,253,274,323,438,262,151,22,4,1,1930,1930,112,176,208,224,268,419,288,172,52,11,0
강원도 태백시 장성동(4219059500),4305,4305,173,449,548,345,751,968,515,417,111,24,4,2176,2176,81,240,316,185,377,527,247,158,35,10,0,2129,2129,92,209,232,160,374,441,268,259,76,14,4
강원도 태백시 구문소동(4219060500),3659,3659,215,415,336,434,451,724,569,420,82,10,3,1920,1920,106,245,193,260,262,383,260,183,24,3,1,1739,1739,109,170,143,174,189,341,309,237,58,7,2
강원도 태백시 철암동(4219061500),3297,3297,178,255,377,360,449,658,536,370,99,11,4,1730,1730,88,135,207,222,267,341,259,171,36,2,2,1567,1567,90,120,170,138,182,317,277,199,63,9,2
강원도 속초시 (4221000000),83850,83850,7290,11792,9220,11811,15364,13654,7522,5010,1938,229,20,41324,41324,3807,6118,4957,5848,7747,6824,3402,2008,529,77,7,42526,42526,3483,5674,4263,5963,7617,6830,4120,3002,1409,152,13
강원도 속초시 영랑동(4221051000),5644,5644,312,658,680,667,981,1136,631,400,159,18,2,2910,2910,180,370,388,356,530,553,323,167,38,4,1,2734,2734,132,288,292,311,451,583,308,233,121,14,1
강원도 속초시 동명동(4221052000),4065,4065,197,438,421,466,691,789,545,360,136,20,2,2072,2072,109,222,238,271,377,409,244,146,43,12,1,1993,1993,88,216,183,195,314,380,301,214,93,8,1
강원도 속초시 금호동(4221054000),7503,7503,413,943,786,807,1308,1498,865,602,242,35,4,3669,3669,216,495,440,424,648,741,384,243,67,10,1,3834,3834,197,448,346,383,660,757,481,359,175,25,3
강원도 속초시 교동(4221056000),12117,12117,964,1844,1319,1571,2295,2039,1055,721,273,34,2,5957,5957,488,977,732,771,1112,1041,474,273,77,12,0,6160,6160,476,867,587,800,1183,998,581,448,196,22,2
강원도 속초시 노학동(4221057000),22434,22434,1977,3586,2559,3080,4381,3493,1685,1140,479,48,6,10939,10939,1019,1806,1377,1465,2129,1784,794,430,119,14,2,11495,11495,958,1780,1182,1615,2252,1709,891,710,360,34,4
강원도 속초시 조양동(4221058000),24041,24041,3119,3490,2626,4416,4396,3000,1617,995,340,39,3,11659,11659,1628,1813,1312,2094,2201,1411,680,408,97,13,2,12382,12382,1491,1677,1314,2322,2195,1589,937,587,243,26,1
강원도 속초시 청호동(4221059000),4375,4375,174,476,424,428,755,893,564,463,177,20,1,2215,2215,87,243,238,261,452,463,234,181,48,8,0,2160,2160,87,233,186,167,303,430,330,282,129,12,1
강원도 속초시 대포동(4221060000),3671,3671,134,357,405,376,557,806,560,329,132,15,0,1903,1903,80,192,232,206,298,422,269,160,40,4,0,1768,1768,54,165,173,170,259,384,291,169,92,11,0
강원도 삼척시 (4223000000),72321,72321,5179,9027,9224,9026,10821,11898,8123,6537,2209,258,19,36690,36690,2667,4687,5314,4999,5858,6012,3839,2641,612,56,5,35631,35631,2512,4340,3910,4027,4963,5886,4284,3896,1597,202,14
강원도 삼척시 도계읍(4223025000),13407,13407,662,2155,2279,1290,1798,2281,1517,1107,273,38,7,6831,6831,341,1085,1251,722,946,1205,732,452,85,10,2,6576,6576,321,1070,1028,568,852,1076,785,655,188,28,5
강원도 삼척시 원덕읍(4223025300),3588,3588,137,284,325,349,466,643,582,562,214,24,2,1793,1793,67,151,209,224,280,332,256,214,53,5,2,1795,1795,70,133,116,125,186,311,326,348,161,19,0
강원도 삼척시 원덕읍임원출장소(4223025400),1947,1947,76,171,174,152,279,377,343,274,92,9,0,934,934,44,85,107,81,144,191,144,111,25,2,0,1013,1013,32,86,67,71,135,186,199,163,67,7,0
강원도 삼척시 근덕면(4223031000),5848,5848,211,484,574,486,780,1023,903,969,364,53,1,2978,2978,112,289,386,309,481,512,397,398,87,7,0,2870,2870,99,195,188,177,299,511,506,571,277,46,1
강원도 삼척시 하장면(4223032000),1528,1528,46,127,161,135,203,362,208,220,61,5,0,812,812,24,51,88,97,117,195,104,111,23,2,0,716,716,22,76,73,38,86,167,104,109,38,3,0
강원도 삼척시 노곡면(4223033000),794,794,18,33,53,61,113,146,140,153,72,5,0,423,423,11,17,32,44,85,86,65,62,21,0,0,371,371,7,16,21,17,28,60,75,91,51,5,0
강원도 삼척시 미로면(4223034000),2100,2100,114,151,166,237,279,334,338,356,113,12,0,1096,1096,64,84,99,160,181,166,163,144,34,1,0,1004,1004,50,67,67,77,98,168,175,212,79,11,0
강원도 삼척시 가곡면(4223035000),756,756,20,52,45,70,97,153,152,126,39,2,0,380,380,11,29,28,52,51,76,72,51,9,1,0,376,376,9,23,17,18,46,77,80,75,30,1,0
강원도 삼척시 신기면(4223036000),782,782,30,37,63,98,100,143,138,139,31,3,0,424,424,12,19,33,72,68,84,70,52,14,0,0,358,358,18,18,30,26,32,59,68,87,17,3,0
강원도 삼척시 남양동(4223051000),9923,9923,521,1191,1281,1066,1612,1961,1186,771,290,42,2,4886,4886,249,607,737,591,783,929,581,321,80,8,0,5037,5037,272,584,544,475,829,1032,605,450,210,34,2
강원도 삼척시 교동(4223053000),10558,10558,1266,1604,1709,1756,1669,1247,675,442,170,17,3,5497,5497,682,827,1036,875,885,636,314,183,52,6,1,5061,5061,584,777,673,881,784,611,361,259,118,11,2
강원도 삼척시 정라동(4223054000),12155,12155,1337,1666,1311,2073,2100,1687,1001,703,251,23,3,6163,6163,686,892,685,1069,1168,853,480,258,66,6,0,5992,5992,651,774,626,1004,932,834,521,445,185,17,3
강원도 삼척시 성내동(4223057000),8935,8935,741,1072,1083,1253,1325,1541,940,715,239,25,1,4473,4473,364,551,623,703,669,747,461,284,63,8,0,4462,4462,377,521,460,550,656,794,479,431,176,17,1
강원도 홍천군 (4272000000),69829,69829,5415,8004,7645,8430,10913,12449,7485,6915,2210,335,28,35572,35572,2774,4134,4330,4542,5899,6509,3578,2946,753,102,5,34257,34257,2641,3870,3315,3888,5014,5940,3907,3969,1457,233,23
강원도 홍천군 홍천읍(4272025000),35674,35674,3769,4975,4144,5650,6058,5343,2714,2168,730,110,13,18012,18012,1938,2610,2303,2872,3167,2739,1234,888,231,28,2,17662,17662,1831,2365,1841,2778,2891,2604,1480,1280,499,82,11
강원도 홍천군 화촌면(4272031000),4812,4812,237,364,498,439,601,1005,710,677,239,40,2,2456,2456,120,176,288,268,339,525,354,286,89,11,0,2356,2356,117,188,210,171,262,480,356,391,150,29,2
강원도 홍천군 두촌면(4272032000),2420,2420,88,199,210,140,301,527,393,396,148,18,0,1204,1204,39,101,119,87,169,269,177,175,61,7,0,1216,1216,49,98,91,53,132,258,216,221,87,11,0
강원도 홍천군 내촌면(4272033000),2367,2367,77,161,218,165,316,536,370,394,116,13,1,1217,1217,35,95,119,113,176,277,187,173,39,3,0,1150,1150,42,66,99,52,140,259,183,221,77,10,1
강원도 홍천군 서석면(4272034000),4046,4046,201,462,414,288,631,823,522,514,151,38,2,2014,2014,107,234,222,160,334,417,255,217,48,20,0,2032,2032,94,228,192,128,297,406,267,297,103,18,2
강원도 홍천군 동면(4272035000),3688,3688,144,277,357,292,498,775,557,583,170,32,3,1875,1875,81,131,205,176,295,389,282,252,53,11,0,1813,1813,63,146,152,116,203,386,275,331,117,21,3
강원도 홍천군 남면(4272036000),5729,5729,401,636,707,518,828,1033,636,736,208,24,2,2980,2980,205,308,432,300,466,578,295,315,73,6,2,2749,2749,196,328,275,218,362,455,341,421,135,18,0
강원도 홍천군 서면(4272037000),3621,3621,147,244,345,312,507,804,576,488,177,19,2,1923,1923,76,133,217,193,280,452,274,224,68,6,0,1698,1698,71,111,128,119,227,352,302,264,109,13,2
강원도 홍천군 북방면(4272038000),4014,4014,181,354,409,345,594,814,569,565,157,24,2,2102,2102,93,175,243,217,340,446,290,236,56,5,1,1912,1912,88,179,166,128,254,368,279,329,101,19,1
강원도 홍천군 내면(4272039000),3458,3458,170,332,343,281,579,789,438,394,114,17,1,1789,1789,80,171,182,156,333,417,230,180,35,5,0,1669,1669,90,161,161,125,246,372,208,214,79,12,1
강원도 횡성군 (4273000000),44242,44242,2965,5045,4523,4703,6634,8095,5359,4940,1723,244,11,22499,22499,1514,2696,2496,2620,3619,4202,2609,2125,542,71,5,21743,21743,1451,2349,2027,2083,3015,3893,2750,2815,1181,173,6
강원도 횡성군 횡성읍(4273025000),19334,19334,1804,2507,2183,2642,3199,3052,1739,1543,588,77,0,9655,9655,892,1300,1142,1416,1686,1559,823,642,177,18,0,9679,9679,912,1207,1041,1226,1513,1493,916,901,411,59,0
강원도 횡성군 우천면(4273031000),4512,4512,224,438,428,428,648,873,652,575,213,30,3,2291,2291,119,228,240,239,379,446,322,249,64,5,0,2221,2221,105,210,188,189,269,427,330,326,149,25,3
강원도 횡성군 안흥면(4273032000),2996,2996,130,659,230,182,380,541,391,341,124,17,1,1551,1551,63,368,129,106,209,293,194,148,36,5,0,1445,1445,67,291,101,76,171,248,197,193,88,12,1
강원도 횡성군 둔내면(4273033000),5447,5447,338,502,586,562,853,1063,689,632,186,33,3,2827,2827,188,267,331,315,480,545,345,282,61,11,2,2620,2620,150,235,255,247,373,518,344,350,125,22,1
강원도 횡성군 갑천면(4273034000),2267,2267,69,198,189,153,284,498,368,370,119,18,1,1183,1183,35,127,111,90,155,261,186,168,42,8,0,1084,1084,34,71,78,63,129,237,182,202,77,10,1
강원도 횡성군 청일면(4273035000),2324,2324,75,189,184,138,300,494,400,359,155,28,2,1164,1164,41,104,105,82,167,264,204,144,44,7,2,1160,1160,34,85,79,56,133,230,196,215,111,21,0
강원도 횡성군 공근면(4273036000),3623,3623,148,259,376,312,470,737,530,579,189,22,1,1888,1888,77,139,230,205,254,387,256,270,60,9,1,1735,1735,71,120,146,107,216,350,274,309,129,13,0
강원도 횡성군 서원면(4273037000),2219,2219,108,174,218,176,289,513,303,333,92,13,0,1171,1171,51,98,136,105,173,286,153,128,36,5,0,1048,1048,57,76,82,71,116,227,150,205,56,8,0
강원도 횡성군 강림면(4273038000),1520,1520,69,119,129,110,211,324,287,208,57,6,0,769,769,48,65,72,62,116,161,126,94,22,3,0,751,751,21,54,57,48,95,163,161,114,35,3,0
강원도 영월군 (4275000000),40147,40147,2591,4300,3917,4315,6244,7365,5367,4516,1335,175,22,20437,20437,1343,2312,2204,2388,3485,3791,2539,1913,412,46,4,19710,19710,1248,1988,1713,1927,2759,3574,2828,2603,923,129,18
강원도 영월군 영월읍(4275025000),21797,21797,1815,2923,2371,2774,3637,3539,2350,1784,532,58,14,11096,11096,947,1585,1314,1417,1987,1836,1091,751,151,15,2,10701,10701,868,1338,1057,1357,1650,1703,1259,1033,381,43,12
강원도 영월군 상동읍(4275025300),1265,1265,46,60,110,112,169,257,236,208,61,5,1,648,648,27,33,65,74,108,131,101,89,19,0,1,617,617,19,27,45,38,61,126,135,119,42,5,0
강원도 영월군 중동면(4275031000),1611,1611,68,130,124,123,253,331,263,229,82,8,0,822,822,39,66,82,78,149,172,113,95,24,4,0,789,789,29,64,42,45,104,159,150,134,58,4,0
강원도 영월군 김삿갓면(4275032500),1712,1712,82,127,121,142,257,353,288,251,77,13,1,864,864,43,69,74,85,139,180,142,114,15,3,0,848,848,39,58,47,57,118,173,146,137,62,10,1
강원도 영월군 북면(4275033000),2289,2289,90,145,192,206,315,473,392,362,97,14,3,1194,1194,38,89,102,131,198,258,192,150,30,6,0,1095,1095,52,56,90,75,117,215,200,212,67,8,3
강원도 영월군 남면(4275034000),2386,2386,107,150,230,216,306,514,364,363,115,19,2,1238,1238,59,84,138,147,174,271,169,139,51,5,1,1148,1148,48,66,92,69,132,243,195,224,64,14,1
강원도 영월군 한반도면(4275035500),1181,1181,59,99,96,108,187,251,172,154,49,6,0,611,611,28,47,58,65,118,128,88,66,12,1,0,570,570,31,52,38,43,69,123,84,88,37,5,0
강원도 영월군 한반도면쌍용출장소(4275035900),2105,2105,69,146,212,193,306,423,363,302,85,6,0,1091,1091,32,70,118,133,179,219,171,144,24,1,0,1014,1014,37,76,94,60,127,204,192,158,61,5,0
강원도 영월군 주천면(4275036000),4020,4020,184,395,358,324,549,801,587,626,161,34,1,1979,1979,95,202,204,187,294,393,281,256,57,10,0,2041,2041,89,193,154,137,255,408,306,370,104,24,1
강원도 영월군 수주면(4275037000),1781,1781,71,125,103,117,265,423,352,237,76,12,0,894,894,35,67,49,71,139,203,191,109,29,1,0,887,887,36,58,54,46,126,220,161,128,47,11,0
강원도 평창군 (4276000000),43350,43350,3108,4576,4351,5213,6947,8101,5165,4380,1272,218,19,22201,22201,1634,2457,2394,2855,3813,4225,2470,1888,393,65,7,21149,21149,1474,2119,1957,2358,3134,3876,2695,2492,879,153,12
강원도 평창군 평창읍(4276025000),9047,9047,738,1045,910,1081,1448,1591,976,912,302,42,2,4547,4547,365,545,491,564,779,840,480,386,82,14,1,4500,4500,373,500,419,517,669,751,496,526,220,28,1
강원도 평창군 미탄면(4276031000),1878,1878,101,151,164,193,297,406,272,221,64,9,0,1001,1001,61,90,99,121,171,222,129,93,13,2,0,877,877,40,61,65,72,126,184,143,128,51,7,0
강원도 평창군 방림면(4276032000),947,947,63,71,89,80,125,210,139,126,36,8,0,461,461,32,43,38,40,62,115,64,56,8,3,0,486,486,31,28,51,40,63,95,75,70,28,5,0
강원도 평창군 방림면계촌출장소(4276032500),1518,1518,82,110,123,132,231,343,219,188,80,9,1,773,773,42,61,75,76,130,171,110,80,27,1,0,745,745,40,49,48,56,101,172,109,108,53,8,1
강원도 평창군 대화면(4276033000),5648,5648,317,614,534,560,852,1100,731,708,204,25,3,2801,2801,155,330,294,314,447,554,332,300,68,6,1,2847,2847,162,284,240,246,405,546,399,408,136,19,2
강원도 평창군 봉평면(4276034000),5568,5568,490,586,529,729,963,1010,620,497,127,16,1,2917,2917,277,321,296,385,544,524,306,219,39,6,0,2651,2651,213,265,233,344,419,486,314,278,88,10,1
강원도 평창군 용평면(4276035000),3075,3075,208,290,260,336,504,612,387,364,93,21,0,1566,1566,113,143,130,186,282,325,189,153,36,9,0,1509,1509,95,147,130,150,222,287,198,211,57,12,0
강원도 평창군 진부면(4276036000),9715,9715,708,1118,1004,1193,1512,1786,1193,882,252,59,8,4892,4892,356,587,532,627,834,917,566,380,76,15,2,4823,4823,352,531,472,566,678,869,627,502,176,44,6
강원도 평창군 대관령면(4276038000),5954,5954,401,591,738,909,1015,1043,628,482,114,29,4,3243,3243,233,337,439,542,564,557,294,221,44,9,3,2711,2711,168,254,299,367,451,486,334,261,70,20,1
강원도 정선군 (4277000000),40500,40500,2711,3849,4617,5195,6178,7434,5312,3862,1181,139,22,20948,20948,1401,2027,2423,3041,3509,3914,2583,1638,359,43,10,19552,19552,1310,1822,2194,2154,2669,3520,2729,2224,822,96,12
강원도 정선군 정선읍(4277025000),11600,11600,1017,1430,1235,1659,1851,1824,1279,904,350,45,6,5937,5937,542,750,662,915,1010,983,603,362,95,12,3,5663,5663,475,680,573,744,841,841,676,542,255,33,3
강원도 정선군 고한읍(4277025300),5299,5299,257,340,955,955,715,928,707,356,71,9,6,2758,2758,130,174,420,584,429,448,360,177,31,3,2,2541,2541,127,166,535,371,286,480,347,179,40,6,4
강원도 정선군 사북읍(4277025600),5643,5643,449,584,671,832,949,1097,636,334,69,20,2,2964,2964,230,319,340,458,545,581,322,146,16,7,0,2679,2679,219,265,331,374,404,516,314,188,53,13,2
강원도 정선군 신동읍(4277025900),1896,1896,110,146,190,171,272,368,309,255,72,3,0,1006,1006,54,77,120,111,160,208,146,107,22,1,0,890,890,56,69,70,60,112,160,163,148,50,2,0
강원도 정선군 신동읍함백출장소(4277026000),2107,2107,103,180,198,209,319,410,343,245,83,13,4,1071,1071,54,98,113,121,183,222,149,93,30,5,3,1036,1036,49,82,85,88,136,188,194,152,53,8,1
강원도 정선군 남면(4277032000),3422,3422,226,311,398,389,565,735,410,292,89,7,0,1795,1795,99,166,223,241,310,405,201,124,22,4,0,1627,1627,127,145,175,148,255,330,209,168,67,3,0
강원도 정선군 북평면(4277034000),2767,2767,181,236,258,292,389,527,401,353,119,9,2,1395,1395,89,132,144,169,220,264,189,150,34,2,2,1372,1372,92,104,114,123,169,263,212,203,85,7,0
강원도 정선군 임계면(4277035000),3785,3785,173,309,350,323,535,742,602,567,162,21,1,1964,1964,93,153,202,203,309,387,299,249,62,7,0,1821,1821,80,156,148,120,226,355,303,318,100,14,1
강원도 정선군 화암면(4277036000),1739,1739,93,153,143,158,285,333,256,241,72,4,1,918,918,54,81,82,103,179,179,119,105,15,1,0,821,821,39,72,61,55,106,154,137,136,57,3,1
강원도 정선군 여량면(4277037000),2242,2242,102,160,219,207,298,470,369,315,94,8,0,1140,1140,56,77,117,136,164,237,195,125,32,1,0,1102,1102,46,83,102,71,134,233,174,190,62,7,0
강원도 철원군 (4278000000),48398,48398,4515,5865,6418,6585,7270,7223,5297,3765,1232,202,26,25187,25187,2317,3099,4101,3557,3913,3648,2461,1640,380,63,8,23211,23211,2198,2766,2317,3028,3357,3575,2836,2125,852,139,18
강원도 철원군 철원읍(4278025000),5750,5750,534,761,674,749,855,867,678,466,141,22,3,2955,2955,278,405,404,395,472,428,309,209,47,7,1,2795,2795,256,356,270,354,383,439,369,257,94,15,2
강원도 철원군 김화읍(4278025300),3318,3318,318,294,484,418,411,491,415,356,108,20,3,1743,1743,166,156,317,239,227,257,183,158,33,7,0,1575,1575,152,138,167,179,184,234,232,198,75,13,3
강원도 철원군 갈말읍(4278025600),13558,13558,1232,1697,1859,1975,2095,2041,1370,917,316,52,4,7183,7183,652,892,1197,1099,1102,1074,650,398,104,14,1,6375,6375,580,805,662,876,993,967,720,519,212,38,3
강원도 철원군 동송읍(4278025900),16864,16864,1628,2142,2145,2267,2641,2538,1759,1253,406,76,9,8623,8623,814,1105,1333,1183,1413,1254,827,547,121,25,1,8241,8241,814,1037,812,1084,1228,1284,932,706,285,51,8
강원도 철원군 서면(4278031000),2153,2153,243,180,398,319,253,248,255,188,61,6,2,1169,1169,118,99,292,173,148,117,117,78,25,1,1,984,984,125,81,106,146,105,131,138,110,36,5,1
강원도 철원군 서면와수출장소(4278031500),4246,4246,348,575,488,564,692,656,448,326,129,16,4,2180,2180,184,326,291,305,365,327,204,134,32,9,3,2066,2066,164,249,197,259,327,329,244,192,97,7,1
강원도 철원군 근남면(4278032000),2374,2374,207,212,356,282,306,366,332,234,68,10,1,1267,1267,102,115,261,154,176,186,155,101,16,0,1,1107,1107,105,97,95,128,130,180,177,133,52,10,0
강원도 철원군 근북면(4278033000),135,135,5,4,14,11,17,16,40,25,3,0,0,67,67,3,1,6,9,10,5,16,15,2,0,0,68,68,2,3,8,2,7,11,24,10,1,0,0
강원도 화천군 (4279000000),24349,24349,2268,2484,3957,3219,3339,3528,2531,2208,693,110,12,13296,13296,1166,1284,2817,1836,1924,1935,1149,916,229,34,6,11053,11053,1102,1200,1140,1383,1415,1593,1382,1292,464,76,6
강원도 화천군 화천읍(4279025000),8244,8244,820,994,1085,1199,1278,1148,791,679,216,33,1,4308,4308,423,503,678,644,721,632,344,282,69,11,1,3936,3936,397,491,407,555,557,516,447,397,147,22,0
강원도 화천군 간동면(4279031000),2595,2595,138,231,215,211,414,495,410,348,117,14,2,1378,1378,65,135,127,120,262,281,190,149,42,5,2,1217,1217,73,96,88,91,152,214,220,199,75,9,0
강원도 화천군 하남면(4279032000),2464,2464,171,286,270,266,360,406,305,287,87,23,3,1258,1258,94,132,158,163,202,222,150,108,20,8,1,1206,1206,77,154,112,103,158,184,155,179,67,15,2
강원도 화천군 상서면(4279033000),5016,5016,551,359,1336,704,489,567,453,415,120,18,4,3019,3019,282,195,1102,417,290,311,207,167,42,4,2,1997,1997,269,164,234,287,199,256,246,248,78,14,2
강원도 화천군 사내면(4279034000),6030,6030,588,614,1051,839,798,912,572,479,153,22,2,3333,3333,302,319,752,492,449,489,258,210,56,6,0,2697,2697,286,295,299,347,349,423,314,269,97,16,2
강원도 양구군 (4280000000),22047,22047,2050,2713,3202,2819,3253,3296,2144,1806,656,95,13,11549,11549,1056,1411,2054,1546,1754,1790,958,742,199,35,4,10498,10498,994,1302,1148,1273,1499,1506,1186,1064,457,60,9
강원도 양구군 양구읍(4280025000),12774,12774,1339,1795,1721,1874,1956,1841,1037,843,307,51,10,6552,6552,697,894,1033,990,1036,995,456,330,95,23,3,6222,6222,642,901,688,884,920,846,581,513,212,28,7
강원도 양구군 남면(4280031000),3920,3920,294,364,631,376,553,634,484,420,142,20,2,2095,2095,147,211,432,217,313,340,211,177,41,5,1,1825,1825,147,153,199,159,240,294,273,243,101,15,1
강원도 양구군 동면(4280032000),2359,2359,201,248,396,294,305,304,275,223,97,15,1,1263,1263,100,124,282,172,166,166,120,102,27,4,0,1096,1096,101,124,114,122,139,138,155,121,70,11,1
강원도 양구군 방산면(4280033000),1571,1571,113,137,327,148,187,255,156,176,65,7,0,873,873,60,82,233,87,107,134,72,74,22,2,0,698,698,53,55,94,61,80,121,84,102,43,5,0
강원도 양구군 해안면(4280034000),1423,1423,103,169,127,127,252,262,192,144,45,2,0,766,766,52,100,74,80,132,155,99,59,14,1,0,657,657,51,69,53,47,120,107,93,85,31,1,0
강원도 인제군 (4281000000),31600,31600,3143,3519,3906,4593,4738,5185,3023,2510,847,131,5,16631,16631,1681,1852,2348,2512,2620,2765,1484,1049,274,44,2,14969,14969,1462,1667,1558,2081,2118,2420,1539,1461,573,87,3
강원도 인제군 인제읍(4281025000),8889,8889,910,1094,1035,1324,1414,1453,807,594,222,34,2,4618,4618,491,580,581,698,763,778,406,237,71,13,0,4271,4271,419,514,454,626,651,675,401,357,151,21,2
강원도 인제군 인제읍귀둔출장소(4281025100),603,603,31,63,77,59,107,114,89,53,9,1,0,318,318,17,31,45,37,62,55,47,21,3,0,0,285,285,14,32,32,22,45,59,42,32,6,1,0
강원도 인제군 남면(4281031000),4003,4003,415,396,471,551,551,696,353,395,148,26,1,2105,2105,214,218,292,300,312,377,173,162,48,8,1,1898,1898,201,178,179,251,239,319,180,233,100,18,0
강원도 인제군 북면(4281032000),8166,8166,705,991,1052,1107,1309,1330,795,638,201,38,0,4329,4329,372,514,633,616,735,714,387,279,67,12,0,3837,3837,333,477,419,491,574,616,408,359,134,26,0
강원도 인제군 기린면(4281033000),5163,5163,576,539,548,856,741,846,460,429,148,18,2,2695,2695,311,282,304,472,401,458,211,196,51,8,1,2468,2468,265,257,244,384,340,388,249,233,97,10,1
강원도 인제군 서화면(4281034000),3120,3120,422,274,572,532,357,399,277,222,59,6,0,1711,1711,234,141,398,295,204,201,134,87,15,2,0,1409,1409,188,133,174,237,153,198,143,135,44,4,0
강원도 인제군 상남면(4281035000),1656,1656,84,162,151,164,259,347,242,179,60,8,0,855,855,42,86,95,94,143,182,126,67,19,1,0,801,801,42,76,56,70,116,165,116,112,41,7,0
강원도 고성군 (4282000000),29998,29998,1861,3273,3891,3109,4427,5276,3882,2972,1134,164,9,15470,15470,987,1777,2433,1723,2439,2749,1791,1238,298,33,2,14528,14528,874,1496,1458,1386,1988,2527,2091,1734,836,131,7
강원도 고성군 간성읍(4282025000),7346,7346,713,848,1104,1020,1124,1037,721,546,203,29,1,3917,3917,393,460,732,524,627,532,353,217,69,10,0,3429,3429,320,388,372,496,497,505,368,329,134,19,1
강원도 고성군 거진읍(4282025300),7624,7624,391,754,761,698,1142,1450,1113,910,362,38,5,3788,3788,190,415,438,387,644,738,491,377,102,4,2,3836,3836,201,339,323,311,498,712,622,533,260,34,3
강원도 고성군 현내면(4282031000),2926,2926,114,274,295,205,406,629,469,374,143,17,0,1422,1422,63,131,159,133,216,327,203,153,34,3,0,1504,1504,51,143,136,72,190,302,266,221,109,14,0
강원도 고성군 죽왕면(4282032000),4192,4192,229,364,606,392,603,749,584,476,161,27,1,2176,2176,119,197,400,229,328,392,266,199,42,4,0,2016,2016,110,167,206,163,275,357,318,277,119,23,1
강원도 고성군 토성면(4282033000),7910,7910,414,1033,1125,794,1152,1411,995,666,265,53,2,4167,4167,222,574,704,450,624,760,478,292,51,12,0,3743,3743,192,459,421,344,528,651,517,374,214,41,2
강원도 양양군 (4283000000),27993,27993,1937,2824,2957,3258,4152,4999,3834,2872,976,175,9,14301,14301,1002,1528,1716,1787,2258,2525,1865,1295,284,38,3,13692,13692,935,1296,1241,1471,1894,2474,1969,1577,692,137,6
강원도 양양군 양양읍(4283025000),11703,11703,1068,1440,1281,1663,1931,1844,1252,871,296,54,3,5961,5961,564,778,721,848,1031,907,613,390,87,20,2,5742,5742,504,662,560,815,900,937,639,481,209,34,1
강원도 양양군 서면(4283031000),3268,3268,146,279,313,334,478,622,543,408,123,21,1,1691,1691,72,141,187,201,275,311,262,199,37,6,0,1577,1577,74,138,126,133,203,311,281,209,86,15,1
강원도 양양군 손양면(4283032000),2458,2458,123,222,237,264,350,435,370,333,105,18,1,1264,1264,54,126,133,163,198,228,173,148,37,4,0,1194,1194,69,96,104,101,152,207,197,185,68,14,1
강원도 양양군 현북면(4283033000),2863,2863,167,207,362,291,369,542,455,334,117,19,0,1495,1495,99,110,231,172,192,282,217,150,39,3,0,1368,1368,68,97,131,119,177,260,238,184,78,16,0
강원도 양양군 현남면(4283034000),3377,3377,195,278,289,298,402,684,541,486,173,28,3,1683,1683,94,155,151,173,227,368,262,214,37,2,0,1694,1694,101,123,138,125,175,316,279,272,136,26,3
강원도 양양군 강현면(4283035000),4324,4324,238,398,475,408,622,872,673,440,162,35,1,2207,2207,119,218,293,230,335,429,338,194,47,3,1,2117,2117,119,180,182,178,287,443,335,246,115,32,0
충청북도  (4300000000),1556984,1556984,147324,211609,198744,233801,260983,229508,132238,104530,33675,4296,276,785015,785015,76362,111861,106233,121016,135422,117054,63000,42734,10227,1036,70,771969,771969,70962,99748,92511,112785,125561,112454,69238,61796,23448,3260,206
충청북도 청주시 (4311000000),659681,659681,69692,102612,95416,110297,117345,88071,41071,25657,8385,1086,49,328748,328748,36133,54162,49289,54961,58109,43875,19489,10233,2260,226,11,330933,330933,33559,48450,46127,55336,59236,44196,21582,15424,6125,860,38
충청북도 청주시 상당구 (4311100000),241558,241558,23345,37972,33671,37575,42714,34167,17104,11075,3417,487,31,120442,120442,12203,20099,17541,18791,21124,17040,8085,4498,953,99,9,121116,121116,11142,17873,16130,18784,21590,17127,9019,6577,2464,388,22
충청북도 청주시 상당구 중앙동(4311152500),6551,6551,314,735,892,794,1039,1189,858,560,146,22,2,3358,3358,162,420,479,435,554,602,398,247,56,5,0,3193,3193,152,315,413,359,485,587,460,313,90,17,2
충청북도 청주시 상당구 성안동(4311154500),7403,7403,329,685,971,849,1101,1482,1029,683,236,35,3,3721,3721,168,360,516,495,583,707,504,298,79,10,1,3682,3682,161,325,455,354,518,775,525,385,157,25,2
충청북도 청주시 상당구 우암동(4311158000),13978,13978,792,1575,2303,1926,2108,2343,1558,1064,271,33,5,7080,7080,405,832,1258,1094,1068,1137,730,458,90,7,1,6898,6898,387,743,1045,832,1040,1206,828,606,181,26,4
충청북도 청주시 상당구 내덕제1동(4311159000),11333,11333,766,1413,1651,1550,1737,2023,1290,707,165,29,2,5752,5752,404,749,913,859,873,949,623,339,34,9,0,5581,5581,362,664,738,691,864,1074,667,368,131,20,2
충청북도 청주시 상당구 내덕제2동(4311160000),13182,13182,929,1671,2147,1956,2067,2071,1247,845,219,27,3,6727,6727,475,887,1195,1075,1071,1001,610,350,55,6,2,6455,6455,454,784,952,881,996,1070,637,495,164,21,1
충청북도 청주시 상당구 율량.사천동(4311161000),43661,43661,4808,7525,6592,7156,7804,5765,2104,1357,465,80,5,21419,21419,2508,3917,3307,3440,3691,2890,1010,516,120,17,3,22242,22242,2300,3608,3285,3716,4113,2875,1094,841,345,63,2
충청북도 청주시 상당구 탑대성동(4311162000),11464,11464,752,1486,1627,1636,1766,1896,1226,795,247,33,0,5721,5721,416,800,881,853,902,873,574,349,66,7,0,5743,5743,336,686,746,783,864,1023,652,446,181,26,0
충청북도 청주시 상당구 영운동(4311167000),13050,13050,1138,1762,1869,2063,2192,1967,1174,677,187,20,1,6525,6525,579,915,978,1088,1122,958,540,289,54,2,0,6525,6525,559,847,891,975,1070,1009,634,388,133,18,1
충청북도 청주시 상당구 금천동(4311168000),34838,34838,3924,6099,4223,5794,6608,4372,2148,1234,377,56,3,17203,17203,2061,3199,2154,2749,3281,2155,1013,490,94,7,0,17635,17635,1863,2900,2069,3045,3327,2217,1135,744,283,49,3
충청북도 청주시 상당구 용담.명암.산성동(4311169000),12174,12174,1505,2215,1291,1882,2378,1516,715,488,162,22,0,6008,6008,800,1144,665,855,1202,779,333,179,50,1,0,6166,6166,705,1071,626,1027,1176,737,382,309,112,21,0
충청북도 청주시 상당구 용암1동(4311172000),42389,42389,4624,7408,6103,6952,7958,5447,1955,1366,513,59,4,21071,21071,2398,3993,3140,3350,3874,2811,882,481,129,12,1,21318,21318,2226,3415,2963,3602,4084,2636,1073,885,384,47,3
충청북도 청주시 상당구 용암2동(4311173000),27532,27532,3231,5000,3478,4508,5365,3416,1348,862,281,41,2,13766,13766,1696,2656,1765,2189,2569,1819,656,323,84,8,1,13766,13766,1535,2344,1713,2319,2796,1597,692,539,197,33,1
충청북도 청주시 상당구 오근장동(4311179000),4003,4003,233,398,524,509,591,680,452,437,148,30,1,2091,2091,131,227,290,309,334,359,212,179,42,8,0,1912,1912,102,171,234,200,257,321,240,258,106,22,1
충청북도 청주시 흥덕구 (4311300000),418123,418123,46347,64640,61745,72722,74631,53904,23967,14582,4968,599,18,208306,208306,23930,34063,31748,36170,36985,26835,11404,5735,1307,127,2,209817,209817,22417,30577,29997,36552,37646,27069,12563,8847,3661,472,16
충청북도 청주시 흥덕구 사직제1동(4311363000),10209,10209,645,1225,1420,1430,1677,1758,1105,700,209,38,2,5240,5240,344,630,771,820,872,891,508,322,71,10,1,4969,4969,301,595,649,610,805,867,597,378,138,28,1
충청북도 청주시 흥덕구 사직제2동(4311364000),16402,16402,1927,2214,2391,2920,2544,2429,1044,644,255,34,0,8075,8075,949,1173,1189,1489,1209,1214,508,271,66,7,0,8327,8327,978,1041,1202,1431,1335,1215,536,373,189,27,0
충청북도 청주시 흥덕구 사창동(4311365000),17049,17049,1230,1989,3437,2689,2472,2627,1488,836,255,26,0,8450,8450,653,1003,1761,1469,1171,1215,710,386,77,5,0,8599,8599,577,986,1676,1220,1301,1412,778,450,178,21,0
충청북도 청주시 흥덕구 모충동(4311366000),19946,19946,1289,2566,3438,2698,3255,3478,1810,1034,341,34,3,9992,9992,650,1333,1836,1481,1604,1675,877,422,102,12,0,9954,9954,639,1233,1602,1217,1651,1803,933,612,239,22,3
충청북도 청주시 흥덕구 운천.신봉동(4311370000),22432,22432,2061,3641,3310,3376,4179,3289,1406,857,276,34,3,11160,11160,1031,1929,1783,1689,2015,1618,695,321,71,8,0,11272,11272,1030,1712,1527,1687,2164,1671,711,536,205,26,3
충청북도 청주시 흥덕구 산남동(4311372200),30127,30127,4578,5194,3556,5798,5890,2839,1178,769,284,41,0,14956,14956,2355,2816,1795,2598,3034,1469,538,273,70,8,0,15171,15171,2223,2378,1761,3200,2856,1370,640,496,214,33,0
충청북도 청주시 흥덕구 분평동(4311372300),37184,37184,4998,7262,4178,6783,7632,3502,1419,1024,357,27,2,18234,18234,2636,3847,2042,3068,3781,1823,605,339,90,3,0,18950,18950,2362,3415,2136,3715,3851,1679,814,685,267,24,2
충청북도 청주시 흥덕구 수곡1동(4311372700),17372,17372,1120,2330,2930,2452,2754,2906,1646,913,285,35,1,8637,8637,567,1268,1533,1313,1311,1370,794,395,78,8,0,8735,8735,553,1062,1397,1139,1443,1536,852,518,207,27,1
충청북도 청주시 흥덕구 수곡2동(4311372800),17856,17856,1470,2757,2577,2391,3219,2879,1325,894,319,25,0,8864,8864,766,1491,1445,1199,1532,1456,608,294,68,5,0,8992,8992,704,1266,1132,1192,1687,1423,717,600,251,20,0
충청북도 청주시 흥덕구 복대1동(4311374100),44467,44467,6743,6757,6190,9976,7822,3988,1662,960,326,42,1,22401,22401,3480,3576,2985,4921,4132,2038,781,394,86,8,0,22066,22066,3263,3181,3205,5055,3690,1950,881,566,240,34,1
충청북도 청주시 흥덕구 복대2동(4311374200),20142,20142,1396,2973,3568,2797,3556,3294,1500,785,246,26,1,10106,10106,727,1586,1968,1460,1682,1568,722,337,53,3,0,10036,10036,669,1387,1600,1337,1874,1726,778,448,193,23,1
충청북도 청주시 흥덕구 가경동(4311374700),55418,55418,6374,10478,7490,8894,11313,6781,2209,1327,483,69,0,27062,27062,3326,5398,3705,4056,5446,3450,1038,502,130,11,0,28356,28356,3048,5080,3785,4838,5867,3331,1171,825,353,58,0
충청북도 청주시 흥덕구 봉명1동(4311375100),12314,12314,911,1502,2284,2094,2093,1866,924,471,151,18,0,6323,6323,493,763,1209,1157,1096,919,465,182,32,7,0,5991,5991,418,739,1075,937,997,947,459,289,119,11,0
충청북도 청주시 흥덕구 봉명2.송정동(4311375600),27576,27576,3265,4077,4589,5319,4803,3203,1280,725,277,38,0,14199,14199,1697,2123,2451,2806,2451,1669,624,294,76,8,0,13377,13377,1568,1954,2138,2513,2352,1534,656,431,201,30,0
충청북도 청주시 흥덕구 강서제1동(4311376000),21538,21538,2325,2784,3062,3944,3453,3080,1459,1025,357,47,2,10851,10851,1185,1452,1582,2077,1769,1576,716,397,92,5,0,10687,10687,1140,1332,1480,1867,1684,1504,743,628,265,42,2
충청북도 청주시 흥덕구 강서제2동(4311377000),3759,3759,141,278,861,519,472,567,377,427,97,20,0,1886,1886,70,132,350,351,281,313,184,163,38,4,0,1873,1873,71,146,511,168,191,254,193,264,59,16,0
충청북도 청주시 흥덕구 성화.개신.죽림동(4311378000),44332,44332,5874,6613,6464,8642,7497,5418,2135,1191,450,45,3,21870,21870,3001,3543,3343,4216,3599,2571,1031,443,107,15,1,22462,22462,2873,3070,3121,4426,3898,2847,1104,748,343,30,2
충청북도 충주시 (4313000000),208261,208261,17809,28471,25518,28740,35628,32409,18782,15601,4668,593,42,104874,104874,9276,15094,13888,14811,18377,16588,8843,6383,1464,141,9,103387,103387,8533,13377,11630,13929,17251,15821,9939,9218,3204,452,33
충청북도 충주시 주덕읍(4313025000),6030,6030,284,626,692,593,933,1175,750,747,200,25,5,3083,3083,126,338,407,362,514,611,341,308,63,9,4,2947,2947,158,288,285,231,419,564,409,439,137,16,1
충청북도 충주시 살미면(4313031000),2181,2181,62,157,242,146,296,480,344,331,111,12,0,1120,1120,34,80,146,95,158,249,183,142,31,2,0,1061,1061,28,77,96,51,138,231,161,189,80,10,0
충청북도 충주시 수안보면(4313032500),3476,3476,161,320,358,303,533,708,503,423,146,19,2,1782,1782,90,181,198,185,285,372,240,178,47,6,0,1694,1694,71,139,160,118,248,336,263,245,99,13,2
충청북도 충주시 이류면(4313033000),5070,5070,227,464,647,529,797,960,585,623,205,28,5,2714,2714,116,235,395,337,471,524,285,261,81,6,3,2356,2356,111,229,252,192,326,436,300,362,124,22,2
충청북도 충주시 신니면(4313035000),3635,3635,171,267,429,275,453,715,538,602,161,22,2,1875,1875,87,144,248,178,235,405,254,252,65,7,0,1760,1760,84,123,181,97,218,310,284,350,96,15,2
충청북도 충주시 노은면(4313036000),2527,2527,98,192,215,204,296,499,414,454,132,21,2,1250,1250,59,100,120,125,164,240,199,192,46,4,1,1277,1277,39,92,95,79,132,259,215,262,86,17,1
충청북도 충주시 앙성면(4313037000),4561,4561,177,453,421,373,635,900,649,675,244,30,4,2292,2292,83,236,248,209,354,466,318,285,85,7,1,2269,2269,94,217,173,164,281,434,331,390,159,23,3
충청북도 충주시 가금면(4313038000),2838,2838,148,213,309,265,362,564,426,416,124,10,1,1454,1454,72,123,181,157,199,293,209,166,53,1,0,1384,1384,76,90,128,108,163,271,217,250,71,9,1
충청북도 충주시 금가면(4313039000),4295,4295,533,371,577,785,532,595,378,407,99,17,1,2246,2246,272,198,344,430,311,311,165,180,33,2,0,2049,2049,261,173,233,355,221,284,213,227,66,15,1
충청북도 충주시 동량면(4313040000),4188,4188,182,404,432,367,605,793,582,617,181,24,1,2123,2123,84,207,247,226,334,418,277,273,55,2,0,2065,2065,98,197,185,141,271,375,305,344,126,22,1
충청북도 충주시 산척면(4313041000),2736,2736,110,236,303,233,357,504,402,440,136,15,0,1426,1426,56,136,177,147,202,270,195,191,48,4,0,1310,1310,54,100,126,86,155,234,207,249,88,11,0
충청북도 충주시 엄정면(4313042000),3617,3617,158,270,388,271,441,762,527,598,173,27,2,1809,1809,84,136,215,158,237,412,238,259,64,6,0,1808,1808,74,134,173,113,204,350,289,339,109,21,2
충청북도 충주시 소태면(4313043000),2013,2013,107,141,196,164,228,383,316,369,96,13,0,1029,1029,57,73,105,118,124,203,144,172,28,5,0,984,984,50,68,91,46,104,180,172,197,68,8,0
충청북도 충주시 성내.충인동(4313051500),3372,3372,154,349,418,421,504,605,486,309,106,20,0,1669,1669,78,181,242,238,264,280,227,129,24,6,0,1703,1703,76,168,176,183,240,325,259,180,82,14,0
충청북도 충주시 교현.안림동(4313053500),23403,23403,1882,3719,2946,3037,4302,3718,1923,1418,406,48,4,11828,11828,1018,2005,1583,1516,2190,1894,910,553,146,13,0,11575,11575,864,1714,1363,1521,2112,1824,1013,865,260,35,4
충청북도 충주시 교현2동(4313054000),9436,9436,654,1336,1262,1201,1600,1520,972,670,196,23,2,4767,4767,340,751,678,642,802,761,451,277,56,9,0,4669,4669,314,585,584,559,798,759,521,393,140,14,2
충청북도 충주시 용산동(4313055000),16812,16812,1987,2723,1927,2908,3154,2067,1032,770,211,33,0,8401,8401,1047,1454,1039,1415,1597,1040,446,299,55,9,0,8411,8411,940,1269,888,1493,1557,1027,586,471,156,24,0
충청북도 충주시 지현동(4313056000),5740,5740,354,703,705,664,947,1003,673,543,121,26,1,2947,2947,180,378,410,375,497,501,313,242,44,7,0,2793,2793,174,325,295,289,450,502,360,301,77,19,1
충청북도 충주시 문화동(4313057100),12228,12228,852,1538,1550,1516,1929,2220,1367,937,278,39,2,6164,6164,452,816,861,825,966,1060,680,412,84,8,0,6064,6064,400,722,689,691,963,1160,687,525,194,31,2
충청북도 충주시 호암.직동(4313058000),10970,10970,1030,1875,1453,1701,2115,1546,649,412,167,20,2,5484,5484,545,1008,766,823,1032,801,313,152,42,2,0,5486,5486,485,867,687,878,1083,745,336,260,125,18,2
충청북도 충주시 달천동(4313060500),4787,4787,218,496,862,578,696,754,542,483,143,14,1,2475,2475,120,242,459,340,390,409,253,217,43,2,0,2312,2312,98,254,403,238,306,345,289,266,100,12,1
충청북도 충주시 봉방동(4313061000),8628,8628,560,1043,1192,1158,1414,1561,934,579,167,19,1,4413,4413,282,548,661,637,756,772,462,244,47,4,0,4215,4215,278,495,531,521,658,789,472,335,120,15,1
충청북도 충주시 칠금.금릉동(4313062500),18604,18604,2288,3355,2169,3216,3686,2087,891,693,200,18,1,9171,9171,1190,1696,1133,1475,1854,1082,425,264,50,2,0,9433,9433,1098,1659,1036,1741,1832,1005,466,429,150,16,1
충청북도 충주시 연수동(4313063000),39886,39886,4484,6174,5065,6447,7532,5403,2424,1750,546,58,3,19614,19614,2313,3268,2614,3093,3750,2728,1076,616,140,16,0,20272,20272,2171,2906,2451,3354,3782,2675,1348,1134,406,42,3
충청북도 충주시 목행.용탄동(4313064000),7228,7228,928,1046,760,1385,1281,887,475,335,119,12,0,3738,3738,491,560,411,705,691,486,239,119,34,2,0,3490,3490,437,486,349,680,590,401,236,216,85,10,0
충청북도 제천시 (4315000000),137349,137349,11216,18299,16282,17757,23041,23369,13552,10279,3106,404,44,69125,69125,5796,9755,8813,9079,11818,11920,6505,4349,966,113,11,68224,68224,5420,8544,7469,8678,11223,11449,7047,5930,2140,291,33
충청북도 제천시 봉양읍(4315025000),7608,7608,488,684,767,852,1145,1415,1017,911,282,46,1,3878,3878,242,374,422,477,645,730,493,394,94,7,0,3730,3730,246,310,345,375,500,685,524,517,188,39,1
충청북도 제천시 금성면(4315031000),2212,2212,96,181,254,142,300,484,289,313,140,9,4,1127,1127,49,106,127,79,169,275,145,127,45,3,2,1085,1085,47,75,127,63,131,209,144,186,95,6,2
충청북도 제천시 청풍면(4315032000),1242,1242,28,82,106,88,149,268,238,221,51,10,1,647,647,13,44,65,59,89,138,121,96,20,2,0,595,595,15,38,41,29,60,130,117,125,31,8,1
충청북도 제천시 수산면(4315033000),2104,2104,65,125,145,126,251,438,431,409,99,12,3,1078,1078,34,64,96,79,135,219,222,181,43,5,0,1026,1026,31,61,49,47,116,219,209,228,56,7,3
충청북도 제천시 덕산면(4315034000),2364,2364,108,175,171,176,292,498,415,385,125,18,1,1216,1216,62,101,112,112,155,254,203,169,46,2,0,1148,1148,46,74,59,64,137,244,212,216,79,16,1
충청북도 제천시 한수면(4315035000),794,794,36,65,70,69,100,166,123,121,38,5,1,401,401,14,36,46,45,55,79,55,54,16,1,0,393,393,22,29,24,24,45,87,68,67,22,4,1
충청북도 제천시 백운면(4315036000),3303,3303,107,266,296,209,417,702,540,563,172,26,5,1682,1682,58,153,176,121,223,367,260,252,63,8,1,1621,1621,49,113,120,88,194,335,280,311,109,18,4
충청북도 제천시 송학면(4315038000),5190,5190,227,462,579,461,698,1095,703,740,202,20,3,2753,2753,117,262,345,308,387,587,338,330,68,10,1,2437,2437,110,200,234,153,311,508,365,410,134,10,2
충청북도 제천시 교동(4315051000),19650,19650,2473,3308,1998,3347,3763,2528,1210,772,214,35,2,9839,9839,1238,1760,1067,1547,1950,1353,568,286,59,11,0,9811,9811,1235,1548,931,1800,1813,1175,642,486,155,24,2
충청북도 제천시 의암동(4315051700),10002,10002,1076,1599,1275,1536,1797,1438,629,475,155,19,3,4900,4900,567,790,653,731,901,735,289,188,40,5,1,5102,5102,509,809,622,805,896,703,340,287,115,14,2
충청북도 제천시 인성동(4315052700),7229,7229,415,822,909,809,1138,1427,969,551,161,26,2,3638,3638,213,433,512,426,572,681,474,261,58,8,0,3591,3591,202,389,397,383,566,746,495,290,103,18,2
충청북도 제천시 남현동(4315053700),6513,6513,331,813,913,681,1008,1340,743,536,128,19,1,3229,3229,174,429,496,367,487,636,367,228,38,7,0,3284,3284,157,384,417,314,521,704,376,308,90,12,1
충청북도 제천시 영서동(4315054700),8580,8580,610,976,1077,1061,1373,1512,1010,739,187,29,6,4367,4367,326,503,559,590,709,761,494,337,76,10,2,4213,4213,284,473,518,471,664,751,516,402,111,19,4
충청북도 제천시 용두동(4315056000),17708,17708,1808,2786,2211,2543,3273,2584,1170,953,344,34,2,8731,8731,946,1479,1179,1221,1635,1358,496,335,72,10,0,8977,8977,862,1307,1032,1322,1638,1226,674,618,272,24,2
충청북도 제천시 신백동(4315057700),13771,13771,1504,2259,1551,2193,2529,1770,1038,688,216,21,2,6964,6964,785,1234,815,1058,1324,939,465,274,62,8,0,6807,6807,719,1025,736,1135,1205,831,573,414,154,13,2
충청북도 제천시 청전동(4315059000),19621,19621,1169,2653,2811,2299,3296,4010,1874,1100,363,42,4,9849,9849,619,1442,1508,1198,1578,1962,962,467,100,11,2,9772,9772,550,1211,1303,1101,1718,2048,912,633,263,31,2
충청북도 제천시 화산동(4315060500),9458,9458,675,1043,1149,1165,1512,1694,1153,802,229,33,3,4826,4826,339,545,635,661,804,846,553,370,66,5,2,4632,4632,336,498,514,504,708,848,600,432,163,28,1
충청북도 청원군 (4371000000),156580,156580,17433,17857,19066,27279,24102,21576,13290,11597,3839,503,38,80497,80497,9033,9365,10395,14728,13381,11221,6425,4674,1153,113,9,76083,76083,8400,8492,8671,12551,10721,10355,6865,6923,2686,390,29
충청북도 청원군 내수읍(4371025000),22416,22416,2721,2938,2641,4044,3766,2837,1604,1331,454,75,5,11391,11391,1403,1549,1455,2130,2043,1438,739,495,127,12,0,11025,11025,1318,1389,1186,1914,1723,1399,865,836,327,63,5
충청북도 청원군 오창읍(4371025300),42717,42717,7129,5320,5445,10261,6442,3873,2084,1564,526,70,3,22025,22025,3684,2714,2955,5355,3622,1945,997,600,135,17,1,20692,20692,3445,2606,2490,4906,2820,1928,1087,964,391,53,2
충청북도 청원군 낭성면(4371031000),2501,2501,93,210,256,194,351,529,350,375,122,18,3,1303,1303,44,116,137,116,211,295,181,155,44,3,1,1198,1198,49,94,119,78,140,234,169,220,78,15,2
충청북도 청원군 미원면(4371032000),5711,5711,225,493,580,449,717,1138,872,853,342,36,6,2943,2943,111,269,369,284,405,597,418,351,128,10,1,2768,2768,114,224,211,165,312,541,454,502,214,26,5
충청북도 청원군 가덕면(4371033000),4470,4470,173,372,490,472,690,869,630,578,168,25,3,2373,2373,90,208,287,295,413,470,314,232,56,7,1,2097,2097,83,164,203,177,277,399,316,346,112,18,2
충청북도 청원군 남일면(4371034000),7687,7687,552,884,1062,964,1199,1365,717,695,216,31,2,3957,3957,310,472,573,547,634,744,331,274,64,7,1,3730,3730,242,412,489,417,565,621,386,421,152,24,1
충청북도 청원군 남이면(4371035000),7169,7169,466,731,841,848,1267,1327,757,673,229,29,1,3758,3758,226,400,485,492,701,720,379,267,82,6,0,3411,3411,240,331,356,356,566,607,378,406,147,23,1
충청북도 청원군 문의면(4371036000),5011,5011,253,482,562,518,711,847,688,686,234,30,0,2579,2579,134,249,313,315,416,451,334,291,66,10,0,2432,2432,119,233,249,203,295,396,354,395,168,20,0
충청북도 청원군 현도면(4371037000),4317,4317,183,258,452,463,573,817,634,618,272,43,4,2219,2219,93,144,259,295,341,440,331,252,57,7,0,2098,2098,90,114,193,168,232,377,303,366,215,36,4
충청북도 청원군 부용면(4371038000),7195,7195,584,818,798,1002,1121,1177,737,720,215,20,3,3719,3719,307,465,431,570,616,608,333,311,73,4,1,3476,3476,277,353,367,432,505,569,404,409,142,16,2
충청북도 청원군 강내면(4371039000),11240,11240,978,1643,1491,1619,1968,1659,870,754,227,29,2,5743,5743,517,816,815,866,1032,867,449,300,74,6,1,5497,5497,461,827,676,753,936,792,421,454,153,23,1
충청북도 청원군 강외면(4371040000),19882,19882,2767,1985,2533,4199,2846,2475,1536,1123,374,42,2,9950,9950,1430,1042,1241,2174,1509,1240,731,463,108,12,0,9932,9932,1337,943,1292,2025,1337,1235,805,660,266,30,2
충청북도 청원군 옥산면(4371041000),10461,10461,1068,1242,1248,1671,1621,1560,1001,806,217,26,1,5484,5484,562,666,701,906,932,809,502,334,64,8,0,4977,4977,506,576,547,765,689,751,499,472,153,18,1
충청북도 청원군 북이면(4371043000),5803,5803,241,481,667,575,830,1103,810,821,243,29,3,3053,3053,122,255,374,383,506,597,386,349,75,4,2,2750,2750,119,226,293,192,324,506,424,472,168,25,1
충청북도 보은군 (4372000000),34769,34769,2031,3506,3309,3190,4751,6016,4886,5020,1841,205,14,17377,17377,1070,1841,1875,1779,2674,3096,2299,2078,610,49,6,17392,17392,961,1665,1434,1411,2077,2920,2587,2942,1231,156,8
충청북도 보은군 보은읍(4372025000),15419,15419,1283,2057,1646,1848,2441,2417,1626,1517,520,61,3,7704,7704,684,1077,879,963,1313,1215,755,628,174,15,1,7715,7715,599,980,767,885,1128,1202,871,889,346,46,2
충청북도 보은군 속리산면(4372031500),2296,2296,85,215,205,180,311,461,406,299,116,15,3,1173,1173,40,111,129,116,174,244,181,136,38,3,1,1123,1123,45,104,76,64,137,217,225,163,78,12,2
충청북도 보은군 장안면(4372032500),1329,1329,57,113,113,105,159,237,207,246,78,13,1,648,648,20,62,62,60,101,115,102,100,24,2,0,681,681,37,51,51,45,58,122,105,146,54,11,1
충청북도 보은군 마로면(4372033000),2637,2637,111,197,198,197,309,485,459,482,177,22,0,1291,1291,56,107,113,123,173,242,207,203,62,5,0,1346,1346,55,90,85,74,136,243,252,279,115,17,0
충청북도 보은군 탄부면(4372034000),2006,2006,62,127,176,117,202,352,370,431,154,13,2,976,976,34,66,110,69,120,170,177,175,53,1,1,1030,1030,28,61,66,48,82,182,193,256,101,12,1
충청북도 보은군 삼승면(4372035000),2608,2608,108,204,266,181,292,524,422,450,143,18,0,1303,1303,62,109,158,104,172,263,204,184,42,5,0,1305,1305,46,95,108,77,120,261,218,266,101,13,0
충청북도 보은군 수한면(4372036000),1928,1928,84,120,169,138,215,364,312,368,144,12,2,990,990,46,65,110,82,132,208,143,153,47,2,2,938,938,38,55,59,56,83,156,169,215,97,10,0
충청북도 보은군 회남면(4372037000),777,777,25,42,48,51,95,148,151,147,62,8,0,390,390,15,20,25,30,56,74,82,63,22,3,0,387,387,10,22,23,21,39,74,69,84,40,5,0
충청북도 보은군 회인면(4372038500),1944,1944,71,121,149,127,213,348,350,390,163,11,1,975,975,37,69,93,89,129,190,167,154,43,3,1,969,969,34,52,56,38,84,158,183,236,120,8,0
충청북도 보은군 내북면(4372039000),2008,2008,80,152,181,141,273,342,306,349,165,19,0,1012,1012,44,82,108,84,161,192,137,142,56,6,0,996,996,36,70,73,57,112,150,169,207,109,13,0
충청북도 보은군 산외면(4372040000),1817,1817,65,158,158,105,241,338,277,341,119,13,2,915,915,32,73,88,59,143,183,144,140,49,4,0,902,902,33,85,70,46,98,155,133,201,70,9,2
충청북도 옥천군 (4373000000),53713,53713,3917,5899,5658,6378,7785,8994,6768,5992,2039,276,7,27045,27045,1990,3100,3151,3542,4250,4623,3214,2471,641,61,2,26668,26668,1927,2799,2507,2836,3535,4371,3554,3521,1398,215,5
충청북도 옥천군 옥천읍(4373025000),30172,30172,2967,4219,3547,4524,4858,4510,2893,1955,608,88,3,15256,15256,1517,2215,1964,2362,2550,2265,1360,831,175,16,1,14916,14916,1450,2004,1583,2162,2308,2245,1533,1124,433,72,2
충청북도 옥천군 동이면(4373031000),3390,3390,127,277,307,293,446,657,515,551,192,24,1,1743,1743,61,154,179,177,262,356,237,251,62,4,0,1647,1647,66,123,128,116,184,301,278,300,130,20,1
충청북도 옥천군 안남면(4373032000),1505,1505,54,96,142,97,189,245,253,290,123,16,0,740,740,30,51,84,67,99,129,124,112,40,4,0,765,765,24,45,58,30,90,116,129,178,83,12,0
충청북도 옥천군 안내면(4373033000),2169,2169,83,140,183,158,276,419,363,391,139,16,1,1088,1088,39,73,109,101,173,215,179,148,46,5,0,1081,1081,44,67,74,57,103,204,184,243,93,11,1
충청북도 옥천군 청성면(4373034000),2556,2556,73,120,187,150,273,486,451,588,202,26,0,1261,1261,34,73,111,99,165,254,211,230,75,9,0,1295,1295,39,47,76,51,108,232,240,358,127,17,0
충청북도 옥천군 청산면(4373035000),3549,3549,157,258,281,264,391,674,613,668,209,34,0,1690,1690,82,121,147,162,219,345,285,265,55,9,0,1859,1859,75,137,134,102,172,329,328,403,154,25,0
충청북도 옥천군 이원면(4373036000),4762,4762,202,392,449,385,633,889,791,728,256,35,2,2398,2398,101,202,264,248,359,460,390,281,83,9,1,2364,2364,101,190,185,137,274,429,401,447,173,26,1
충청북도 옥천군 군서면(4373037000),2418,2418,103,156,255,199,279,459,412,402,136,17,0,1252,1252,54,80,144,135,169,248,204,169,46,3,0,1166,1166,49,76,111,64,110,211,208,233,90,14,0
충청북도 옥천군 군북면(4373038000),3192,3192,151,241,307,308,440,655,477,419,174,20,0,1617,1617,72,131,149,191,254,351,224,184,59,2,0,1575,1575,79,110,158,117,186,304,253,235,115,18,0
충청북도 영동군 (4374000000),50233,50233,3227,5360,5235,5277,7190,8177,6853,6363,2250,279,22,25043,25043,1664,2908,2952,2890,3897,4205,3133,2600,720,68,6,25190,25190,1563,2452,2283,2387,3293,3972,3720,3763,1530,211,16
충청북도 영동군 영동읍(4374025000),21140,21140,1830,2915,2587,2864,3398,3183,2179,1595,525,55,9,10651,10651,963,1606,1409,1465,1752,1636,992,642,169,15,2,10489,10489,867,1309,1178,1399,1646,1547,1187,953,356,40,7
충청북도 영동군 용산면(4374031000),3733,3733,199,341,392,334,525,639,520,558,199,24,2,1897,1897,101,180,227,182,308,342,253,224,73,7,0,1836,1836,98,161,165,152,217,297,267,334,126,17,2
충청북도 영동군 황간면(4374032000),4682,4682,225,468,485,384,695,839,692,664,199,27,4,2315,2315,108,249,273,224,383,430,316,266,59,5,2,2367,2367,117,219,212,160,312,409,376,398,140,22,2
충청북도 영동군 추풍령면(4374033500),2582,2582,123,240,231,239,343,444,424,382,139,16,1,1252,1252,66,127,138,131,184,206,193,155,47,4,1,1330,1330,57,113,93,108,159,238,231,227,92,12,0
충청북도 영동군 매곡면(4374034000),2106,2106,82,153,196,154,259,359,330,397,155,19,2,1021,1021,40,93,108,99,142,188,146,162,40,2,1,1085,1085,42,60,88,55,117,171,184,235,115,17,1
충청북도 영동군 상촌면(4374035000),2505,2505,100,159,177,194,264,447,476,461,202,25,0,1216,1216,55,91,105,117,158,224,206,190,64,6,0,1289,1289,45,68,72,77,106,223,270,271,138,19,0
충청북도 영동군 양강면(4374036000),3617,3617,226,327,368,324,497,595,534,544,175,26,1,1813,1813,121,179,217,188,282,291,246,228,54,7,0,1804,1804,105,148,151,136,215,304,288,316,121,19,1
충청북도 영동군 용화면(4374037000),1038,1038,52,99,59,69,117,161,186,207,76,11,1,517,517,30,42,37,44,72,88,85,92,26,1,0,521,521,22,57,22,25,45,73,101,115,50,10,1
충청북도 영동군 학산면(4374038000),3123,3123,145,213,261,227,357,546,518,592,231,32,1,1520,1520,58,117,143,146,204,279,249,245,70,9,0,1603,1603,87,96,118,81,153,267,269,347,161,23,1
충청북도 영동군 양산면(4374039000),2098,2098,96,157,153,191,270,343,365,361,143,18,1,1048,1048,49,74,96,123,148,195,156,158,46,3,0,1050,1050,47,83,57,68,122,148,209,203,97,15,1
충청북도 영동군 심천면(4374040000),3609,3609,149,288,326,297,465,621,629,602,206,26,0,1793,1793,73,150,199,171,264,326,291,238,72,9,0,1816,1816,76,138,127,126,201,295,338,364,134,17,0
충청북도 증평군 (4374500000),33586,33586,3584,4324,4532,5214,5430,4697,2745,2274,705,79,2,17258,17258,1851,2198,2625,2798,2944,2391,1300,911,216,24,0,16328,16328,1733,2126,1907,2416,2486,2306,1445,1363,489,55,2
충청북도 증평군 증평읍(4374525000),31219,31219,3471,4114,4300,4974,5111,4247,2414,1928,598,60,2,16042,16042,1794,2098,2491,2649,2757,2149,1127,774,183,20,0,15177,15177,1677,2016,1809,2325,2354,2098,1287,1154,415,40,2
충청북도 증평군 도안면(4374531000),2367,2367,113,210,232,240,319,450,331,346,107,19,0,1216,1216,57,100,134,149,187,242,173,137,33,4,0,1151,1151,56,110,98,91,132,208,158,209,74,15,0
충청북도 진천군 (4375000000),62711,62711,6184,7851,6987,9478,10469,9216,5645,5114,1577,181,9,32474,32474,3235,4138,3920,5163,5852,4817,2724,2113,464,47,1,30237,30237,2949,3713,3067,4315,4617,4399,2921,3001,1113,134,8
충청북도 진천군 진천읍(4375025000),28687,28687,3319,4040,3290,4856,4981,3668,2190,1740,540,59,4,14618,14618,1699,2132,1769,2509,2732,1852,1034,723,148,19,1,14069,14069,1620,1908,1521,2347,2249,1816,1156,1017,392,40,3
충청북도 진천군 덕산면(4375031000),5894,5894,416,639,660,709,920,1097,650,591,192,18,2,3136,3136,225,340,388,420,524,605,316,251,63,4,0,2758,2758,191,299,272,289,396,492,334,340,129,14,2
충청북도 진천군 초평면(4375032000),3787,3787,221,366,367,342,543,705,475,583,162,21,2,1926,1926,114,187,215,211,316,364,225,235,51,8,0,1861,1861,107,179,152,131,227,341,250,348,111,13,2
충청북도 진천군 문백면(4375033000),3993,3993,197,384,425,405,643,737,513,500,171,18,0,2097,2097,103,202,258,259,357,402,258,203,54,1,0,1896,1896,94,182,167,146,286,335,255,297,117,17,0
충청북도 진천군 백곡면(4375034000),2235,2235,100,166,197,188,278,436,343,396,117,14,0,1138,1138,45,93,124,126,175,211,159,167,35,3,0,1097,1097,55,73,73,62,103,225,184,229,82,11,0
충청북도 진천군 이월면(4375035000),7938,7938,713,807,876,1209,1191,1314,799,756,237,35,1,4156,4156,361,425,500,702,678,703,399,310,69,9,0,3782,3782,352,382,376,507,513,611,400,446,168,26,1
충청북도 진천군 광혜원면(4375037000),10177,10177,1218,1449,1172,1769,1913,1259,675,548,158,16,0,5403,5403,688,759,666,936,1070,680,333,224,44,3,0,4774,4774,530,690,506,833,843,579,342,324,114,13,0
충청북도 괴산군 (4376000000),36861,36861,1861,3155,3441,3386,5090,6867,5621,5416,1776,234,14,18601,18601,907,1651,1941,2018,2880,3615,2706,2255,571,54,3,18260,18260,954,1504,1500,1368,2210,3252,2915,3161,1205,180,11
충청북도 괴산군 괴산읍(4376025000),9090,9090,707,1126,929,1223,1391,1518,1070,850,241,32,3,4525,4525,323,570,492,650,763,769,520,368,65,5,0,4565,4565,384,556,437,573,628,749,550,482,176,27,3
충청북도 괴산군 감물면(4376031000),1950,1950,104,122,187,120,255,350,300,364,128,19,1,982,982,55,66,113,79,146,188,132,155,45,2,1,968,968,49,56,74,41,109,162,168,209,83,17,0
충청북도 괴산군 장연면(4376032000),1977,1977,69,152,175,129,252,392,308,359,124,16,1,1010,1010,39,86,97,83,145,219,139,158,39,5,0,967,967,30,66,78,46,107,173,169,201,85,11,1
충청북도 괴산군 연풍면(4376033000),2543,2543,91,212,236,179,317,520,411,404,144,28,1,1292,1292,47,113,144,114,169,275,200,179,42,9,0,1251,1251,44,99,92,65,148,245,211,225,102,19,1
충청북도 괴산군 칠성면(4376034000),2868,2868,122,225,275,212,432,532,479,456,119,15,1,1425,1425,48,105,154,140,242,300,228,167,36,5,0,1443,1443,74,120,121,72,190,232,251,289,83,10,1
충청북도 괴산군 문광면(4376035000),2037,2037,73,144,177,156,279,376,351,332,137,11,1,1015,1015,27,90,101,96,162,184,181,122,50,2,0,1022,1022,46,54,76,60,117,192,170,210,87,9,1
충청북도 괴산군 청천면(4376036000),5061,5061,219,339,410,355,683,1039,878,818,278,41,1,2553,2553,114,180,226,216,389,549,435,345,89,10,0,2508,2508,105,159,184,139,294,490,443,473,189,31,1
충청북도 괴산군 청안면(4376037000),3408,3408,139,251,324,293,468,657,524,546,182,21,3,1762,1762,76,128,193,196,268,365,254,211,65,5,1,1646,1646,63,123,131,97,200,292,270,335,117,16,2
충청북도 괴산군 사리면(4376039000),3015,3015,133,248,268,300,403,524,512,463,148,16,0,1530,1530,65,127,153,186,245,277,227,195,51,4,0,1485,1485,68,121,115,114,158,247,285,268,97,12,0
충청북도 괴산군 소수면(4376040000),1920,1920,79,128,181,157,255,372,325,298,109,15,1,983,983,46,64,112,101,147,193,163,120,37,0,0,937,937,33,64,69,56,108,179,162,178,72,15,1
충청북도 괴산군 불정면(4376041000),2992,2992,125,208,279,262,355,587,463,526,166,20,1,1524,1524,67,122,156,157,204,296,227,235,52,7,1,1468,1468,58,86,123,105,151,291,236,291,114,13,0
충청북도 음성군 (4377000000),91524,91524,8325,11000,10159,13383,15422,14244,8717,7505,2427,318,24,47946,47946,4343,5909,5600,7318,8667,7717,4358,3115,813,99,7,43578,43578,3982,5091,4559,6065,6755,6527,4359,4390,1614,219,17
충청북도 음성군 음성읍(4377025000),18422,18422,1537,2330,2218,2436,3004,3018,1855,1476,497,46,5,9478,9478,787,1245,1226,1321,1627,1581,900,606,166,16,3,8944,8944,750,1085,992,1115,1377,1437,955,870,331,30,2
충청북도 음성군 금왕읍(4377025300),21458,21458,2564,2944,2302,3729,3839,2723,1553,1365,376,60,3,11150,11150,1358,1616,1207,1923,2179,1430,747,550,129,10,1,10308,10308,1206,1328,1095,1806,1660,1293,806,815,247,50,2
충청북도 음성군 소이면(4377031000),3357,3357,151,263,380,288,438,573,513,556,176,19,0,1784,1784,70,151,252,191,264,320,239,236,55,6,0,1573,1573,81,112,128,97,174,253,274,320,121,13,0
충청북도 음성군 원남면(4377032000),3207,3207,118,234,304,271,381,623,527,523,208,17,1,1649,1649,72,128,154,167,229,349,265,214,67,4,0,1558,1558,46,106,150,104,152,274,262,309,141,13,1
충청북도 음성군 맹동면(4377033000),5214,5214,198,376,487,533,929,1178,702,561,204,41,5,2982,2982,110,234,273,305,533,747,410,277,74,19,0,2232,2232,88,142,214,228,396,431,292,284,130,22,5
충청북도 음성군 대소면(4377034000),16157,16157,2153,2197,1641,3201,2957,1933,977,820,247,28,3,8505,8505,1116,1128,911,1689,1729,1046,476,316,88,6,0,7652,7652,1037,1069,730,1512,1228,887,501,504,159,22,3
충청북도 음성군 삼성면(4377035000),7942,7942,544,921,892,1005,1366,1397,844,716,234,23,0,4282,4282,289,495,539,594,774,783,433,290,77,8,0,3660,3660,255,426,353,411,592,614,411,426,157,15,0
충청북도 음성군 생극면(4377036000),4860,4860,237,471,569,498,750,889,631,584,191,36,4,2585,2585,112,259,329,319,425,473,333,250,70,12,3,2275,2275,125,212,240,179,325,416,298,334,121,24,1
충청북도 음성군 감곡면(4377037000),10907,10907,823,1264,1366,1422,1758,1910,1115,904,294,48,3,5531,5531,429,653,709,809,907,988,555,376,87,18,0,5376,5376,394,611,657,613,851,922,560,528,207,30,3
충청북도 단양군 (4380000000),31716,31716,2045,3275,3141,3422,4730,5872,4308,3712,1062,138,11,16027,16027,1064,1740,1784,1929,2573,2986,2004,1552,349,41,5,15689,15689,981,1535,1357,1493,2157,2886,2304,2160,713,97,6
충청북도 단양군 단양읍(4380025000),11491,11491,923,1515,1321,1476,1895,2052,1163,861,244,39,2,5781,5781,467,788,729,780,998,1034,540,360,75,8,2,5710,5710,456,727,592,696,897,1018,623,501,169,31,0
충청북도 단양군 매포읍(4380025300),6773,6773,552,791,713,912,1050,1115,810,637,170,22,1,3499,3499,290,422,416,513,595,565,363,271,56,7,1,3274,3274,262,369,297,399,455,550,447,366,114,15,0
충청북도 단양군 대강면(4380031000),2534,2534,102,176,187,187,332,535,435,426,136,15,3,1268,1268,56,90,113,115,191,266,203,174,54,5,1,1266,1266,46,86,74,72,141,269,232,252,82,10,2
충청북도 단양군 가곡면(4380032000),2156,2156,99,168,205,164,290,433,381,317,85,12,2,1111,1111,53,101,101,117,161,214,196,138,26,4,0,1045,1045,46,67,104,47,129,219,185,179,59,8,2
충청북도 단양군 영춘면(4380033000),3541,3541,171,258,286,285,552,673,589,536,171,19,1,1701,1701,85,143,173,150,276,318,268,226,54,8,0,1840,1840,86,115,113,135,276,355,321,310,117,11,1
충청북도 단양군 어상천면(4380034000),1878,1878,83,119,144,148,223,391,323,348,89,9,1,967,967,53,68,83,92,122,218,152,147,28,3,1,911,911,30,51,61,56,101,173,171,201,61,6,0
충청북도 단양군 적성면(4380035000),1533,1533,47,80,132,118,170,304,288,299,86,9,0,789,789,29,37,74,83,100,168,138,127,32,1,0,744,744,18,43,58,35,70,136,150,172,54,8,0
충청북도 단양군 단성면(4380036000),1810,1810,68,168,153,132,218,369,319,288,81,13,1,911,911,31,91,95,79,130,203,144,109,24,5,0,899,899,37,77,58,53,88,166,175,179,57,8,1
충청남도  (4400000000),2090270,2090270,203683,268539,257937,320528,332783,292507,192950,160366,53732,6735,510,1057362,1057362,105129,140931,137101,170446,177174,149415,91742,66353,17388,1572,111,1032908,1032908,98554,127608,120836,150082,155609,143092,101208,94013,36344,5163,399
충청남도 천안시 (4413000000),566483,566483,63901,84486,81509,103895,101384,68022,32311,22434,7490,962,89,287084,287084,33170,44234,41154,53576,52280,35501,15422,9135,2360,229,23,279399,279399,30731,40252,40355,50319,49104,32521,16889,13299,5130,733,66
충청남도 천안시 동남구 (4413100000),250906,250906,26624,34825,34414,43955,43562,33636,17167,12049,4088,541,45,126957,126957,13840,18379,17529,22655,22481,17344,8267,5023,1302,125,12,123949,123949,12784,16446,16885,21300,21081,16292,8900,7026,2786,416,33
충청남도 천안시 동남구 목천읍(4413125000),26373,26373,3723,3869,2638,5475,4677,2760,1512,1263,407,48,1,13479,13479,1906,2047,1340,2780,2614,1451,690,508,137,6,0,12894,12894,1817,1822,1298,2695,2063,1309,822,755,270,42,1
충청남도 천안시 동남구 풍세면(4413131000),4838,4838,296,444,604,523,703,932,587,523,212,13,1,2572,2572,158,240,353,308,413,504,309,217,66,3,1,2266,2266,138,204,251,215,290,428,278,306,146,10,0
충청남도 천안시 동남구 광덕면(4413132000),4513,4513,189,400,539,453,653,885,572,570,221,31,0,2290,2290,110,216,292,260,349,470,282,224,80,7,0,2223,2223,79,184,247,193,304,415,290,346,141,24,0
충청남도 천안시 동남구 북면(4413133000),5133,5133,326,608,581,710,816,871,490,514,198,19,0,2692,2692,172,323,347,420,451,446,248,219,57,9,0,2441,2441,154,285,234,290,365,425,242,295,141,10,0
충청남도 천안시 동남구 성남면(4413134000),3949,3949,205,386,409,408,579,780,531,442,181,26,2,2035,2035,100,200,223,241,335,414,266,192,56,8,0,1914,1914,105,186,186,167,244,366,265,250,125,18,2
충청남도 천안시 동남구 수신면(4413135000),2570,2570,106,193,303,289,323,492,356,376,114,17,1,1352,1352,52,103,182,178,184,276,169,167,37,4,0,1218,1218,54,90,121,111,139,216,187,209,77,13,1
충청남도 천안시 동남구 병천면(4413136000),6440,6440,413,732,892,817,1027,1005,651,624,234,42,3,3318,3318,198,377,545,467,564,519,297,266,73,11,1,3122,3122,215,355,347,350,463,486,354,358,161,31,2
충청남도 천안시 동남구 동면(4413137000),2543,2543,103,183,233,222,305,462,410,440,164,19,2,1310,1310,54,100,126,154,168,250,204,182,64,7,1,1233,1233,49,83,107,68,137,212,206,258,100,12,1
충청남도 천안시 동남구 중앙동(4413151000),6278,6278,270,570,781,773,1030,1266,890,528,139,22,9,3274,3274,153,288,451,444,570,650,429,229,53,4,3,3004,3004,117,282,330,329,460,616,461,299,86,18,6
충청남도 천안시 동남구 문성동(4413152000),5331,5331,206,556,708,715,969,1011,629,392,130,13,2,2832,2832,102,312,370,437,554,534,304,167,50,2,0,2499,2499,104,244,338,278,415,477,325,225,80,11,2
충청남도 천안시 동남구 원성1동(4413153000),10690,10690,742,1347,1523,1557,1897,1763,1031,617,183,25,5,5611,5611,416,756,848,867,974,901,521,269,54,4,1,5079,5079,326,591,675,690,923,862,510,348,129,21,4
충청남도 천안시 동남구 원성2동(4413154000),13073,13073,858,1734,1985,1812,2256,2102,1223,832,236,33,2,6609,6609,450,919,1055,976,1112,1041,588,378,81,9,0,6464,6464,408,815,930,836,1144,1061,635,454,155,24,2
충청남도 천안시 동남구 봉명동(4413155000),21386,21386,1819,2868,3703,3850,3667,3053,1356,775,260,31,4,10796,10796,952,1526,1818,2071,1838,1562,634,318,71,5,1,10590,10590,867,1342,1885,1779,1829,1491,722,457,189,26,3
충청남도 천안시 동남구 일봉동(4413156000),22421,22421,2694,3555,2757,3944,4210,2811,1346,806,255,40,3,11215,11215,1372,1860,1417,1913,2146,1443,635,338,75,15,1,11206,11206,1322,1695,1340,2031,2064,1368,711,468,180,25,2
충청남도 천안시 동남구 신방동(4413157000),40096,40096,6088,6632,5191,8824,7471,3490,1212,859,290,39,0,19974,19974,3167,3558,2437,4303,3765,1805,533,307,89,10,0,20122,20122,2921,3074,2754,4521,3706,1685,679,552,201,29,0
충청남도 천안시 동남구 청룡동(4413158000),41738,41738,5727,6448,5062,8019,7210,5050,2271,1355,519,71,6,20767,20767,2997,3307,2491,3904,3652,2617,1079,550,154,14,2,20971,20971,2730,3141,2571,4115,3558,2433,1192,805,365,57,4
충청남도 천안시 동남구 신안동(4413159000),33534,33534,2859,4300,6505,5564,5769,4903,2100,1133,345,52,4,16831,16831,1481,2247,3234,2932,2792,2461,1079,492,105,7,1,16703,16703,1378,2053,3271,2632,2977,2442,1021,641,240,45,3
충청남도 천안시 서북구 (4413300000),315577,315577,37277,49661,47095,59940,57822,34386,15144,10385,3402,421,44,160127,160127,19330,25855,23625,30921,29799,18157,7155,4112,1058,104,11,155450,155450,17947,23806,23470,29019,28023,16229,7989,6273,2344,317,33
충청남도 천안시 서북구 성환읍(4413325000),29871,29871,2853,3737,3732,4960,4677,4327,2798,2086,618,61,22,15413,15413,1481,1954,2018,2716,2566,2219,1342,874,221,16,6,14458,14458,1372,1783,1714,2244,2111,2108,1456,1212,397,45,16
충청남도 천안시 서북구 성거읍(4413325300),21271,21271,2986,2886,2454,4683,3475,2344,1242,919,245,35,2,11068,11068,1553,1522,1288,2479,1899,1249,594,393,82,9,0,10203,10203,1433,1364,1166,2204,1576,1095,648,526,163,26,2
충청남도 천안시 서북구 직산읍(4413325600),22744,22744,2742,3088,2995,4684,3980,2543,1338,1008,312,52,2,12145,12145,1428,1625,1707,2656,2189,1368,634,427,102,9,0,10599,10599,1314,1463,1288,2028,1791,1175,704,581,210,43,2
충청남도 천안시 서북구 입장면(4413331000),11118,11118,843,1386,1407,1567,1920,1722,1070,856,303,36,8,5839,5839,434,742,798,930,1069,900,500,360,96,9,1,5279,5279,409,644,609,637,851,822,570,496,207,27,7
충청남도 천안시 서북구 성정1동(4413351000),19085,19085,1491,2375,3283,3195,3329,2790,1470,863,245,44,0,9585,9585,723,1216,1665,1712,1686,1417,704,375,77,10,0,9500,9500,768,1159,1618,1483,1643,1373,766,488,168,34,0
충청남도 천안시 서북구 성정2동(4413352000),22943,22943,1680,2796,5300,4390,3724,2991,1228,586,221,23,4,11603,11603,865,1460,2587,2469,1805,1517,609,218,67,6,0,11340,11340,815,1336,2713,1921,1919,1474,619,368,154,17,4
충청남도 천안시 서북구 쌍용1동(4413353000),16034,16034,1363,2641,2716,2296,2952,2470,868,509,201,18,0,7876,7876,693,1406,1312,1128,1379,1264,427,197,65,5,0,8158,8158,670,1235,1404,1168,1573,1206,441,312,136,13,0
충청남도 천안시 서북구 쌍용2동(4413354000),43005,43005,6324,7592,5877,8534,8326,4013,1221,806,267,44,1,21301,21301,3313,3950,2783,4024,4157,2160,541,282,79,12,0,21704,21704,3011,3642,3094,4510,4169,1853,680,524,188,32,1
충청남도 천안시 서북구 쌍용3동(4413355000),22003,22003,2717,3896,2998,3940,4317,2324,843,671,269,26,2,10741,10741,1430,1997,1424,1910,2080,1237,353,222,78,9,1,11262,11262,1287,1899,1574,2030,2237,1087,490,449,191,17,1
충청남도 천안시 서북구 백석동(4413356000),49940,49940,7562,9967,5456,9718,10562,4069,1329,904,340,32,1,24974,24974,3929,5156,2686,4495,5431,2223,640,309,96,8,1,24966,24966,3633,4811,2770,5223,5131,1846,689,595,244,24,0
충청남도 천안시 서북구 부성동(4413357000),57563,57563,6716,9297,10877,11973,10560,4793,1737,1177,381,50,2,29582,29582,3481,4827,5357,6402,5538,2603,811,455,95,11,2,27981,27981,3235,4470,5520,5571,5022,2190,926,722,286,39,0
충청남도 공주시 (4415000000),124781,124781,9379,15513,15305,15382,19281,20160,13500,11661,4057,521,22,63082,63082,4815,8354,8409,8166,10144,10310,6532,4857,1349,141,5,61699,61699,4564,7159,6896,7216,9137,9850,6968,6804,2708,380,17
충청남도 공주시 유구읍(4415025000),9065,9065,508,954,1066,858,1223,1708,1236,1083,375,52,2,4692,4692,262,541,656,508,628,884,607,462,126,17,1,4373,4373,246,413,410,350,595,824,629,621,249,35,1
충청남도 공주시 이인면(4415031000),4047,4047,178,360,479,337,518,719,599,610,221,24,2,2080,2080,113,184,264,217,292,393,292,249,73,3,0,1967,1967,65,176,215,120,226,326,307,361,148,21,2
충청남도 공주시 탄천면(4415032000),3617,3617,152,291,358,272,429,612,577,660,239,27,0,1861,1861,78,158,204,172,261,333,279,290,79,7,0,1756,1756,74,133,154,100,168,279,298,370,160,20,0
충청남도 공주시 계룡면(4415033000),6623,6623,313,521,652,593,926,1276,1021,966,311,44,0,3448,3448,165,280,386,383,551,644,510,400,114,15,0,3175,3175,148,241,266,210,375,632,511,566,197,29,0
충청남도 공주시 반포면(4415034000),5879,5879,317,493,679,669,980,1165,775,568,213,19,1,3082,3082,171,271,398,358,549,619,379,244,86,7,0,2797,2797,146,222,281,311,431,546,396,324,127,12,1
충청남도 공주시 장기면(4415035000),5044,5044,242,507,618,498,761,947,673,583,193,21,1,2659,2659,117,280,358,290,421,515,343,254,73,7,1,2385,2385,125,227,260,208,340,432,330,329,120,14,0
충청남도 공주시 의당면(4415036000),6699,6699,659,756,788,929,1028,969,678,623,242,27,0,3451,3451,335,408,435,521,580,493,335,260,75,9,0,3248,3248,324,348,353,408,448,476,343,363,167,18,0
충청남도 공주시 정안면(4415037000),5595,5595,259,563,603,475,675,1010,792,874,299,43,2,2906,2906,138,346,341,296,357,539,395,372,110,12,0,2689,2689,121,217,262,179,318,471,397,502,189,31,2
충청남도 공주시 우성면(4415038000),6285,6285,343,598,700,645,789,1102,892,871,295,48,2,3218,3218,166,325,405,381,451,580,433,370,97,10,0,3067,3067,177,273,295,264,338,522,459,501,198,38,2
충청남도 공주시 사곡면(4415039000),3462,3462,176,260,347,286,425,610,523,616,183,35,1,1735,1735,84,133,201,168,246,318,241,272,65,7,0,1727,1727,92,127,146,118,179,292,282,344,118,28,1
충청남도 공주시 신풍면(4415040000),3578,3578,127,245,392,324,426,716,575,533,223,17,0,1715,1715,63,125,218,175,192,366,267,224,78,7,0,1863,1863,64,120,174,149,234,350,308,309,145,10,0
충청남도 공주시 중학동(4415051000),6682,6682,390,831,896,868,985,1107,805,576,203,20,1,3357,3357,212,428,515,470,509,528,373,254,63,5,0,3325,3325,178,403,381,398,476,579,432,322,140,15,1
충청남도 공주시 웅진동(4415054000),9856,9856,687,1412,1288,1285,1627,1633,1052,639,202,27,4,4886,4886,366,759,674,662,820,776,503,260,63,3,0,4970,4970,321,653,614,623,807,857,549,379,139,24,4
충청남도 공주시 금학동(4415055000),6174,6174,583,855,817,894,1004,900,522,427,150,21,1,3141,3141,312,436,441,462,541,464,273,162,41,8,1,3033,3033,271,419,376,432,463,436,249,265,109,13,0
충청남도 공주시 옥룡동(4415056000),11081,11081,741,1479,1579,1471,1780,1830,1124,805,242,30,0,5509,5509,369,791,848,790,885,905,511,325,76,9,0,5572,5572,372,688,731,681,895,925,613,480,166,21,0
충청남도 공주시 신관동(4415057000),31094,31094,3704,5388,4043,4978,5705,3856,1656,1227,466,66,5,15342,15342,1864,2889,2065,2313,2861,1953,791,459,130,15,2,15752,15752,1840,2499,1978,2665,2844,1903,865,768,336,51,3
충청남도 보령시 (4418000000),106794,106794,8661,12656,11696,14097,16184,17122,12602,9984,3357,410,25,53897,53897,4426,6747,6575,7706,8721,8491,5939,4159,1039,88,6,52897,52897,4235,5909,5121,6391,7463,8631,6663,5825,2318,322,19
충청남도 보령시 웅천읍(4418025000),7466,7466,340,671,778,688,989,1444,1130,978,405,41,2,3779,3779,186,383,459,403,554,724,527,397,133,12,1,3687,3687,154,288,319,285,435,720,603,581,272,29,1
충청남도 보령시 주포면(4418031000),1762,1762,78,150,217,180,242,311,275,207,95,7,0,955,955,42,92,140,115,151,166,132,88,28,1,0,807,807,36,58,77,65,91,145,143,119,67,6,0
충청남도 보령시 오천면(4418032000),2497,2497,130,165,255,248,324,482,411,349,115,18,0,1282,1282,60,94,140,167,188,240,206,144,39,4,0,1215,1215,70,71,115,81,136,242,205,205,76,14,0
충청남도 보령시 오천면어항출장소(4418032500),1943,1943,150,181,211,231,302,390,233,185,54,6,0,1039,1039,83,105,116,146,185,189,126,71,17,1,0,904,904,67,76,95,85,117,201,107,114,37,5,0
충청남도 보령시 오천면원산도출장소(4418032700),1244,1244,66,71,120,120,165,222,213,193,69,5,0,651,651,32,42,74,77,105,114,105,81,19,2,0,593,593,34,29,46,43,60,108,108,112,50,3,0
충청남도 보령시 천북면(4418033000),4180,4180,205,366,444,352,552,771,637,622,212,19,0,2158,2158,109,203,271,218,308,391,321,258,71,8,0,2022,2022,96,163,173,134,244,380,316,364,141,11,0
충청남도 보령시 청소면(4418034000),3194,3194,110,253,305,248,378,535,555,582,205,23,0,1557,1557,61,129,172,153,221,259,251,234,74,3,0,1637,1637,49,124,133,95,157,276,304,348,131,20,0
충청남도 보령시 청라면(4418035000),4471,4471,206,406,414,422,548,773,738,714,230,20,0,2277,2277,108,213,244,272,325,387,341,304,81,2,0,2194,2194,98,193,170,150,223,386,397,410,149,18,0
충청남도 보령시 남포면(4418036000),5734,5734,254,492,591,513,710,1021,889,869,340,50,5,2877,2877,129,272,338,304,436,530,414,346,96,10,2,2857,2857,125,220,253,209,274,491,475,523,244,40,3
충청남도 보령시 주산면(4418038000),2989,2989,117,202,265,230,281,517,550,581,226,19,1,1475,1475,63,114,171,145,163,249,249,247,70,4,0,1514,1514,54,88,94,85,118,268,301,334,156,15,1
충청남도 보령시 미산면(4418039000),2096,2096,81,173,187,170,225,353,379,368,144,16,0,1055,1055,46,83,106,120,135,185,171,160,47,2,0,1041,1041,35,90,81,50,90,168,208,208,97,14,0
충청남도 보령시 성주면(4418040000),2838,2838,147,284,315,337,429,524,418,300,68,11,5,1435,1435,77,148,175,210,242,252,189,123,19,0,0,1403,1403,70,136,140,127,187,272,229,177,49,11,5
충청남도 보령시 주교면(4418041000),5750,5750,269,609,651,733,852,1002,787,627,191,28,1,3019,3019,129,315,408,462,487,491,399,264,59,5,0,2731,2731,140,294,243,271,365,511,388,363,132,23,1
충청남도 보령시 대천1동(4418051500),16978,16978,1921,2601,1917,2802,2868,2390,1359,840,250,28,2,8476,8476,972,1335,1046,1406,1453,1192,634,352,80,5,1,8502,8502,949,1266,871,1396,1415,1198,725,488,170,23,1
충청남도 보령시 대천2동(4418052500),7566,7566,725,1044,873,1126,1231,1066,809,535,134,21,2,3806,3806,368,554,477,569,638,529,377,246,41,7,0,3760,3760,357,490,396,557,593,537,432,289,93,14,2
충청남도 보령시 대천3동(4418053500),13539,13539,1458,1961,1709,2163,2342,1949,1066,650,209,31,1,6794,6794,754,1056,921,1108,1181,944,515,250,55,9,1,6745,6745,704,905,788,1055,1161,1005,551,400,154,22,0
충청남도 보령시 대천4동(4418054500),15135,15135,1920,2345,1612,2653,2587,1947,1098,699,228,40,6,7417,7417,981,1237,836,1286,1308,930,503,273,53,9,1,7718,7718,939,1108,776,1367,1279,1017,595,426,175,31,5
충청남도 보령시 대천5동(4418056500),7412,7412,484,682,832,881,1159,1425,1055,685,182,27,0,3845,3845,226,372,481,545,641,719,479,321,57,4,0,3567,3567,258,310,351,336,518,706,576,364,125,23,0
충청남도 아산시 (4420000000),270232,270232,34834,33859,37291,52505,42558,31036,18389,14489,4573,638,60,137585,137585,17851,17476,18394,28413,23316,15954,8548,6026,1431,156,20,132647,132647,16983,16383,18897,24092,19242,15082,9841,8463,3142,482,40
충청남도 아산시 염치읍(4420025000),7794,7794,778,768,923,1262,1094,1166,802,730,233,36,2,4107,4107,393,405,537,735,633,599,400,310,79,14,2,3687,3687,385,363,386,527,461,567,402,420,154,22,0
충청남도 아산시 배방읍(4420025300),56225,56225,9540,6723,8603,13418,8333,4966,2425,1655,491,63,8,28471,28471,4937,3479,3907,7119,4544,2509,1139,678,139,16,4,27754,27754,4603,3244,4696,6299,3789,2457,1286,977,352,47,4
충청남도 아산시 송악면(4420031000),3648,3648,189,300,377,342,498,681,577,497,166,17,4,1891,1891,105,156,223,214,284,351,286,206,62,3,1,1757,1757,84,144,154,128,214,330,291,291,104,14,3
충청남도 아산시 탕정면(4420033000),18604,18604,2379,2328,4907,3830,2603,1212,612,524,185,23,1,8920,8920,1204,1022,1725,2245,1548,640,265,217,50,4,0,9684,9684,1175,1306,3182,1585,1055,572,347,307,135,19,1
충청남도 아산시 음봉면(4420035000),15950,15950,1933,1598,2699,3336,2316,1878,1032,831,290,36,1,8721,8721,986,854,1540,2046,1356,1006,495,338,89,10,1,7229,7229,947,744,1159,1290,960,872,537,493,201,26,0
충청남도 아산시 둔포면(4420036000),10346,10346,721,1100,1278,1359,1674,1775,1126,945,324,42,2,5507,5507,358,587,755,834,954,950,551,408,97,12,1,4839,4839,363,513,523,525,720,825,575,537,227,30,1
충청남도 아산시 영인면(4420037000),6696,6696,363,603,802,695,925,1149,912,934,273,39,1,3516,3516,184,342,460,443,549,613,428,399,90,7,1,3180,3180,179,261,342,252,376,536,484,535,183,32,0
충청남도 아산시 인주면(4420038000),7645,7645,689,694,933,1328,1142,1065,775,765,230,20,4,4148,4148,344,370,541,856,686,576,373,320,77,5,0,3497,3497,345,324,392,472,456,489,402,445,153,15,4
충청남도 아산시 선장면(4420039000),4053,4053,171,305,393,359,462,741,658,667,252,41,4,2047,2047,89,149,237,232,288,356,334,279,73,8,2,2006,2006,82,156,156,127,174,385,324,388,179,33,2
충청남도 아산시 도고면(4420040000),5243,5243,227,492,609,497,731,893,797,744,215,36,2,2708,2708,113,270,338,302,418,470,378,332,82,5,0,2535,2535,114,222,271,195,313,423,419,412,133,31,2
충청남도 아산시 신창면(4420041000),21386,21386,3030,2508,2535,4545,3293,2346,1517,1223,336,50,3,11174,11174,1555,1313,1391,2498,1858,1224,682,532,111,9,1,10212,10212,1475,1195,1144,2047,1435,1122,835,691,225,41,2
충청남도 아산시 온양1동(4420057000),6967,6967,508,773,925,1042,1141,1171,736,469,165,30,7,3541,3541,240,405,472,583,606,604,367,198,55,9,2,3426,3426,268,368,453,459,535,567,369,271,110,21,5
충청남도 아산시 온양2동(4420058000),9148,9148,715,1431,1107,1195,1795,1456,763,485,168,31,2,4551,4551,353,757,586,613,891,744,353,193,53,7,1,4597,4597,362,674,521,582,904,712,410,292,115,24,1
충청남도 아산시 온양3동(4420059000),31709,31709,4487,4501,3967,6274,5234,3600,1929,1239,415,54,9,15730,15730,2294,2297,1991,3150,2696,1758,873,531,124,13,3,15979,15979,2193,2204,1976,3124,2538,1842,1056,708,291,41,6
충청남도 아산시 온양4동(4420060000),21142,21142,3002,3031,2530,4441,3534,2272,1187,841,262,38,4,10846,10846,1562,1608,1323,2332,1903,1154,530,335,87,12,0,10296,10296,1440,1423,1207,2109,1631,1118,657,506,175,26,4
충청남도 아산시 온양5동(4420061000),18643,18643,2209,3128,2144,3257,3422,2189,1175,842,242,33,2,9365,9365,1168,1652,1104,1580,1760,1124,521,369,78,9,0,9278,9278,1041,1476,1040,1677,1662,1065,654,473,164,24,2
충청남도 아산시 온양6동(4420062000),25033,25033,3893,3576,2559,5325,4361,2476,1366,1098,326,49,4,12342,12342,1966,1810,1264,2631,2342,1276,573,381,85,13,1,12691,12691,1927,1766,1295,2694,2019,1200,793,717,241,36,3
충청남도 서산시 (4421000000),160905,160905,17128,21782,17979,25350,26183,21468,14789,11811,3866,511,38,82055,82055,8994,11499,9967,13237,14041,10927,7165,4901,1206,116,2,78850,78850,8134,10283,8012,12113,12142,10541,7624,6910,2660,395,36
충청남도 서산시 대산읍(4421025000),16168,16168,1522,2490,1965,2251,3083,2327,1166,965,361,36,2,8582,8582,779,1300,1215,1194,1695,1312,581,383,116,7,0,7586,7586,743,1190,750,1057,1388,1015,585,582,245,29,2
충청남도 서산시 인지면(4421031000),7927,7927,990,938,736,1347,1229,955,764,721,224,22,1,4038,4038,530,485,399,694,715,482,368,285,77,3,0,3889,3889,460,453,337,653,514,473,396,436,147,19,1
충청남도 서산시 부석면(4421032000),6094,6094,236,443,659,517,690,1119,1094,1003,289,44,0,3099,3099,110,236,419,318,378,549,534,442,104,9,0,2995,2995,126,207,240,199,312,570,560,561,185,35,0
충청남도 서산시 팔봉면(4421033000),3501,3501,118,260,297,291,420,623,707,568,191,24,2,1787,1787,60,136,168,194,252,308,357,238,63,11,0,1714,1714,58,124,129,97,168,315,350,330,128,13,2
충청남도 서산시 지곡면(4421034000),8561,8561,1111,836,1036,1543,1228,1035,815,674,248,33,2,4449,4449,614,443,565,885,654,545,391,274,69,9,0,4112,4112,497,393,471,658,574,490,424,400,179,24,2
충청남도 서산시 성연면(4421036000),2738,2738,121,264,277,229,379,462,436,401,145,22,2,1409,1409,61,148,150,148,222,239,215,171,50,5,0,1329,1329,60,116,127,81,157,223,221,230,95,17,2
충청남도 서산시 음암면(4421037000),10875,10875,1210,1332,1178,1889,1578,1333,1061,985,270,39,0,5598,5598,627,734,629,1020,883,667,513,436,85,4,0,5277,5277,583,598,549,869,695,666,548,549,185,35,0
충청남도 서산시 운산면(4421038000),5834,5834,306,510,536,567,742,965,983,906,272,46,1,2961,2961,157,262,322,335,430,478,494,388,82,13,0,2873,2873,149,248,214,232,312,487,489,518,190,33,1
충청남도 서산시 해미면(4421039000),8365,8365,484,876,950,960,1197,1389,1217,946,308,35,3,4299,4299,256,464,547,566,655,713,598,397,96,6,1,4066,4066,228,412,403,394,542,676,619,549,212,29,2
충청남도 서산시 고북면(4421040000),8176,8176,912,786,885,1354,946,1104,925,951,266,43,4,4175,4175,464,437,514,768,523,553,420,394,92,10,0,4001,4001,448,349,371,586,423,551,505,557,174,33,4
충청남도 서산시 부춘동(4421051000),19663,19663,2479,3020,2370,3783,3487,2216,1196,810,267,30,5,9989,9989,1310,1560,1296,1881,1859,1103,564,333,79,4,0,9674,9674,1169,1460,1074,1902,1628,1113,632,477,188,26,5
충청남도 서산시 동문1동(4421052500),16600,16600,2037,2529,1907,2869,2897,2064,1214,757,278,42,6,8511,8511,1067,1468,1004,1419,1517,1024,608,326,69,8,1,8089,8089,970,1061,903,1450,1380,1040,606,431,209,34,5
충청남도 서산시 동문2동(4421053500),10662,10662,1138,1484,1231,1695,1853,1587,941,526,177,24,6,5283,5283,600,767,657,854,927,754,441,221,57,5,0,5379,5379,538,717,574,841,926,833,500,305,120,19,6
충청남도 서산시 수석동(4421054000),15196,15196,1620,2568,1801,2356,2807,2038,1030,701,245,28,2,7520,7520,844,1252,989,1142,1411,1044,492,263,74,9,0,7676,7676,776,1316,812,1214,1396,994,538,438,171,19,2
충청남도 서산시 석남동(4421055000),20545,20545,2844,3446,2151,3699,3647,2251,1240,897,325,43,2,10355,10355,1515,1807,1093,1819,1920,1156,589,350,93,13,0,10190,10190,1329,1639,1058,1880,1727,1095,651,547,232,30,2
충청남도 논산시 (4423000000),128068,128068,9876,16241,14490,15616,18637,20602,14732,12848,4441,532,53,64119,64119,5070,8329,8047,8400,9926,10536,6973,5150,1523,154,11,63949,63949,4806,7912,6443,7216,8711,10066,7759,7698,2918,378,42
충청남도 논산시 강경읍(4423025000),11133,11133,782,1362,1209,1289,1660,1907,1361,1077,428,48,10,5432,5432,400,704,671,666,827,937,624,443,137,20,3,5701,5701,382,658,538,623,833,970,737,634,291,28,7
충청남도 논산시 연무읍(4423025300),16491,16491,1320,1904,1894,2131,2251,2704,1928,1692,604,60,3,8353,8353,687,995,1102,1173,1237,1371,912,657,205,14,0,8138,8138,633,909,792,958,1014,1333,1016,1035,399,46,3
충청남도 논산시 성동면(4423031000),5293,5293,208,492,569,451,676,964,836,826,239,29,3,2706,2706,103,272,321,279,367,525,386,357,87,8,1,2587,2587,105,220,248,172,309,439,450,469,152,21,2
충청남도 논산시 광석면(4423032000),5369,5369,279,498,590,482,667,973,806,806,248,20,0,2747,2747,134,254,359,303,373,508,391,327,92,6,0,2622,2622,145,244,231,179,294,465,415,479,156,14,0
충청남도 논산시 노성면(4423033000),3960,3960,299,341,432,440,482,635,562,542,199,24,4,2021,2021,149,189,253,256,289,329,278,203,66,8,1,1939,1939,150,152,179,184,193,306,284,339,133,16,3
충청남도 논산시 상월면(4423034000),4118,4118,183,288,372,422,567,781,602,633,228,37,5,2088,2088,98,144,216,249,322,417,296,251,87,8,0,2030,2030,85,144,156,173,245,364,306,382,141,29,5
충청남도 논산시 부적면(4423035000),4321,4321,188,411,448,383,604,796,633,608,227,20,3,2172,2172,94,205,253,233,344,415,303,241,79,5,0,2149,2149,94,206,195,150,260,381,330,367,148,15,3
충청남도 논산시 연산면(4423036000),7104,7104,316,661,704,621,1026,1401,1071,914,339,47,4,3686,3686,167,379,392,371,588,756,525,384,114,10,0,3418,3418,149,282,312,250,438,645,546,530,225,37,4
충청남도 논산시 벌곡면(4423038000),2832,2832,133,176,249,262,342,550,477,439,173,26,5,1438,1438,62,95,148,154,204,289,235,184,58,8,1,1394,1394,71,81,101,108,138,261,242,255,115,18,4
충청남도 논산시 양촌면(4423039000),6361,6361,285,551,596,522,842,1145,1017,1016,351,35,1,3193,3193,145,291,338,309,479,586,484,427,128,5,1,3168,3168,140,260,258,213,363,559,533,589,223,30,0
충청남도 논산시 가야곡면(4423040000),4273,4273,161,391,421,360,530,781,689,686,220,29,5,2162,2162,77,197,253,217,306,407,342,274,78,10,1,2111,2111,84,194,168,143,224,374,347,412,142,19,4
충청남도 논산시 은진면(4423041000),5952,5952,215,1453,884,478,644,826,625,583,209,33,2,2936,2936,107,674,462,313,351,435,299,223,63,9,0,3016,3016,108,779,422,165,293,391,326,360,146,24,2
충청남도 논산시 채운면(4423042000),3000,3000,151,279,353,253,352,572,412,446,164,17,1,1496,1496,70,153,200,142,186,302,196,179,62,6,0,1504,1504,81,126,153,111,166,270,216,267,102,11,1
충청남도 논산시 취암동(4423051000),29280,29280,3318,4495,3675,4646,4835,4002,2219,1540,479,68,3,14553,14553,1744,2289,1948,2321,2462,1978,1025,605,155,25,1,14727,14727,1574,2206,1727,2325,2373,2024,1194,935,324,43,2
충청남도 논산시 부창동(4423052000),18581,18581,2038,2939,2094,2876,3159,2565,1494,1040,333,39,4,9136,9136,1033,1488,1131,1414,1591,1281,677,395,112,12,2,9445,9445,1005,1451,963,1462,1568,1284,817,645,221,27,2
충청남도 계룡시 (4425000000),42984,42984,5461,7781,4532,7106,8839,5007,2029,1547,608,68,6,21335,21335,2880,4063,2428,3312,4451,2520,932,554,179,16,0,21649,21649,2581,3718,2104,3794,4388,2487,1097,993,429,52,6
충청남도 계룡시 두마면(4425031000),7566,7566,1033,960,838,1306,1317,1136,497,325,137,16,1,3687,3687,544,498,437,608,661,537,236,126,36,4,0,3879,3879,489,462,401,698,656,599,261,199,101,12,1
충청남도 계룡시 엄사면(4425031500),18373,18373,1850,3494,2111,2519,3983,2289,922,837,331,33,4,9022,9022,988,1819,1123,1161,1917,1194,409,292,110,9,0,9351,9351,862,1675,988,1358,2066,1095,513,545,221,24,4
충청남도 계룡시 신도안면(4425033000),8354,8354,1349,2089,640,1679,2081,303,80,92,37,3,1,4263,4263,700,1087,337,789,1127,178,19,19,7,0,0,4091,4091,649,1002,303,890,954,125,61,73,30,3,1
충청남도 계룡시 금암동(4425051000),8691,8691,1229,1238,943,1602,1458,1279,530,293,103,16,0,4363,4363,648,659,531,754,746,611,268,117,26,3,0,4328,4328,581,579,412,848,712,668,262,176,77,13,0
충청남도 금산군 (4471000000),56235,56235,4195,5700,5886,6516,7987,9252,7428,6829,2186,234,22,28510,28510,2132,3081,3314,3662,4500,4767,3534,2741,724,49,6,27725,27725,2063,2619,2572,2854,3487,4485,3894,4088,1462,185,16
충청남도 금산군 금산읍(4471025000),23979,23979,2498,3101,2648,3520,3673,3562,2527,1793,580,66,11,12066,12066,1286,1687,1460,1841,1927,1752,1148,769,180,14,2,11913,11913,1212,1414,1188,1679,1746,1810,1379,1024,400,52,9
충청남도 금산군 금성면(4471031000),4066,4066,220,332,404,363,567,680,615,622,239,23,1,2087,2087,110,183,231,220,365,346,305,242,80,5,0,1979,1979,110,149,173,143,202,334,310,380,159,18,1
충청남도 금산군 제원면(4471032000),3242,3242,130,196,365,280,375,598,523,557,195,22,1,1677,1677,70,103,224,186,235,314,254,222,63,6,0,1565,1565,60,93,141,94,140,284,269,335,132,16,1
충청남도 금산군 부리면(4471033000),3038,3038,107,189,261,251,320,542,519,630,194,23,2,1484,1484,43,95,150,173,200,267,248,236,66,4,2,1554,1554,64,94,111,78,120,275,271,394,128,19,0
충청남도 금산군 군북면(4471034000),2635,2635,126,199,276,224,300,482,437,440,143,8,0,1342,1342,65,108,169,132,179,264,201,173,50,1,0,1293,1293,61,91,107,92,121,218,236,267,93,7,0
충청남도 금산군 남일면(4471035000),2888,2888,140,309,219,218,324,486,463,550,161,16,2,1428,1428,59,169,126,135,200,249,223,210,53,4,0,1460,1460,81,140,93,83,124,237,240,340,108,12,2
충청남도 금산군 남이면(4471036000),2303,2303,130,200,171,181,301,370,385,419,123,21,2,1180,1180,61,116,105,103,194,207,182,171,36,5,0,1123,1123,69,84,66,78,107,163,203,248,87,16,2
충청남도 금산군 진산면(4471037000),3495,3495,215,226,255,339,493,586,616,584,167,13,1,1745,1745,117,117,136,209,282,307,283,233,58,2,1,1750,1750,98,109,119,130,211,279,333,351,109,11,0
충청남도 금산군 복수면(4471038000),3695,3695,192,246,392,394,524,726,576,466,160,18,1,1957,1957,100,128,224,242,323,395,304,180,57,4,0,1738,1738,92,118,168,152,201,331,272,286,103,14,1
충청남도 금산군 추부면(4471039000),6894,6894,437,702,895,746,1110,1220,767,768,224,24,1,3544,3544,221,375,489,421,595,666,386,305,81,4,1,3350,3350,216,327,406,325,515,554,381,463,143,20,0
충청남도 연기군 (4473000000),82095,82095,7765,9497,10006,12532,12240,12263,8177,6803,2471,310,31,41755,41755,3853,4994,5421,6775,6733,6385,3929,2832,750,69,14,40340,40340,3912,4503,4585,5757,5507,5878,4248,3971,1721,241,17
충청남도 연기군 조치원읍(4473025000),43227,43227,5181,5689,5703,7817,6639,5634,3359,2320,768,102,15,21737,21737,2570,2949,2953,4066,3502,2852,1584,979,249,24,9,21490,21490,2611,2740,2750,3751,3137,2782,1775,1341,519,78,6
충청남도 연기군 동면(4473031000),3980,3980,253,305,450,503,522,686,489,513,238,17,4,2041,2041,121,175,246,323,303,364,251,186,69,2,1,1939,1939,132,130,204,180,219,322,238,327,169,15,3
충청남도 연기군 서면(4473032000),3688,3688,231,367,373,337,485,691,535,499,151,18,1,1897,1897,114,208,213,188,293,376,243,224,36,2,0,1791,1791,117,159,160,149,192,315,292,275,115,16,1
충청남도 연기군 서면봉암출장소(4473032500),4192,4192,395,440,486,633,573,666,459,387,128,24,1,2192,2192,207,244,298,359,324,332,224,161,37,6,0,2000,2000,188,196,188,274,249,334,235,226,91,18,1
충청남도 연기군 남면(4473033000),3498,3498,190,307,428,389,498,616,459,426,167,18,0,1790,1790,97,173,232,231,286,332,214,174,48,3,0,1708,1708,93,134,196,158,212,284,245,252,119,15,0
충청남도 연기군 금남면(4473034000),9490,9490,662,857,1087,1208,1360,1615,1220,1038,391,50,2,4819,4819,302,452,613,680,791,834,599,430,108,10,0,4671,4671,360,405,474,528,569,781,621,608,283,40,2
충청남도 연기군 전의면(4473035000),6875,6875,480,750,786,838,1046,1054,789,782,304,43,3,3528,3528,245,388,462,468,592,564,369,334,92,14,0,3347,3347,235,362,324,370,454,490,420,448,212,29,3
충청남도 연기군 전동면(4473036000),4107,4107,150,347,418,401,625,837,558,528,211,27,5,2209,2209,83,189,250,240,366,480,300,217,73,7,4,1898,1898,67,158,168,161,259,357,258,311,138,20,1
충청남도 연기군 소정면(4473037000),3038,3038,223,435,275,406,492,464,309,310,113,11,0,1542,1542,114,216,154,220,276,251,145,127,38,1,0,1496,1496,109,219,121,186,216,213,164,183,75,10,0
충청남도 부여군 (4476000000),74264,74264,4587,8309,7427,7245,9868,12700,10229,9886,3546,437,30,37076,37076,2377,4464,4260,4030,5246,6428,4866,4138,1178,83,6,37188,37188,2210,3845,3167,3215,4622,6272,5363,5748,2368,354,24
충청남도 부여군 부여읍(4476025000),24315,24315,1754,3732,2729,2735,3967,4072,2613,1957,657,88,11,12165,12165,910,2040,1502,1432,2005,2004,1251,813,192,13,3,12150,12150,844,1692,1227,1303,1962,2068,1362,1144,465,75,8
충청남도 부여군 규암면(4476031000),10695,10695,1093,1229,1077,1462,1504,1587,1182,1095,404,59,3,5396,5396,579,656,609,760,807,824,555,468,122,15,1,5299,5299,514,573,468,702,697,763,627,627,282,44,2
충청남도 부여군 은산면(4476032000),4424,4424,238,422,407,375,502,805,666,718,245,42,4,2193,2193,111,213,245,232,268,399,327,298,90,9,1,2231,2231,127,209,162,143,234,406,339,420,155,33,3
충청남도 부여군 외산면(4476033000),2825,2825,126,213,283,227,324,531,506,444,153,18,0,1388,1388,62,122,169,138,158,260,237,196,44,2,0,1437,1437,64,91,114,89,166,271,269,248,109,16,0
충청남도 부여군 내산면(4476034000),1855,1855,66,121,199,138,212,314,330,334,129,12,0,916,916,32,61,114,89,118,168,154,129,48,3,0,939,939,34,60,85,49,94,146,176,205,81,9,0
충청남도 부여군 구룡면(4476035000),2731,2731,143,182,273,217,287,462,495,501,155,15,1,1337,1337,72,100,149,136,158,222,239,210,48,2,1,1394,1394,71,82,124,81,129,240,256,291,107,13,0
충청남도 부여군 홍산면(4476036000),3457,3457,176,352,299,316,405,599,590,512,187,21,0,1698,1698,87,193,170,172,218,291,279,224,61,3,0,1759,1759,89,159,129,144,187,308,311,288,126,18,0
충청남도 부여군 옥산면(4476037000),1592,1592,64,96,105,119,151,252,279,361,151,13,1,761,761,28,53,64,72,90,127,123,140,62,2,0,831,831,36,43,41,47,61,125,156,221,89,11,1
충청남도 부여군 남면(4476038000),2183,2183,82,156,167,132,188,379,417,458,180,24,0,1043,1043,38,86,100,74,108,189,189,194,58,7,0,1140,1140,44,70,67,58,80,190,228,264,122,17,0
충청남도 부여군 충화면(4476039000),1355,1355,40,91,118,71,146,243,232,296,109,8,1,683,683,25,54,75,41,87,120,106,142,31,2,0,672,672,15,37,43,30,59,123,126,154,78,6,1
충청남도 부여군 양화면(4476040000),2065,2065,54,126,174,113,181,389,368,455,174,28,3,1014,1014,31,64,116,73,96,184,180,209,56,5,0,1051,1051,23,62,58,40,85,205,188,246,118,23,3
충청남도 부여군 임천면(4476041000),3372,3372,151,257,267,280,357,601,590,577,269,22,1,1640,1640,74,135,165,157,207,310,269,229,89,5,0,1732,1732,77,122,102,123,150,291,321,348,180,17,1
충청남도 부여군 장암면(4476042000),3220,3220,133,269,297,244,349,541,541,615,204,26,1,1635,1635,84,138,173,164,189,286,265,246,84,6,0,1585,1585,49,131,124,80,160,255,276,369,120,20,1
충청남도 부여군 세도면(4476043000),3968,3968,166,375,379,302,499,772,609,618,222,24,2,2024,2024,90,183,219,191,278,412,292,273,84,2,0,1944,1944,76,192,160,111,221,360,317,345,138,22,2
충청남도 부여군 석성면(4476044000),3549,3549,196,469,354,314,490,630,433,501,144,17,1,1840,1840,106,249,219,174,284,343,215,194,52,4,0,1709,1709,90,220,135,140,206,287,218,307,92,13,1
충청남도 부여군 초촌면(4476045000),2658,2658,105,219,299,200,306,523,378,444,163,20,1,1343,1343,48,117,171,125,175,289,185,173,57,3,0,1315,1315,57,102,128,75,131,234,193,271,106,17,1
충청남도 서천군 (4477000000),59678,59678,3628,6147,5717,5974,7928,9873,8738,8154,3173,330,16,29371,29371,1834,3252,3239,3292,4367,4869,4064,3391,1003,59,1,30307,30307,1794,2895,2478,2682,3561,5004,4674,4763,2170,271,15
충청남도 서천군 장항읍(4477025000),13429,13429,963,1668,1356,1664,2039,2210,1744,1298,445,36,6,6686,6686,488,859,746,883,1145,1084,802,544,132,3,0,6743,6743,475,809,610,781,894,1126,942,754,313,33,6
충청남도 서천군 서천읍(4477025300),14465,14465,1306,2142,1488,1794,2314,2119,1479,1263,507,51,2,7141,7141,663,1132,789,897,1215,1029,721,527,155,13,0,7324,7324,643,1010,699,897,1099,1090,758,736,352,38,2
충청남도 서천군 마서면(4477031000),6130,6130,307,440,596,578,724,1051,1038,956,396,43,1,3002,3002,151,221,346,351,412,538,465,391,122,5,0,3128,3128,156,219,250,227,312,513,573,565,274,38,1
충청남도 서천군 화양면(4477032000),2787,2787,79,172,221,209,263,461,503,631,219,28,1,1338,1338,48,88,128,130,139,231,231,262,75,6,0,1449,1449,31,84,93,79,124,230,272,369,144,22,1
충청남도 서천군 기산면(4477033000),1985,1985,66,150,153,121,199,325,345,434,177,15,0,951,951,25,76,93,75,117,159,158,188,59,1,0,1034,1034,41,74,60,46,82,166,187,246,118,14,0
충청남도 서천군 한산면(4477034000),3107,3107,121,262,263,220,322,509,569,617,203,19,2,1509,1509,68,151,152,117,176,236,271,262,73,3,0,1598,1598,53,111,111,103,146,273,298,355,130,16,2
충청남도 서천군 마산면(4477035000),1666,1666,69,102,148,98,166,294,298,337,140,14,0,790,790,29,55,99,56,89,137,142,129,50,4,0,876,876,40,47,49,42,77,157,156,208,90,10,0
충청남도 서천군 시초면(4477036000),1427,1427,42,83,109,77,140,205,253,364,140,14,0,695,695,22,45,72,51,81,109,114,148,48,5,0,732,732,20,38,37,26,59,96,139,216,92,9,0
충청남도 서천군 문산면(4477037000),1445,1445,49,73,98,112,138,250,290,286,133,16,0,697,697,27,41,47,72,75,122,142,123,43,5,0,748,748,22,32,51,40,63,128,148,163,90,11,0
충청남도 서천군 판교면(4477038000),2421,2421,96,153,203,151,234,442,426,499,196,19,2,1169,1169,49,86,120,89,125,223,199,218,56,4,0,1252,1252,47,67,83,62,109,219,227,281,140,15,2
충청남도 서천군 종천면(4477039000),2374,2374,104,166,212,197,263,435,412,386,179,20,0,1134,1134,46,97,117,120,160,205,189,145,50,5,0,1240,1240,58,69,95,77,103,230,223,241,129,15,0
충청남도 서천군 비인면(4477040000),3602,3602,151,308,352,290,431,655,629,517,243,25,1,1760,1760,77,173,205,169,238,321,297,206,72,2,0,1842,1842,74,135,147,121,193,334,332,311,171,23,1
충청남도 서천군 서면(4477041000),4840,4840,275,428,518,463,695,917,752,566,195,30,1,2499,2499,141,228,325,282,395,475,333,248,68,3,1,2341,2341,134,200,193,181,300,442,419,318,127,27,0
충청남도 청양군 (4479000000),32337,32337,1865,3166,3228,3010,4124,5312,4626,5169,1661,164,12,16262,16262,951,1683,1898,1763,2281,2740,2163,2174,568,37,4,16075,16075,914,1483,1330,1247,1843,2572,2463,2995,1093,127,8
충청남도 청양군 청양읍(4479025000),10254,10254,870,1363,1179,1305,1581,1579,1053,964,319,37,4,5192,5192,450,732,659,704,823,798,516,391,107,9,3,5062,5062,420,631,520,601,758,781,537,573,212,28,1
충청남도 청양군 운곡면(4479031000),2265,2265,94,167,214,160,262,351,358,500,142,17,0,1103,1103,54,88,126,99,150,187,153,202,40,4,0,1162,1162,40,79,88,61,112,164,205,298,102,13,0
충청남도 청양군 대치면(4479032000),2287,2287,83,184,209,177,288,404,347,434,149,11,1,1167,1167,36,98,125,112,180,213,172,177,52,1,1,1120,1120,47,86,84,65,108,191,175,257,97,10,0
충청남도 청양군 정산면(4479033000),3744,3744,206,432,401,364,470,612,518,521,197,20,3,1914,1914,102,237,247,202,249,321,250,229,71,6,0,1830,1830,104,195,154,162,221,291,268,292,126,14,3
충청남도 청양군 목면(4479034000),1634,1634,86,128,158,115,221,288,248,300,81,9,0,832,832,46,68,94,67,130,160,112,125,28,2,0,802,802,40,60,64,48,91,128,136,175,53,7,0
충청남도 청양군 청남면(4479035000),2058,2058,94,158,182,147,221,351,358,394,135,17,1,1004,1004,43,80,102,90,134,172,166,166,45,6,0,1054,1054,51,78,80,57,87,179,192,228,90,11,1
충청남도 청양군 장평면(4479036000),2553,2553,121,181,221,211,275,435,464,479,154,11,1,1287,1287,68,85,136,145,164,215,207,219,47,1,0,1266,1266,53,96,85,66,111,220,257,260,107,10,1
충청남도 청양군 남양면(4479037000),2858,2858,103,220,234,191,300,482,492,633,181,21,1,1409,1409,54,100,149,122,175,255,225,261,66,2,0,1449,1449,49,120,85,69,125,227,267,372,115,19,1
충청남도 청양군 화성면(4479038000),2378,2378,111,165,218,164,241,403,405,494,165,12,0,1197,1197,52,102,132,106,123,206,194,220,60,2,0,1181,1181,59,63,86,58,118,197,211,274,105,10,0
충청남도 청양군 비봉면(4479039000),2306,2306,97,168,212,176,265,407,383,450,138,9,1,1157,1157,46,93,128,116,153,213,168,184,52,4,0,1149,1149,51,75,84,60,112,194,215,266,86,5,1
충청남도 홍성군 (4480000000),88103,88103,7010,10492,9494,10600,13281,13594,10472,9673,3047,404,36,43798,43798,3561,5591,5157,5583,6997,6815,4907,4040,1035,105,7,44305,44305,3449,4901,4337,5017,6284,6779,5565,5633,2012,299,29
충청남도 홍성군 홍성읍(4480025000),43680,43680,4933,6693,4971,6827,7785,5772,3394,2399,783,112,11,21608,21608,2499,3572,2543,3325,3992,2854,1584,955,256,25,3,22072,22072,2434,3121,2428,3502,3793,2918,1810,1444,527,87,8
충청남도 홍성군 광천읍(4480025300),10916,10916,527,1093,1139,1035,1460,1950,1740,1402,494,66,10,5470,5470,273,580,683,598,755,983,814,587,176,20,1,5446,5446,254,513,456,437,705,967,926,815,318,46,9
충청남도 홍성군 홍북면(4480031000),4518,4518,261,420,470,417,596,829,649,658,194,22,2,2265,2265,141,218,253,241,339,414,315,274,62,8,0,2253,2253,120,202,217,176,257,415,334,384,132,14,2
충청남도 홍성군 금마면(4480032000),3862,3862,141,291,378,312,480,681,641,699,214,23,2,1945,1945,77,162,223,184,279,356,291,296,70,6,1,1917,1917,64,129,155,128,201,325,350,403,144,17,1
충청남도 홍성군 홍동면(4480033000),3807,3807,191,358,393,312,476,654,568,653,184,18,0,1949,1949,105,186,232,196,263,346,280,272,65,4,0,1858,1858,86,172,161,116,213,308,288,381,119,14,0
충청남도 홍성군 장곡면(4480034000),3507,3507,138,262,287,270,378,547,612,784,199,26,4,1722,1722,66,139,183,161,217,274,268,324,80,9,1,1785,1785,72,123,104,109,161,273,344,460,119,17,3
충청남도 홍성군 은하면(4480035000),2860,2860,99,212,289,190,304,505,471,553,206,30,1,1437,1437,51,123,165,120,172,253,236,242,67,8,0,1423,1423,48,89,124,70,132,252,235,311,139,22,1
충청남도 홍성군 결성면(4480036000),2538,2538,97,166,260,166,299,430,446,505,150,19,0,1260,1260,47,91,154,107,171,208,209,224,45,4,0,1278,1278,50,75,106,59,128,222,237,281,105,15,0
충청남도 홍성군 서부면(4480037000),3816,3816,169,315,390,287,457,688,662,617,203,27,1,1802,1802,65,150,215,180,229,338,297,260,61,7,0,2014,2014,104,165,175,107,228,350,365,357,142,20,1
충청남도 홍성군 갈산면(4480038000),4192,4192,168,292,446,332,482,764,679,758,232,35,4,2092,2092,97,155,250,206,258,385,309,329,96,6,1,2100,2100,71,137,196,126,224,379,370,429,136,29,3
충청남도 홍성군 구항면(4480039000),4407,4407,286,390,471,452,564,774,610,645,188,26,1,2248,2248,140,215,256,265,322,404,304,277,57,8,0,2159,2159,146,175,215,187,242,370,306,368,131,18,1
충청남도 예산군 (4481000000),86601,86601,5881,9564,9516,9764,12403,14518,11088,10236,3195,419,17,43452,43452,3035,4980,5403,5351,6628,7271,5228,4375,1086,95,0,43149,43149,2846,4584,4113,4413,5775,7247,5860,5861,2109,324,17
충청남도 예산군 예산읍(4481025000),37532,37532,3336,5326,4435,5220,6182,5925,3600,2562,827,112,7,18667,18667,1742,2708,2428,2651,3149,2926,1722,1057,261,23,0,18865,18865,1594,2618,2007,2569,3033,2999,1878,1505,566,89,7
충청남도 예산군 삽교읍(4481025300),8248,8248,411,829,848,714,1076,1435,1220,1312,350,49,4,4131,4131,203,447,484,416,594,722,565,579,115,6,0,4117,4117,208,382,364,298,482,713,655,733,235,43,4
충청남도 예산군 대술면(4481031000),2996,2996,111,217,306,273,336,563,494,507,162,27,0,1537,1537,53,111,175,183,205,290,233,226,54,7,0,1459,1459,58,106,131,90,131,273,261,281,108,20,0
충청남도 예산군 신양면(4481032000),3602,3602,168,258,407,302,377,643,595,631,193,27,1,1776,1776,88,139,234,173,210,321,261,279,66,5,0,1826,1826,80,119,173,129,167,322,334,352,127,22,1
충청남도 예산군 광시면(4481033000),3712,3712,152,300,296,322,437,564,600,785,227,29,0,1833,1833,76,146,182,196,267,285,263,331,82,5,0,1879,1879,76,154,114,126,170,279,337,454,145,24,0
충청남도 예산군 대흥면(4481034000),2060,2060,74,144,182,162,232,421,353,336,143,13,0,1035,1035,38,71,112,98,131,219,171,148,45,2,0,1025,1025,36,73,70,64,101,202,182,188,98,11,0
충청남도 예산군 응봉면(4481035000),2932,2932,189,242,307,271,392,509,412,456,133,21,0,1509,1509,90,142,184,166,214,268,198,198,42,7,0,1423,1423,99,100,123,105,178,241,214,258,91,14,0
충청남도 예산군 덕산면(4481036000),7288,7288,490,713,777,822,1092,1300,919,865,274,35,1,3586,3586,260,389,420,440,566,617,427,357,99,11,0,3702,3702,230,324,357,382,526,683,492,508,175,24,1
충청남도 예산군 봉산면(4481037000),2956,2956,196,227,300,274,348,477,430,473,208,22,1,1497,1497,81,122,184,166,197,252,209,203,75,8,0,1459,1459,115,105,116,108,151,225,221,270,133,14,1
충청남도 예산군 고덕면(4481038000),5466,5466,284,462,557,469,654,919,947,877,262,35,0,2785,2785,151,240,342,288,368,459,458,380,90,9,0,2681,2681,133,222,215,181,286,460,489,497,172,26,0
충청남도 예산군 신암면(4481039000),4286,4286,193,357,459,376,532,783,693,682,184,25,2,2210,2210,107,192,276,235,302,411,318,293,71,5,0,2076,2076,86,165,183,141,230,372,375,389,113,20,2
충청남도 예산군 오가면(4481040000),5523,5523,277,489,642,559,745,979,825,750,232,24,1,2886,2886,146,273,382,339,425,501,403,324,86,7,0,2637,2637,131,216,260,220,320,478,422,426,146,17,1
충청남도 태안군 (4482500000),63034,63034,4407,6244,6323,7335,9054,10891,9456,6905,2155,247,17,31697,31697,2286,3296,3624,4114,4916,5315,4553,2869,673,50,1,31337,31337,2121,2948,2699,3221,4138,5576,4903,4036,1482,197,16
충청남도 태안군 태안읍(4482525000),26872,26872,2524,3451,3089,3879,4355,4025,2925,1969,585,63,7,13516,13516,1318,1831,1700,2029,2249,1999,1410,791,178,10,1,13356,13356,1206,1620,1389,1850,2106,2026,1515,1178,407,53,6
충청남도 태안군 안면읍(4482525300),9708,9708,603,887,800,1022,1402,1855,1664,1040,393,37,5,4834,4834,314,469,462,561,781,861,814,443,118,11,0,4874,4874,289,418,338,461,621,994,850,597,275,26,5
충청남도 태안군 고남면(4482531000),2665,2665,134,210,178,206,364,507,509,437,100,20,0,1297,1297,59,115,115,115,206,244,236,169,35,3,0,1368,1368,75,95,63,91,158,263,273,268,65,17,0
충청남도 태안군 남면(4482532000),4512,4512,182,330,462,388,561,917,841,623,185,23,0,2262,2262,93,184,256,245,299,458,407,258,58,4,0,2250,2250,89,146,206,143,262,459,434,365,127,19,0
충청남도 태안군 근흥면(4482533000),5949,5949,294,395,590,537,769,1224,1090,781,244,25,0,3095,3095,160,207,366,352,445,613,524,338,84,6,0,2854,2854,134,188,224,185,324,611,566,443,160,19,0
충청남도 태안군 소원면(4482534000),5910,5910,235,453,536,496,717,1124,1121,929,267,29,3,2922,2922,119,224,325,310,411,520,534,392,83,4,0,2988,2988,116,229,211,186,306,604,587,537,184,25,3
충청남도 태안군 원북면(4482535000),4978,4978,345,367,467,615,571,792,829,703,257,31,1,2517,2517,177,194,264,381,326,397,396,295,80,7,0,2461,2461,168,173,203,234,245,395,433,408,177,24,1
충청남도 태안군 이원면(4482536000),2440,2440,90,151,201,192,315,447,477,423,124,19,1,1254,1254,46,72,136,121,199,223,232,183,37,5,0,1186,1186,44,79,65,71,116,224,245,240,87,14,1
충청남도 당진군 (4483000000),147676,147676,15105,17102,17538,23601,22832,20687,14384,11937,3906,548,36,76284,76284,7894,8888,9811,13066,12627,10586,6987,5011,1284,125,5,71392,71392,7211,8214,7727,10535,10205,10101,7397,6926,2622,423,31
충청남도 당진군 당진읍(4483025000),52001,52001,6973,7903,6207,9974,9142,5577,3171,2189,743,115,7,26340,26340,3657,4088,3274,4977,4826,2870,1516,885,221,26,0,25661,25661,3316,3815,2933,4997,4316,2707,1655,1304,522,89,7
충청남도 당진군 합덕읍(4483025300),10786,10786,630,1059,1247,1185,1500,1946,1511,1275,385,45,3,5583,5583,352,562,738,700,821,962,735,573,131,9,0,5203,5203,278,497,509,485,679,984,776,702,254,36,3
충청남도 당진군 송악읍(4483025600),22867,22867,2878,1908,3001,4700,3411,3129,1882,1453,436,65,4,12508,12508,1484,999,1765,2840,2030,1668,949,603,154,15,1,10359,10359,1394,909,1236,1860,1381,1461,933,850,282,50,3
충청남도 당진군 고대면(4483031000),6082,6082,319,486,631,601,818,1034,909,962,280,39,3,3109,3109,170,239,352,375,481,516,450,413,100,12,1,2973,2973,149,247,279,226,337,518,459,549,180,27,2
충청남도 당진군 석문면(4483032000),7965,7965,500,710,871,898,1216,1481,1028,918,298,42,3,4098,4098,245,380,509,550,675,758,488,392,90,10,1,3867,3867,255,330,362,348,541,723,540,526,208,32,2
충청남도 당진군 대호지면(4483033000),2890,2890,125,216,308,234,298,515,518,475,175,24,2,1445,1445,63,122,173,146,167,248,246,208,68,4,0,1445,1445,62,94,135,88,131,267,272,267,107,20,2
충청남도 당진군 정미면(4483034000),4016,4016,170,442,522,335,413,634,629,607,234,28,2,1955,1955,87,209,250,210,239,313,308,273,62,4,0,2061,2061,83,233,272,125,174,321,321,334,172,24,2
충청남도 당진군 면천면(4483035000),3891,3891,166,341,423,361,504,727,576,556,205,31,1,1967,1967,80,193,246,221,270,361,287,231,69,8,1,1924,1924,86,148,177,140,234,366,289,325,136,23,0
충청남도 당진군 순성면(4483036000),6118,6118,385,673,606,633,903,969,831,802,278,36,2,3089,3089,204,339,336,367,510,491,417,323,95,7,0,3029,3029,181,334,270,266,393,478,414,479,183,29,2
충청남도 당진군 우강면(4483037000),6369,6369,389,682,708,690,886,1089,871,796,224,34,0,3215,3215,214,346,413,398,472,546,415,320,83,8,0,3154,3154,175,336,295,292,414,543,456,476,141,26,0
충청남도 당진군 신평면(4483038000),15348,15348,1628,1848,1819,2400,2382,2216,1477,1138,386,47,7,7870,7870,854,998,984,1322,1276,1139,696,472,118,10,1,7478,7478,774,850,835,1078,1106,1077,781,666,268,37,6
충청남도 당진군 송산면(4483040000),9343,9343,942,834,1195,1590,1359,1370,981,766,262,42,2,5105,5105,484,413,771,960,860,714,480,318,93,12,0,4238,4238,458,421,424,630,499,656,501,448,169,30,2
전라북도  (4500000000),1871388,1871388,169280,255978,227118,263796,296770,268209,189810,143664,49970,6331,462,932792,932792,87632,133279,121349,137189,154882,134986,89240,57395,15503,1260,77,938596,938596,81648,122699,105769,126607,141888,133223,100570,86269,34467,5071,385
전라북도 전주시 (4511000000),644851,644851,64254,102861,87250,100644,110692,86976,50713,30078,9974,1315,94,318452,318452,33430,53346,44992,49714,54683,42569,24188,12329,2955,232,14,326399,326399,30824,49515,42258,50930,56009,44407,26525,17749,7019,1083,80
전라북도 전주시 완산구 (4511100000),361038,361038,34845,59302,48551,54397,63054,49658,28056,16673,5710,752,40,176928,176928,18079,30702,25163,26397,30653,24124,13380,6645,1642,136,7,184110,184110,16766,28600,23388,28000,32401,25534,14676,10028,4068,616,33
전라북도 전주시 완산구 중앙동(4511151000),10984,10984,566,1199,1414,1394,1680,1978,1507,910,285,46,5,5548,5548,284,622,751,784,885,957,739,415,101,10,0,5436,5436,282,577,663,610,795,1021,768,495,184,36,5
전라북도 전주시 완산구 풍남동(4511153000),7518,7518,365,700,909,1010,1071,1364,1164,666,237,26,6,3858,3858,191,341,484,609,608,667,555,314,80,9,0,3660,3660,174,359,425,401,463,697,609,352,157,17,6
전라북도 전주시 완산구 노송동(4511160500),15644,15644,817,1638,2109,2142,2298,2715,2111,1356,396,56,6,7834,7834,424,863,1142,1195,1172,1304,988,611,126,8,1,7810,7810,393,775,967,947,1126,1411,1123,745,270,48,5
전라북도 전주시 완산구 완산동(4511163500),7090,7090,374,826,935,955,1048,1142,996,601,190,22,1,3633,3633,211,428,535,560,589,550,453,247,57,2,1,3457,3457,163,398,400,395,459,592,543,354,133,20,0
전라북도 전주시 완산구 동서학동(4511165000),8637,8637,589,1001,1155,1161,1282,1483,1069,691,178,27,1,4423,4423,311,505,656,641,693,722,527,294,67,7,0,4214,4214,278,496,499,520,589,761,542,397,111,20,1
전라북도 전주시 완산구 서서학동(4511166000),11960,11960,924,1460,1680,1844,1817,1896,1349,765,198,26,1,5885,5885,475,717,899,1002,914,871,625,313,64,4,1,6075,6075,449,743,781,842,903,1025,724,452,134,22,0
전라북도 전주시 완산구 중화산1동(4511167100),15523,15523,1179,2385,2549,1982,2496,2560,1321,743,276,31,1,7630,7630,612,1270,1335,970,1138,1233,662,314,89,6,1,7893,7893,567,1115,1214,1012,1358,1327,659,429,187,25,0
전라북도 전주시 완산구 중화산2동(4511167200),20465,20465,2149,3936,2696,3106,4105,2479,1045,699,224,26,0,10155,10155,1128,2068,1384,1415,2030,1290,502,272,62,4,0,10310,10310,1021,1868,1312,1691,2075,1189,543,427,162,22,0
전라북도 전주시 완산구 서신동(4511168000),47740,47740,5602,8884,6242,7955,9094,5328,2488,1575,501,69,2,23287,23287,2892,4586,3080,3694,4392,2671,1191,610,160,11,0,24453,24453,2710,4298,3162,4261,4702,2657,1297,965,341,58,2
전라북도 전주시 완산구 평화1동(4511169100),14731,14731,1214,1753,2026,2323,2190,2298,1548,977,363,39,0,7051,7051,647,917,1072,1231,1013,1081,671,338,79,2,0,7680,7680,567,836,954,1092,1177,1217,877,639,284,37,0
전라북도 전주시 완산구 평화2동(4511169200),45051,45051,5170,7631,5525,7030,7863,6121,3102,1854,665,87,3,21697,21697,2631,3915,2835,3182,3827,2960,1465,676,192,14,0,23354,23354,2539,3716,2690,3848,4036,3161,1637,1178,473,73,3
전라북도 전주시 완산구 삼천1동(4511170100),14732,14732,1149,2631,2206,1917,2639,2197,1124,619,221,27,2,7105,7105,586,1366,1140,934,1217,1030,540,235,50,6,1,7627,7627,563,1265,1066,983,1422,1167,584,384,171,21,1
전라북도 전주시 완산구 삼천2동(4511170200),19184,19184,1578,3502,2966,2422,3411,2988,1359,639,274,45,0,9278,9278,798,1794,1543,1136,1522,1455,701,244,74,11,0,9906,9906,780,1708,1423,1286,1889,1533,658,395,200,34,0
전라북도 전주시 완산구 삼천3동(4511170300),24704,24704,2495,5020,2818,3424,4971,3008,1402,1069,427,67,3,12076,12076,1321,2617,1474,1527,2426,1549,652,379,120,11,0,12628,12628,1174,2403,1344,1897,2545,1459,750,690,307,56,3
전라북도 전주시 완산구 효자1동(4511171100),14969,14969,1350,2012,2209,2321,2111,2272,1571,832,258,32,1,7252,7252,728,1051,1101,1164,1012,1022,745,360,62,6,1,7717,7717,622,961,1108,1157,1099,1250,826,472,196,26,0
전라북도 전주시 완산구 효자2동(4511171200),13535,13535,1054,2044,2129,1821,2105,2198,1368,569,217,28,2,6612,6612,563,1052,1107,930,968,989,696,246,56,5,0,6923,6923,491,992,1022,891,1137,1209,672,323,161,23,2
전라북도 전주시 완산구 효자3동(4511171300),18058,18058,1605,3201,2610,2393,3087,2760,1312,736,311,40,3,8720,8720,815,1667,1382,1123,1355,1341,649,290,92,6,0,9338,9338,790,1534,1228,1270,1732,1419,663,446,219,34,3
전라북도 전주시 완산구 효자4동(4511171400),50513,50513,6665,9479,6373,9197,9786,4871,2220,1372,489,58,3,24884,24884,3462,4923,3243,4300,4892,2432,1019,487,111,14,1,25629,25629,3203,4556,3130,4897,4894,2439,1201,885,378,44,2
전라북도 전주시 덕진구 (4511300000),283813,283813,29409,43559,38699,46247,47638,37318,22657,13405,4264,563,54,141524,141524,15351,22644,19829,23317,24030,18445,10808,5684,1313,96,7,142289,142289,14058,20915,18870,22930,23608,18873,11849,7721,2951,467,47
전라북도 전주시 덕진구 진북동(4511352500),18089,18089,1219,2360,2414,2359,2680,2875,2214,1484,421,56,7,9067,9067,676,1240,1284,1294,1337,1390,996,677,159,12,2,9022,9022,543,1120,1130,1065,1343,1485,1218,807,262,44,5
전라북도 전주시 덕진구 인후1동(4511354000),21110,21110,2529,3326,2623,3548,3389,2648,1797,892,300,55,3,10274,10274,1334,1711,1299,1694,1642,1223,880,388,96,7,0,10836,10836,1195,1615,1324,1854,1747,1425,917,504,204,48,3
전라북도 전주시 덕진구 인후2동(4511355000),13166,13166,785,1516,1941,1850,1992,2223,1669,893,252,41,4,6649,6649,381,825,1040,1019,1034,1021,797,438,86,8,0,6517,6517,404,691,901,831,958,1202,872,455,166,33,4
전라북도 전주시 덕진구 인후3동(4511356000),37028,37028,5034,6395,4627,7230,6531,3520,2018,1222,396,50,5,18011,18011,2632,3254,2207,3390,3280,1702,923,495,122,5,1,19017,19017,2402,3141,2420,3840,3251,1818,1095,727,274,45,4
전라북도 전주시 덕진구 덕진동(4511357000),16071,16071,1440,1644,2648,2769,2240,2405,1704,864,305,38,14,8180,8180,753,883,1402,1542,1152,1161,806,387,83,9,2,7891,7891,687,761,1246,1227,1088,1244,898,477,222,29,12
전라북도 전주시 덕진구 금암1동(4511358000),7780,7780,404,735,1536,1237,1051,1216,907,547,128,19,0,4107,4107,202,388,871,742,582,576,428,268,47,3,0,3673,3673,202,347,665,495,469,640,479,279,81,16,0
전라북도 전주시 덕진구 금암2동(4511359000),12169,12169,784,1353,2012,1802,1742,1904,1547,772,225,22,6,6111,6111,420,712,1063,999,865,859,754,362,74,2,1,6058,6058,364,641,949,803,877,1045,793,410,151,20,5
전라북도 전주시 덕진구 팔복동(4511360000),11093,11093,818,1319,1529,1775,1787,1796,1216,661,163,27,2,5995,5995,420,722,844,1079,1004,956,619,298,51,2,0,5098,5098,398,597,685,696,783,840,597,363,112,25,2
전라북도 전주시 덕진구 우아1동(4511361100),13130,13130,1073,1853,2051,2059,2156,1980,1137,603,187,31,0,6565,6565,546,963,1053,1096,1074,955,564,257,54,3,0,6565,6565,527,890,998,963,1082,1025,573,346,133,28,0
전라북도 전주시 덕진구 우아2동(4511361200),15139,15139,1502,2070,2306,2775,2563,1912,1088,671,221,31,0,7600,7600,783,1058,1145,1460,1333,970,496,279,70,6,0,7539,7539,719,1012,1161,1315,1230,942,592,392,151,25,0
전라북도 전주시 덕진구 호성동(4511362000),24678,24678,2925,4229,3154,3714,4265,3413,1523,1019,384,49,3,12069,12069,1492,2188,1649,1727,2059,1707,731,393,110,12,1,12609,12609,1433,2041,1505,1987,2206,1706,792,626,274,37,2
전라북도 전주시 덕진구 송천1동(4511364100),37199,37199,5054,7273,4389,6497,7116,3757,1634,1048,389,41,1,18329,18329,2683,3791,2125,2952,3577,1950,766,374,106,5,0,18870,18870,2371,3482,2264,3545,3539,1807,868,674,283,36,1
전라북도 전주시 덕진구 송천2동(4511364200),28384,28384,3022,5236,3713,4168,5206,3677,1846,1089,381,46,0,13985,13985,1571,2676,1894,1994,2540,1891,899,406,105,9,0,14399,14399,1451,2560,1819,2174,2666,1786,947,683,276,37,0
전라북도 전주시 덕진구 조촌동(4511365000),11027,11027,961,1595,1378,1656,1923,1533,966,753,234,23,5,5632,5632,504,849,730,872,1029,827,467,280,68,6,0,5395,5395,457,746,648,784,894,706,499,473,166,17,5
전라북도 전주시 덕진구 동산동(4511366000),17750,17750,1859,2655,2378,2808,2997,2459,1391,887,278,34,4,8950,8950,954,1384,1223,1457,1522,1257,682,382,82,7,0,8800,8800,905,1271,1155,1351,1475,1202,709,505,196,27,4
전라북도 군산시 (4513000000),274475,274475,27054,36623,33777,43610,44436,40111,26331,16110,5615,751,57,139524,139524,13936,19077,18560,23116,23506,20235,12739,6572,1608,162,13,134951,134951,13118,17546,15217,20494,20930,19876,13592,9538,4007,589,44
전라북도 군산시 옥구읍(4513025000),3867,3867,152,347,390,366,538,692,633,535,190,21,3,2005,2005,80,195,230,236,322,355,315,211,57,3,1,1862,1862,72,152,160,130,216,337,318,324,133,18,2
전라북도 군산시 옥산면(4513031000),2994,2994,161,299,292,347,464,485,422,349,149,26,0,1536,1536,79,169,160,213,263,261,199,143,43,6,0,1458,1458,82,130,132,134,201,224,223,206,106,20,0
전라북도 군산시 회현면(4513032000),3730,3730,186,391,373,389,541,616,526,491,192,25,0,1974,1974,94,227,218,249,326,338,230,219,67,6,0,1756,1756,92,164,155,140,215,278,296,272,125,19,0
전라북도 군산시 임피면(4513033000),3369,3369,138,330,380,324,443,609,484,446,185,28,2,1684,1684,74,179,210,200,238,330,228,172,49,4,0,1685,1685,64,151,170,124,205,279,256,274,136,24,2
전라북도 군산시 서수면(4513034000),3113,3113,106,227,308,278,384,547,476,485,262,36,4,1525,1525,49,122,176,188,222,289,225,185,65,4,0,1588,1588,57,105,132,90,162,258,251,300,197,32,4
전라북도 군산시 대야면(4513035000),6390,6390,299,555,687,670,834,1130,1036,823,319,34,3,3244,3244,160,293,402,418,484,565,498,326,90,7,1,3146,3146,139,262,285,252,350,565,538,497,229,27,2
전라북도 군산시 개정면(4513036000),3913,3913,186,414,466,418,572,692,567,411,174,12,1,2024,2024,109,231,268,262,309,349,277,165,51,3,0,1889,1889,77,183,198,156,263,343,290,246,123,9,1
전라북도 군산시 성산면(4513037000),3491,3491,158,402,361,328,543,617,520,383,163,16,0,1830,1830,68,234,209,197,297,330,267,165,59,4,0,1661,1661,90,168,152,131,246,287,253,218,104,12,0
전라북도 군산시 나포면(4513038000),2777,2777,123,237,279,265,396,466,461,384,142,24,0,1433,1433,65,142,165,164,231,252,221,148,43,2,0,1344,1344,58,95,114,101,165,214,240,236,99,22,0
전라북도 군산시 옥도면(4513039000),4520,4520,305,452,545,626,764,849,534,325,104,15,1,2470,2470,145,247,297,393,454,486,286,134,24,3,1,2050,2050,160,205,248,233,310,363,248,191,80,12,0
전라북도 군산시 옥서면(4513040000),4959,4959,299,441,552,735,688,789,758,498,169,26,4,2563,2563,162,242,314,418,409,395,364,201,52,5,1,2396,2396,137,199,238,317,279,394,394,297,117,21,3
전라북도 군산시 해신동(4513051500),3634,3634,217,358,395,483,523,609,604,329,97,17,2,1881,1881,116,192,234,285,313,300,291,120,24,6,0,1753,1753,101,166,161,198,210,309,313,209,73,11,2
전라북도 군산시 월명동(4513053000),8785,8785,646,919,1023,1223,1319,1588,1165,665,200,32,5,4484,4484,347,471,568,678,720,781,547,294,69,7,2,4301,4301,299,448,455,545,599,807,618,371,131,25,3
전라북도 군산시 신풍동(4513055000),8996,8996,603,1182,1041,1217,1332,1557,1228,630,182,23,1,4516,4516,318,636,549,650,701,719,598,281,62,2,0,4480,4480,285,546,492,567,631,838,630,349,120,21,1
전라북도 군산시 삼학동(4513056000),7850,7850,415,868,957,899,1131,1356,1245,727,212,37,3,3922,3922,205,462,547,507,565,662,581,317,67,9,0,3928,3928,210,406,410,392,566,694,664,410,145,28,3
전라북도 군산시 중앙동(4513060500),4344,4344,155,343,484,524,660,874,764,392,127,21,0,2284,2284,87,163,285,336,361,438,397,173,40,4,0,2060,2060,68,180,199,188,299,436,367,219,87,17,0
전라북도 군산시 흥남동(4513064000),10228,10228,742,1127,1245,1389,1562,1757,1440,732,209,23,2,5174,5174,382,597,667,733,860,837,687,337,68,5,1,5054,5054,360,530,578,656,702,920,753,395,141,18,1
전라북도 군산시 조촌동(4513065000),13426,13426,1178,1677,1692,1986,2154,2238,1513,722,226,37,3,6905,6905,584,894,937,1101,1113,1106,798,302,63,7,0,6521,6521,594,783,755,885,1041,1132,715,420,163,30,3
전라북도 군산시 경암동(4513066000),8495,8495,521,940,1091,1295,1255,1536,1136,538,157,23,3,4389,4389,268,491,640,754,659,723,568,227,49,9,1,4106,4106,253,449,451,541,596,813,568,311,108,14,2
전라북도 군산시 구암동(4513067000),7067,7067,640,928,903,1031,1092,1217,741,363,132,20,0,3591,3591,322,490,487,533,548,637,367,174,30,3,0,3476,3476,318,438,416,498,544,580,374,189,102,17,0
전라북도 군산시 개정동(4513068000),3658,3658,317,427,431,508,534,607,415,303,90,24,2,1874,1874,169,232,244,278,276,292,207,144,26,5,1,1784,1784,148,195,187,230,258,315,208,159,64,19,1
전라북도 군산시 수송동(4513069000),40226,40226,6042,6468,4819,7750,6997,4366,2145,1202,391,46,0,20147,20147,3144,3312,2536,3707,3602,2220,1032,473,109,12,0,20079,20079,2898,3156,2283,4043,3395,2146,1113,729,282,34,0
전라북도 군산시 나운1동(4513070100),16956,16956,1391,2488,2716,2371,2895,2741,1369,708,252,25,0,8466,8466,723,1259,1520,1247,1366,1335,674,276,62,4,0,8490,8490,668,1229,1196,1124,1529,1406,695,432,190,21,0
전라북도 군산시 나운2동(4513070200),27907,27907,3265,4679,3285,4413,4926,3760,1847,1222,461,47,2,13661,13661,1634,2413,1717,2110,2476,1900,866,417,117,11,0,14246,14246,1631,2266,1568,2303,2450,1860,981,805,344,36,2
전라북도 군산시 나운3동(4513070300),38005,38005,5508,6039,4640,7812,6542,3948,1972,1127,367,41,9,19130,19130,2876,3077,2417,3862,3416,2001,911,458,101,10,1,18875,18875,2632,2962,2223,3950,3126,1947,1061,669,266,31,8
전라북도 군산시 소룡동(4513071000),19257,19257,2318,2481,2741,3947,3122,2508,1227,618,244,47,4,10267,10267,1178,1252,1590,2243,1731,1337,605,255,60,13,3,8990,8990,1140,1229,1151,1704,1391,1171,622,363,184,34,1
전라북도 군산시 미성동(4513072000),12518,12518,983,1604,1681,2016,2225,1957,1103,702,219,25,3,6545,6545,498,855,973,1154,1244,997,500,255,61,8,0,5973,5973,485,749,708,862,981,960,603,447,158,17,3
전라북도 익산시 (4514000000),308981,308981,28411,44885,40020,44348,51248,44810,27842,19569,6993,794,61,154579,154579,14537,23394,21544,22936,26303,22585,13281,7741,2109,141,8,154402,154402,13874,21491,18476,21412,24945,22225,14561,11828,4884,653,53
전라북도 익산시 함열읍(4514025000),8478,8478,654,1042,1090,991,1266,1477,923,742,269,21,3,4239,4239,314,549,583,567,658,767,428,286,81,6,0,4239,4239,340,493,507,424,608,710,495,456,188,15,3
전라북도 익산시 오산면(4514031000),8822,8822,749,947,1300,1331,1253,1321,886,754,251,29,1,4502,4502,404,483,698,782,668,648,433,301,76,9,0,4320,4320,345,464,602,549,585,673,453,453,175,20,1
전라북도 익산시 황등면(4514032000),9076,9076,613,1064,1088,995,1407,1493,1068,940,361,41,6,4592,4592,292,548,622,560,801,774,499,384,101,10,1,4484,4484,321,516,466,435,606,719,569,556,260,31,5
전라북도 익산시 함라면(4514033000),2662,2662,141,242,253,253,339,418,430,405,149,31,1,1334,1334,67,133,135,149,202,225,193,175,53,2,0,1328,1328,74,109,118,104,137,193,237,230,96,29,1
전라북도 익산시 웅포면(4514034000),1926,1926,50,166,185,128,262,344,301,337,134,16,3,980,980,25,87,110,80,165,179,146,135,50,3,0,946,946,25,79,75,48,97,165,155,202,84,13,3
전라북도 익산시 성당면(4514035000),2441,2441,102,232,240,213,323,443,360,359,151,16,2,1250,1250,52,122,141,143,187,240,160,150,53,1,1,1191,1191,50,110,99,70,136,203,200,209,98,15,1
전라북도 익산시 용안면(4514036000),3271,3271,152,291,346,273,377,607,561,464,187,13,0,1683,1683,83,162,202,175,223,317,261,188,68,4,0,1588,1588,69,129,144,98,154,290,300,276,119,9,0
전라북도 익산시 낭산면(4514037000),3714,3714,153,344,378,385,469,635,619,548,163,19,1,1918,1918,81,181,214,241,276,351,288,233,49,4,0,1796,1796,72,163,164,144,193,284,331,315,114,15,1
전라북도 익산시 망성면(4514038000),3760,3760,173,265,420,283,441,693,640,620,201,23,1,1883,1883,87,150,257,159,243,355,307,254,65,6,0,1877,1877,86,115,163,124,198,338,333,366,136,17,1
전라북도 익산시 여산면(4514039000),3922,3922,230,364,423,425,534,632,593,518,181,21,1,2028,2028,131,198,251,259,319,308,300,199,58,5,0,1894,1894,99,166,172,166,215,324,293,319,123,16,1
전라북도 익산시 금마면(4514040000),5124,5124,254,551,650,545,744,977,709,499,162,32,1,2691,2691,122,308,382,328,408,518,346,212,60,7,0,2433,2433,132,243,268,217,336,459,363,287,102,25,1
전라북도 익산시 왕궁면(4514041000),6176,6176,269,550,622,555,800,1078,962,917,374,46,3,3167,3167,133,286,361,363,457,573,462,388,134,10,0,3009,3009,136,264,261,192,343,505,500,529,240,36,3
전라북도 익산시 춘포면(4514042000),5689,5689,389,580,641,687,853,899,699,661,255,25,0,2932,2932,197,306,353,403,523,458,350,249,85,8,0,2757,2757,192,274,288,284,330,441,349,412,170,17,0
전라북도 익산시 삼기면(4514043000),3144,3144,137,339,365,304,452,511,465,393,159,15,4,1617,1617,71,177,210,199,255,270,214,167,48,4,2,1527,1527,66,162,155,105,197,241,251,226,111,11,2
전라북도 익산시 용동면(4514044000),1979,1979,107,161,176,155,228,348,366,309,121,8,0,997,997,58,85,98,93,144,180,166,142,31,0,0,982,982,49,76,78,62,84,168,200,167,90,8,0
전라북도 익산시 중앙동(4514052000),4830,4830,210,474,560,666,659,931,744,412,153,20,1,2447,2447,106,231,317,380,344,475,346,196,50,2,0,2383,2383,104,243,243,286,315,456,398,216,103,18,1
전라북도 익산시 평화동(4514053000),5792,5792,497,678,708,935,931,953,597,363,117,11,2,2933,2933,246,352,363,499,506,469,311,145,41,0,1,2859,2859,251,326,345,436,425,484,286,218,76,11,1
전라북도 익산시 인화동(4514056000),8263,8263,469,887,1130,1070,1229,1526,1084,661,175,30,2,4242,4242,245,451,627,631,651,735,541,293,63,5,0,4021,4021,224,436,503,439,578,791,543,368,112,25,2
전라북도 익산시 동산동(4514057000),25796,25796,2699,3676,3458,4077,4239,3825,2057,1280,439,43,3,12920,12920,1438,1922,1851,2103,2158,1880,978,458,123,9,0,12876,12876,1261,1754,1607,1974,2081,1945,1079,822,316,34,3
전라북도 익산시 마동(4514058000),12431,12431,880,1870,1777,1666,2131,2093,1127,663,202,21,1,6205,6205,447,955,961,890,1033,1047,549,265,58,0,0,6226,6226,433,915,816,776,1098,1046,578,398,144,21,1
전라북도 익산시 남중동(4514059500),14662,14662,814,1776,1940,1869,2103,2560,2117,1112,337,31,3,7465,7465,403,978,1063,1030,1075,1224,1034,536,116,6,0,7197,7197,411,798,877,839,1028,1336,1083,576,221,25,3
전라북도 익산시 모현동(4514061000),28543,28543,2556,4499,3980,3807,4866,4466,2341,1464,492,69,3,14009,14009,1304,2314,2083,1958,2292,2211,1136,553,151,7,0,14534,14534,1252,2185,1897,1849,2574,2255,1205,911,341,62,3
전라북도 익산시 송학동(4514062000),9057,9057,1069,1321,1105,1453,1454,1222,783,480,157,12,1,4534,4534,554,691,574,761,765,596,336,206,44,6,1,4523,4523,515,630,531,692,689,626,447,274,113,6,0
전라북도 익산시 영등1동(4514064600),28641,28641,2492,5390,4208,3611,5565,4320,1679,957,387,26,6,14271,14271,1285,2887,2223,1736,2628,2211,869,329,96,7,0,14370,14370,1207,2503,1985,1875,2937,2109,810,628,291,19,6
전라북도 익산시 영등2동(4514064700),17321,17321,2818,3398,1714,3493,3403,1322,646,385,127,14,1,8472,8472,1480,1734,823,1540,1790,677,250,134,42,1,1,8849,8849,1338,1664,891,1953,1613,645,396,251,85,13,0
전라북도 익산시 어양동(4514065200),25240,25240,3714,4209,3109,5189,4751,2423,1017,610,190,26,2,12413,12413,1891,2181,1560,2464,2436,1200,431,195,52,3,0,12827,12827,1823,2028,1549,2725,2315,1223,586,415,138,23,2
전라북도 익산시 신동(4514065600),16406,16406,876,2069,3217,2014,2338,2546,1751,1074,432,83,6,8286,8286,427,1096,1919,1148,1135,1190,869,393,99,10,0,8120,8120,449,973,1298,866,1203,1356,882,681,333,73,6
전라북도 익산시 팔봉동(4514067000),7421,7421,822,970,944,1308,1157,937,593,465,203,20,2,3752,3752,412,501,505,677,621,489,300,194,51,1,1,3669,3669,410,469,439,631,536,448,293,271,152,19,1
전라북도 익산시 삼성동(4514069000),34394,34394,4322,6530,3993,5667,6674,3810,1724,1177,464,32,1,16817,16817,2182,3326,2058,2618,3340,2018,778,381,111,5,0,17577,17577,2140,3204,1935,3049,3334,1792,946,796,353,27,1
전라북도 정읍시 (4518000000),120912,120912,9728,15389,12684,15092,17984,17269,14659,13025,4437,584,61,59863,59863,5066,7885,7026,7990,9749,8777,6730,5113,1410,107,10,61049,61049,4662,7504,5658,7102,8235,8492,7929,7912,3027,477,51
전라북도 정읍시 신태인읍(4518025000),6902,6902,402,711,678,753,921,1060,1052,960,324,37,4,3386,3386,207,373,387,440,510,531,458,365,106,9,0,3516,3516,195,338,291,313,411,529,594,595,218,28,4
전라북도 정읍시 북면(4518031000),5303,5303,374,678,569,603,807,782,625,639,194,30,2,2634,2634,187,329,315,339,457,395,299,252,59,2,0,2669,2669,187,349,254,264,350,387,326,387,135,28,2
전라북도 정읍시 입암면(4518032000),3623,3623,208,360,336,290,511,545,518,612,219,24,0,1809,1809,106,189,194,172,309,285,234,244,72,4,0,1814,1814,102,171,142,118,202,260,284,368,147,20,0
전라북도 정읍시 소성면(4518033000),2602,2602,105,201,236,212,324,374,478,504,142,24,2,1295,1295,56,97,138,138,208,188,233,193,42,1,1,1307,1307,49,104,98,74,116,186,245,311,100,23,1
전라북도 정읍시 고부면(4518034000),3547,3547,137,275,381,327,455,554,591,608,185,33,1,1755,1755,64,141,236,202,274,285,267,225,52,9,0,1792,1792,73,134,145,125,181,269,324,383,133,24,1
전라북도 정읍시 영원면(4518035000),2234,2234,78,165,196,166,258,348,418,433,152,20,0,1105,1105,43,92,114,112,152,178,198,164,48,4,0,1129,1129,35,73,82,54,106,170,220,269,104,16,0
전라북도 정읍시 덕천면(4518036000),2272,2272,113,227,222,210,313,342,320,362,133,27,3,1132,1132,68,122,113,134,179,188,148,128,46,6,0,1140,1140,45,105,109,76,134,154,172,234,87,21,3
전라북도 정읍시 이평면(4518037000),2783,2783,106,233,216,223,329,431,454,552,215,23,1,1401,1401,62,127,129,150,195,244,207,204,77,5,1,1382,1382,44,106,87,73,134,187,247,348,138,18,0
전라북도 정읍시 정우면(4518038000),3184,3184,157,244,316,252,403,523,526,542,198,22,1,1566,1566,77,128,161,163,245,279,225,217,71,0,0,1618,1618,80,116,155,89,158,244,301,325,127,22,1
전라북도 정읍시 태인면(4518039000),4454,4454,209,402,427,446,580,709,663,755,232,29,2,2216,2216,106,213,247,272,327,363,297,303,82,6,0,2238,2238,103,189,180,174,253,346,366,452,150,23,2
전라북도 정읍시 감곡면(4518040000),3414,3414,103,242,350,260,371,582,635,630,217,23,1,1688,1688,48,116,186,176,227,285,315,251,79,5,0,1726,1726,55,126,164,84,144,297,320,379,138,18,1
전라북도 정읍시 옹동면(4518041000),2079,2079,88,145,205,173,240,315,370,364,163,15,1,1045,1045,44,75,124,114,143,161,170,160,52,2,0,1034,1034,44,70,81,59,97,154,200,204,111,13,1
전라북도 정읍시 칠보면(4518042000),2853,2853,197,293,208,277,374,411,446,483,141,21,2,1433,1433,114,152,115,154,226,219,204,197,49,3,0,1420,1420,83,141,93,123,148,192,242,286,92,18,2
전라북도 정읍시 산내면(4518043000),1522,1522,66,114,129,112,197,242,259,277,110,15,1,752,752,37,73,68,71,118,133,115,104,32,1,0,770,770,29,41,61,41,79,109,144,173,78,14,1
전라북도 정읍시 산외면(4518044000),2613,2613,138,184,228,217,348,398,459,462,164,14,1,1301,1301,62,98,112,140,221,209,212,184,58,5,0,1312,1312,76,86,116,77,127,189,247,278,106,9,1
전라북도 정읍시 수성동(4518051000),17851,17851,2435,2698,1923,3284,2902,2065,1323,848,312,55,6,8831,8831,1267,1386,1045,1576,1518,1042,594,301,86,14,2,9020,9020,1168,1312,878,1708,1384,1023,729,547,226,41,4
전라북도 정읍시 장명동(4518052000),3979,3979,398,630,394,633,655,480,363,312,97,16,1,1929,1929,206,303,191,311,353,256,146,131,30,2,0,2050,2050,192,327,203,322,302,224,217,181,67,14,1
전라북도 정읍시 내장상동(4518053500),21100,21100,2326,3576,2373,2984,3550,2742,1797,1259,422,63,8,10245,10245,1195,1766,1284,1382,1798,1355,848,483,119,13,2,10855,10855,1131,1810,1089,1602,1752,1387,949,776,303,50,6
전라북도 정읍시 시기동(4518054500),4601,4601,282,609,540,531,691,758,608,404,156,13,9,2263,2263,161,309,300,297,351,349,276,165,53,1,1,2338,2338,121,300,240,234,340,409,332,239,103,12,8
전라북도 정읍시 초산동(4518056500),8811,8811,848,1448,1043,1270,1485,1182,813,533,155,30,4,4359,4359,449,785,588,605,721,588,363,215,39,4,2,4452,4452,399,663,455,665,764,594,450,318,116,26,2
전라북도 정읍시 연지동(4518057000),5665,5665,345,720,711,755,865,926,773,414,138,15,3,2869,2869,186,363,390,421,460,459,371,186,29,3,1,2796,2796,159,357,321,334,405,467,402,228,109,12,2
전라북도 정읍시 농소동(4518058000),5138,5138,375,737,585,633,796,812,544,476,159,17,4,2585,2585,199,380,345,334,415,413,256,179,60,4,0,2553,2553,176,357,240,299,381,399,288,297,99,13,4
전라북도 정읍시 상교동(4518059500),4382,4382,238,497,418,481,609,688,624,596,209,18,4,2264,2264,122,268,244,287,342,372,294,262,69,4,0,2118,2118,116,229,174,194,267,316,330,334,140,14,4
전라북도 남원시 (4519000000),87741,87741,7425,11120,9090,10474,13049,12777,10522,9415,3377,469,23,43164,43164,3831,5808,4946,5363,7010,6478,4722,3736,1172,95,3,44577,44577,3594,5312,4144,5111,6039,6299,5800,5679,2205,374,20
전라북도 남원시 운봉읍(4519025000),4230,4230,218,406,436,326,563,667,648,704,234,27,1,2017,2017,114,189,222,198,305,366,259,285,75,4,0,2213,2213,104,217,214,128,258,301,389,419,159,23,1
전라북도 남원시 주천면(4519031000),2534,2534,133,258,234,241,353,418,394,346,130,26,1,1270,1270,75,138,123,137,207,204,195,133,51,7,0,1264,1264,58,120,111,104,146,214,199,213,79,19,1
전라북도 남원시 수지면(4519032000),1339,1339,68,120,116,106,151,206,198,261,101,12,0,637,637,37,55,58,64,85,111,100,88,37,2,0,702,702,31,65,58,42,66,95,98,173,64,10,0
전라북도 남원시 송동면(4519033000),2447,2447,121,229,261,202,319,373,360,407,153,22,0,1222,1222,62,125,152,118,187,211,160,148,55,4,0,1225,1225,59,104,109,84,132,162,200,259,98,18,0
전라북도 남원시 주생면(4519034000),2107,2107,94,186,187,153,278,297,345,391,155,21,0,1010,1010,43,94,117,98,163,154,138,154,45,4,0,1097,1097,51,92,70,55,115,143,207,237,110,17,0
전라북도 남원시 금지면(4519035000),2781,2781,154,211,273,237,305,455,476,470,173,26,1,1358,1358,88,111,162,148,171,227,208,183,56,4,0,1423,1423,66,100,111,89,134,228,268,287,117,22,1
전라북도 남원시 대강면(4519036000),2008,2008,70,114,182,135,201,322,341,435,175,30,3,949,949,39,64,88,86,127,167,151,159,62,6,0,1059,1059,31,50,94,49,74,155,190,276,113,24,3
전라북도 남원시 대산면(4519037000),1818,1818,73,119,159,135,235,321,307,314,130,25,0,886,886,35,54,87,84,133,182,154,120,33,4,0,932,932,38,65,72,51,102,139,153,194,97,21,0
전라북도 남원시 사매면(4519038000),1785,1785,71,139,162,115,218,251,315,359,134,21,0,879,879,38,69,86,72,136,130,147,148,44,9,0,906,906,33,70,76,43,82,121,168,211,90,12,0
전라북도 남원시 덕과면(4519039000),1065,1065,33,94,82,72,118,175,201,211,72,5,2,545,545,18,51,51,49,66,98,89,89,33,1,0,520,520,15,43,31,23,52,77,112,122,39,4,2
전라북도 남원시 보절면(4519040000),1795,1795,103,141,135,160,200,230,316,361,132,15,2,927,927,52,79,87,104,121,120,154,155,51,3,1,868,868,51,62,48,56,79,110,162,206,81,12,1
전라북도 남원시 산동면(4519041000),2039,2039,83,201,176,159,248,286,351,385,131,18,1,1028,1028,46,120,103,99,164,144,159,146,41,6,0,1011,1011,37,81,73,60,84,142,192,239,90,12,1
전라북도 남원시 이백면(4519042000),2581,2581,146,245,259,234,343,405,347,414,161,26,1,1318,1318,76,128,164,134,206,226,145,174,60,5,0,1263,1263,70,117,95,100,137,179,202,240,101,21,1
전라북도 남원시 아영면(4519045000),2145,2145,112,176,198,156,263,356,386,334,142,21,1,1056,1056,54,95,122,85,149,180,177,128,60,6,0,1089,1089,58,81,76,71,114,176,209,206,82,15,1
전라북도 남원시 산내면(4519046000),2159,2159,156,215,167,198,409,316,302,301,85,8,2,1063,1063,89,104,89,106,232,171,135,109,27,1,0,1096,1096,67,111,78,92,177,145,167,192,58,7,2
전라북도 남원시 인월면(4519047000),3087,3087,204,342,289,290,455,541,426,369,150,19,2,1534,1534,110,193,150,143,259,282,194,149,51,3,0,1553,1553,94,149,139,147,196,259,232,220,99,16,2
전라북도 남원시 동충동(4519051000),4171,4171,328,649,452,503,687,618,485,337,103,9,0,2025,2025,153,325,240,253,346,297,222,144,42,3,0,2146,2146,175,324,212,250,341,321,263,193,61,6,0
전라북도 남원시 죽항동(4519052000),4548,4548,324,580,493,601,680,739,595,382,135,19,0,2208,2208,164,329,254,295,352,338,266,155,49,6,0,2340,2340,160,251,239,306,328,401,329,227,86,13,0
전라북도 남원시 노암동(4519054000),5380,5380,542,849,516,743,857,763,547,417,130,16,0,2585,2585,265,427,283,350,443,388,219,163,45,2,0,2795,2795,277,422,233,393,414,375,328,254,85,14,0
전라북도 남원시 금동(4519055000),7051,7051,873,905,823,1145,1028,976,666,478,137,18,2,3420,3420,443,457,415,596,538,456,278,189,45,2,1,3631,3631,430,448,408,549,490,520,388,289,92,16,1
전라북도 남원시 왕정동(4519056000),4831,4831,368,664,596,591,703,752,602,386,148,20,1,2428,2428,190,375,324,301,364,370,278,160,62,3,1,2403,2403,178,289,272,290,339,382,324,226,86,17,0
전라북도 남원시 향교동(4519057000),8936,8936,747,1288,1074,1168,1467,1347,920,667,227,30,1,4496,4496,380,652,603,597,781,684,443,266,83,7,0,4440,4440,367,636,471,571,686,663,477,401,144,23,1
전라북도 남원시 도통동(4519059000),16904,16904,2404,2989,1820,2804,2968,1963,994,686,239,35,2,8303,8303,1260,1574,966,1246,1475,972,451,291,65,3,0,8601,8601,1144,1415,854,1558,1493,991,543,395,174,32,2
전라북도 김제시 (4521000000),93558,93558,6485,9909,9915,10546,12953,14784,12769,11385,4286,486,40,46484,46484,3321,5131,5414,5984,7189,7632,5932,4419,1364,92,6,47074,47074,3164,4778,4501,4562,5764,7152,6837,6966,2922,394,34
전라북도 김제시 만경읍(4521025000),3485,3485,159,304,366,324,431,669,535,481,201,15,0,1787,1787,85,171,212,204,251,354,251,188,69,2,0,1698,1698,74,133,154,120,180,315,284,293,132,13,0
전라북도 김제시 죽산면(4521032000),3348,3348,135,202,343,288,388,622,566,593,187,21,3,1681,1681,75,114,200,184,222,327,281,227,47,4,0,1667,1667,60,88,143,104,166,295,285,366,140,17,3
전라북도 김제시 백산면(4521033000),3210,3210,161,226,315,316,394,560,561,452,194,25,6,1633,1633,83,118,176,203,242,291,275,181,60,4,0,1577,1577,78,108,139,113,152,269,286,271,134,21,6
전라북도 김제시 용지면(4521034000),4726,4726,207,411,513,423,622,817,757,657,279,37,3,2401,2401,111,199,281,287,345,444,375,244,105,9,1,2325,2325,96,212,232,136,277,373,382,413,174,28,2
전라북도 김제시 백구면(4521035000),4809,4809,240,456,549,451,646,823,744,654,222,23,1,2412,2412,120,220,313,280,370,423,347,253,80,6,0,2397,2397,120,236,236,171,276,400,397,401,142,17,1
전라북도 김제시 부량면(4521036000),1721,1721,83,122,177,140,175,289,282,334,108,10,1,817,817,44,67,98,87,101,149,117,122,30,2,0,904,904,39,55,79,53,74,140,165,212,78,8,1
전라북도 김제시 공덕면(4521038000),3145,3145,132,291,322,268,424,542,486,467,190,23,0,1621,1621,72,153,193,171,250,300,240,173,66,3,0,1524,1524,60,138,129,97,174,242,246,294,124,20,0
전라북도 김제시 청하면(4521039000),2280,2280,109,142,208,232,278,376,385,374,161,15,0,1155,1155,59,83,112,148,166,194,187,156,48,2,0,1125,1125,50,59,96,84,112,182,198,218,113,13,0
전라북도 김제시 성덕면(4521040000),2287,2287,93,162,241,206,265,376,387,371,166,19,1,1150,1150,52,84,132,137,164,211,179,143,43,5,0,1137,1137,41,78,109,69,101,165,208,228,123,14,1
전라북도 김제시 진봉면(4521041000),3423,3423,134,224,301,274,379,569,658,627,235,21,1,1665,1665,69,123,165,169,235,292,288,250,70,4,0,1758,1758,65,101,136,105,144,277,370,377,165,17,1
전라북도 김제시 금구면(4521042000),5194,5194,287,466,496,542,719,892,825,684,261,22,0,2671,2671,142,254,297,331,428,467,379,287,81,5,0,2523,2523,145,212,199,211,291,425,446,397,180,17,0
전라북도 김제시 봉남면(4521043000),2893,2893,110,198,293,232,319,482,497,572,167,23,0,1419,1419,55,108,170,164,179,253,210,222,55,3,0,1474,1474,55,90,123,68,140,229,287,350,112,20,0
전라북도 김제시 황산면(4521044000),2382,2382,109,200,219,222,313,374,410,390,121,24,0,1199,1199,63,114,128,143,177,201,182,142,45,4,0,1183,1183,46,86,91,79,136,173,228,248,76,20,0
전라북도 김제시 금산면(4521045000),5435,5435,221,498,555,509,754,910,882,770,287,46,3,2725,2725,117,255,301,316,441,476,418,290,102,8,1,2710,2710,104,243,254,193,313,434,464,480,185,38,2
전라북도 김제시 광활면(4521046000),1700,1700,69,115,165,160,197,269,337,283,97,8,0,856,856,31,61,89,112,121,139,153,112,35,3,0,844,844,38,54,76,48,76,130,184,171,62,5,0
전라북도 김제시 요촌동(4521051000),10770,10770,762,1362,1287,1293,1623,1814,1241,964,373,41,10,5291,5291,380,668,704,680,856,875,605,394,116,9,4,5479,5479,382,694,583,613,767,939,636,570,257,32,6
전라북도 김제시 신풍동(4521052000),14960,14960,1656,2078,1672,2203,2326,1933,1407,1214,421,49,1,7271,7271,847,1061,846,1098,1197,975,629,468,143,7,0,7689,7689,809,1017,826,1105,1129,958,778,746,278,42,1
전라북도 김제시 검산동(4521054000),10464,10464,1288,1600,1076,1611,1680,1342,838,692,307,29,1,5069,5069,653,823,544,775,903,670,368,247,80,6,0,5395,5395,635,777,532,836,777,672,470,445,227,23,1
전라북도 김제시 교동월촌동(4521056500),7326,7326,530,852,817,852,1020,1125,971,806,309,35,9,3661,3661,263,455,453,495,541,591,448,320,89,6,0,3665,3665,267,397,364,357,479,534,523,486,220,29,9
전라북도 완주군 (4571000000),84735,84735,8659,9314,9252,12708,12119,12099,9575,7850,2758,374,27,43421,43421,4487,4873,4922,7010,7053,6348,4576,3200,869,79,4,41314,41314,4172,4441,4330,5698,5066,5751,4999,4650,1889,295,23
전라북도 완주군 삼례읍(4571025000),15920,15920,1481,1831,1893,2386,2380,2349,1651,1404,487,53,5,8093,8093,745,950,1025,1297,1371,1197,777,575,144,11,1,7827,7827,736,881,868,1089,1009,1152,874,829,343,42,4
전라북도 완주군 봉동읍(4571025300),23159,23159,3790,2824,2709,4745,3187,2444,1707,1251,452,45,5,11914,11914,1976,1469,1378,2515,1857,1278,816,483,128,14,0,11245,11245,1814,1355,1331,2230,1330,1166,891,768,324,31,5
전라북도 완주군 용진면(4571031000),7928,7928,740,904,821,1216,1192,1139,939,710,224,40,3,4092,4092,390,465,439,676,708,589,448,294,74,9,0,3836,3836,350,439,382,540,484,550,491,416,150,31,3
전라북도 완주군 상관면(4571032000),5077,5077,632,577,463,838,761,662,542,415,166,17,4,2559,2559,320,287,247,440,431,349,254,173,52,5,1,2518,2518,312,290,216,398,330,313,288,242,114,12,3
전라북도 완주군 이서면(4571033000),6334,6334,737,636,662,1004,933,837,733,568,194,30,0,3278,3278,382,362,342,545,549,443,350,231,71,3,0,3056,3056,355,274,320,459,384,394,383,337,123,27,0
전라북도 완주군 소양면(4571034000),6461,6461,330,626,730,687,935,1193,937,707,267,45,4,3357,3357,182,342,401,416,542,610,475,296,81,11,1,3104,3104,148,284,329,271,393,583,462,411,186,34,3
전라북도 완주군 구이면(4571035000),5408,5408,250,566,585,498,783,975,778,683,243,44,3,2733,2733,121,277,307,297,450,543,390,258,78,12,0,2675,2675,129,289,278,201,333,432,388,425,165,32,3
전라북도 완주군 고산면(4571036000),4839,4839,215,486,560,478,697,825,732,602,220,24,0,2498,2498,134,262,310,292,387,443,352,243,74,1,0,2341,2341,81,224,250,186,310,382,380,359,146,23,0
전라북도 완주군 비봉면(4571037000),2129,2129,124,178,205,199,269,347,330,328,120,27,2,1082,1082,59,94,113,126,169,185,154,140,37,4,1,1047,1047,65,84,92,73,100,162,176,188,83,23,1
전라북도 완주군 운주면(4571038000),2086,2086,81,137,167,173,266,377,386,365,122,12,0,1037,1037,41,74,104,109,150,199,170,149,38,3,0,1049,1049,40,63,63,64,116,178,216,216,84,9,0
전라북도 완주군 화산면(4571039000),3133,3133,187,333,266,308,387,524,482,457,169,19,1,1634,1634,97,176,153,176,257,272,234,206,59,4,0,1499,1499,90,157,113,132,130,252,248,251,110,15,1
전라북도 완주군 동상면(4571040000),1204,1204,49,130,108,87,206,239,162,164,49,10,0,601,601,19,67,56,58,114,137,77,57,15,1,0,603,603,30,63,52,29,92,102,85,107,34,9,0
전라북도 완주군 경천면(4571041000),1057,1057,43,86,83,89,123,188,196,196,45,8,0,543,543,21,48,47,63,68,103,79,95,18,1,0,514,514,22,38,36,26,55,85,117,101,27,7,0
전라북도 진안군 (4572000000),27224,27224,2021,2418,2502,2929,3532,4272,3983,3965,1407,179,16,13756,13756,1087,1297,1362,1661,2088,2271,1893,1578,466,48,5,13468,13468,934,1121,1140,1268,1444,2001,2090,2387,941,131,11
전라북도 진안군 진안읍(4572025000),10877,10877,985,1140,1077,1418,1517,1598,1332,1261,477,65,7,5499,5499,526,609,572,779,874,864,637,486,138,10,4,5378,5378,459,531,505,639,643,734,695,775,339,55,3
전라북도 진안군 용담면(4572031000),907,907,48,64,53,82,112,167,161,156,55,8,1,441,441,27,38,26,47,69,83,74,60,15,2,0,466,466,21,26,27,35,43,84,87,96,40,6,1
전라북도 진안군 안천면(4572032000),1141,1141,88,87,82,108,126,163,192,199,89,6,1,550,550,45,45,48,64,65,85,88,79,29,2,0,591,591,43,42,34,44,61,78,104,120,60,4,1
전라북도 진안군 동향면(4572033000),1586,1586,91,137,154,105,210,260,241,274,97,15,2,761,761,49,61,86,55,113,137,116,108,29,7,0,825,825,42,76,68,50,97,123,125,166,68,8,2
전라북도 진안군 상전면(4572034000),892,892,48,53,97,79,108,173,138,157,36,3,0,460,460,19,31,58,47,66,98,65,62,14,0,0,432,432,29,22,39,32,42,75,73,95,22,3,0
전라북도 진안군 백운면(4572035000),2121,2121,127,160,173,224,262,333,331,364,129,17,1,1078,1078,74,87,96,136,158,168,166,148,41,4,0,1043,1043,53,73,77,88,104,165,165,216,88,13,1
전라북도 진안군 성수면(4572036000),1966,1966,114,152,173,191,226,316,322,340,117,13,2,1002,1002,69,79,96,116,141,169,147,133,45,6,1,964,964,45,73,77,75,85,147,175,207,72,7,1
전라북도 진안군 마령면(4572037000),2102,2102,122,161,195,183,266,313,359,363,118,22,0,1065,1065,64,81,115,105,168,165,162,156,43,6,0,1037,1037,58,80,80,78,98,148,197,207,75,16,0
전라북도 진안군 부귀면(4572038000),2827,2827,211,268,260,311,376,479,414,363,131,13,1,1469,1469,109,153,149,178,228,248,205,145,49,5,0,1358,1358,102,115,111,133,148,231,209,218,82,8,1
전라북도 진안군 정천면(4572039000),1122,1122,88,74,121,95,132,208,172,165,60,7,0,581,581,49,43,61,49,75,116,90,67,28,3,0,541,541,39,31,60,46,57,92,82,98,32,4,0
전라북도 진안군 주천면(4572040000),1683,1683,99,122,117,133,197,262,321,323,98,10,1,850,850,56,70,55,85,131,138,143,134,35,3,0,833,833,43,52,62,48,66,124,178,189,63,7,1
전라북도 무주군 (4573000000),25313,25313,1886,2411,2345,2771,3442,3875,3515,3673,1251,136,8,12570,12570,950,1266,1340,1573,1967,2029,1540,1482,390,29,4,12743,12743,936,1145,1005,1198,1475,1846,1975,2191,861,107,4
전라북도 무주군 무주읍(4573025000),9343,9343,948,1036,904,1329,1356,1218,1081,1024,395,50,2,4655,4655,473,552,498,703,775,638,477,412,113,12,2,4688,4688,475,484,406,626,581,580,604,612,282,38,0
전라북도 무주군 무풍면(4573031000),2390,2390,103,206,215,171,323,428,362,435,138,8,1,1177,1177,56,106,122,101,171,225,177,166,47,5,1,1213,1213,47,100,93,70,152,203,185,269,91,3,0
전라북도 무주군 설천면(4573032000),4493,4493,350,454,399,519,660,735,596,569,188,21,2,2266,2266,192,224,232,309,387,384,251,233,51,3,0,2227,2227,158,230,167,210,273,351,345,336,137,18,2
전라북도 무주군 적상면(4573033000),2770,2770,123,208,241,219,336,439,460,556,165,23,0,1371,1371,54,116,148,131,196,232,194,232,64,4,0,1399,1399,69,92,93,88,140,207,266,324,101,19,0
전라북도 무주군 안성면(4573034000),4763,4763,285,410,457,399,586,805,750,797,251,21,2,2345,2345,140,216,266,252,326,412,326,324,77,5,1,2418,2418,145,194,191,147,260,393,424,473,174,16,1
전라북도 무주군 부남면(4573035000),1554,1554,77,97,129,134,181,250,266,292,114,13,1,756,756,35,52,74,77,112,138,115,115,38,0,0,798,798,42,45,55,57,69,112,151,177,76,13,1
전라북도 장수군 (4574000000),23264,23264,1672,2224,2229,2388,3096,3684,3226,3400,1178,156,11,11594,11594,850,1188,1221,1378,1794,1875,1498,1355,404,30,1,11670,11670,822,1036,1008,1010,1302,1809,1728,2045,774,126,10
전라북도 장수군 장수읍(4574025000),7074,7074,670,717,754,910,960,1080,882,790,269,40,2,3540,3540,327,400,401,502,558,538,397,327,79,11,0,3534,3534,343,317,353,408,402,542,485,463,190,29,2
전라북도 장수군 산서면(4574031000),2571,2571,149,219,266,194,326,364,399,453,179,21,1,1254,1254,76,125,143,117,183,180,189,170,68,2,1,1317,1317,73,94,123,77,143,184,210,283,111,19,0
전라북도 장수군 번암면(4574032000),2606,2606,120,208,236,221,335,448,423,441,148,26,0,1315,1315,69,119,137,142,204,224,199,173,45,3,0,1291,1291,51,89,99,79,131,224,224,268,103,23,0
전라북도 장수군 장계면(4574033500),4695,4695,324,570,407,514,702,745,584,609,209,26,5,2340,2340,172,289,224,290,387,388,279,227,76,8,0,2355,2355,152,281,183,224,315,357,305,382,133,18,5
전라북도 장수군 천천면(4574034000),2285,2285,117,153,209,176,268,419,361,416,147,18,1,1141,1141,64,82,119,106,162,215,170,173,50,0,0,1144,1144,53,71,90,70,106,204,191,243,97,18,1
전라북도 장수군 계남면(4574035000),2347,2347,177,220,208,230,337,334,347,374,104,14,2,1178,1178,80,108,120,133,204,176,154,160,40,3,0,1169,1169,97,112,88,97,133,158,193,214,64,11,2
전라북도 장수군 계북면(4574036000),1686,1686,115,137,149,143,168,294,230,317,122,11,0,826,826,62,65,77,88,96,154,110,125,46,3,0,860,860,53,72,72,55,72,140,120,192,76,8,0
전라북도 임실군 (4575000000),30379,30379,1948,2663,3051,2965,4030,4577,4549,4658,1691,236,11,15405,15405,1047,1449,1689,1808,2357,2500,2081,1851,559,62,2,14974,14974,901,1214,1362,1157,1673,2077,2468,2807,1132,174,9
전라북도 임실군 임실읍(4575025000),6746,6746,639,724,695,873,959,921,812,793,287,39,4,3436,3436,337,395,363,486,553,503,380,314,91,13,1,3310,3310,302,329,332,387,406,418,432,479,196,26,3
전라북도 임실군 청웅면(4575031000),1524,1524,61,100,157,127,163,227,268,293,109,19,0,777,777,31,56,90,89,92,126,125,116,45,7,0,747,747,30,44,67,38,71,101,143,177,64,12,0
전라북도 임실군 운암면(4575032000),1900,1900,143,147,205,182,246,335,255,276,99,11,1,945,945,77,76,99,105,136,187,118,100,42,5,0,955,955,66,71,106,77,110,148,137,176,57,6,1
전라북도 임실군 신평면(4575033000),1898,1898,126,162,215,176,230,273,293,305,106,12,0,998,998,66,109,131,113,142,142,132,129,32,2,0,900,900,60,53,84,63,88,131,161,176,74,10,0
전라북도 임실군 성수면(4575034000),1849,1849,77,124,180,149,230,274,338,340,115,21,1,944,944,47,60,96,98,138,158,158,148,35,5,1,905,905,30,64,84,51,92,116,180,192,80,16,0
전라북도 임실군 오수면(4575035500),4716,4716,310,451,483,446,637,754,656,689,263,24,3,2363,2363,179,238,258,268,362,395,295,270,93,5,0,2353,2353,131,213,225,178,275,359,361,419,170,19,3
전라북도 임실군 신덕면(4575036000),1479,1479,82,100,104,144,185,228,275,265,93,3,0,774,774,40,57,61,90,125,137,118,112,33,1,0,705,705,42,43,43,54,60,91,157,153,60,2,0
전라북도 임실군 삼계면(4575037000),1747,1747,78,99,144,120,182,253,301,381,165,24,0,838,838,42,52,83,75,104,131,135,153,56,7,0,909,909,36,47,61,45,78,122,166,228,109,17,0
전라북도 임실군 관촌면(4575038000),3909,3909,213,367,433,368,596,644,563,511,175,37,2,2012,2012,117,198,253,226,353,344,267,193,51,10,0,1897,1897,96,169,180,142,243,300,296,318,124,27,2
전라북도 임실군 강진면(4575039000),1840,1840,92,185,167,180,245,267,303,282,102,17,0,968,968,53,108,108,128,142,150,134,111,31,3,0,872,872,39,77,59,52,103,117,169,171,71,14,0
전라북도 임실군 덕치면(4575040000),1297,1297,61,90,108,101,162,189,251,246,69,20,0,634,634,31,44,68,65,100,97,111,98,16,4,0,663,663,30,46,40,36,62,92,140,148,53,16,0
전라북도 임실군 지사면(4575041000),1474,1474,66,114,160,99,195,212,234,277,108,9,0,716,716,27,56,79,65,110,130,108,107,34,0,0,758,758,39,58,81,34,85,82,126,170,74,9,0
전라북도 순창군 (4577000000),29812,29812,2157,2973,2770,3225,3737,4277,4421,4501,1541,195,15,14596,14596,1116,1579,1490,1848,2055,2212,1859,1839,551,46,1,15216,15216,1041,1394,1280,1377,1682,2065,2562,2662,990,149,14
전라북도 순창군 순창읍(4577025000),10064,10064,1083,1393,1102,1436,1486,1363,1040,808,310,40,3,4938,4938,550,729,561,750,763,685,448,335,106,11,0,5126,5126,533,664,541,686,723,678,592,473,204,29,3
전라북도 순창군 인계면(4577031000),1733,1733,87,134,159,146,202,261,287,323,118,14,2,858,858,41,76,91,88,127,138,127,118,49,3,0,875,875,46,58,68,58,75,123,160,205,69,11,2
전라북도 순창군 동계면(4577032000),2318,2318,150,152,170,226,252,318,411,464,149,23,3,1119,1119,74,82,91,144,146,178,153,188,56,7,0,1199,1199,76,70,79,82,106,140,258,276,93,16,3
전라북도 순창군 풍산면(4577033000),1970,1970,116,140,147,215,202,266,358,378,125,22,1,953,953,60,81,84,130,119,129,159,148,38,5,0,1017,1017,56,59,63,85,83,137,199,230,87,17,1
전라북도 순창군 금과면(4577034000),1853,1853,72,143,163,116,208,333,305,366,128,18,1,922,922,36,77,104,80,113,190,124,144,48,5,1,931,931,36,66,59,36,95,143,181,222,80,13,0
전라북도 순창군 팔덕면(4577035000),1725,1725,102,130,184,143,193,252,275,331,107,8,0,848,848,54,69,92,90,113,127,121,142,38,2,0,877,877,48,61,92,53,80,125,154,189,69,6,0
전라북도 순창군 쌍치면(4577036000),2276,2276,139,227,192,222,281,355,347,377,121,15,0,1156,1156,78,129,111,138,153,196,138,163,47,3,0,1120,1120,61,98,81,84,128,159,209,214,74,12,0
전라북도 순창군 복흥면(4577037000),2432,2432,154,231,215,212,321,349,408,371,155,14,2,1159,1159,81,114,112,118,172,183,175,156,45,3,0,1273,1273,73,117,103,94,149,166,233,215,110,11,2
전라북도 순창군 적성면(4577038000),1395,1395,41,115,106,103,147,207,263,296,99,17,1,666,666,21,64,56,59,90,104,113,121,37,1,0,729,729,20,51,50,44,57,103,150,175,62,16,1
전라북도 순창군 유등면(4577039000),1353,1353,70,95,122,157,124,195,230,274,77,9,0,661,661,43,50,69,103,70,94,90,110,28,4,0,692,692,27,45,53,54,54,101,140,164,49,5,0
전라북도 순창군 구림면(4577040000),2693,2693,143,213,210,249,321,378,497,513,152,15,2,1316,1316,78,108,119,148,189,188,211,214,59,2,0,1377,1377,65,105,91,101,132,190,286,299,93,13,2
전라북도 고창군 (4579000000),60597,60597,3762,6819,6086,5914,8185,9250,9017,8366,2823,352,23,29948,29948,1989,3677,3408,3354,4522,4649,4195,3231,843,76,4,30649,30649,1773,3142,2678,2560,3663,4601,4822,5135,1980,276,19
전라북도 고창군 고창읍(4579025000),21076,21076,2066,3586,2357,2805,3491,2846,1906,1451,507,59,2,10357,10357,1084,1921,1230,1370,1739,1399,879,571,148,16,0,10719,10719,982,1665,1127,1435,1752,1447,1027,880,359,43,2
전라북도 고창군 고수면(4579031000),2667,2667,118,177,244,224,318,424,459,491,189,23,0,1359,1359,75,94,145,138,200,243,226,177,59,2,0,1308,1308,43,83,99,86,118,181,233,314,130,21,0
전라북도 고창군 아산면(4579032000),3111,3111,142,211,296,269,394,505,560,539,174,21,0,1580,1580,81,117,178,179,251,246,256,212,55,5,0,1531,1531,61,94,118,90,143,259,304,327,119,16,0
전라북도 고창군 무장면(4579033000),3507,3507,150,395,329,260,420,542,630,588,166,25,2,1754,1754,78,229,179,169,251,264,290,245,45,4,0,1753,1753,72,166,150,91,169,278,340,343,121,21,2
전라북도 고창군 공음면(4579034000),3007,3007,137,223,264,238,342,495,573,556,169,10,0,1509,1509,66,120,150,156,212,243,280,226,55,1,0,1498,1498,71,103,114,82,130,252,293,330,114,9,0
전라북도 고창군 상하면(4579035000),2886,2886,137,285,287,237,394,397,525,453,155,16,0,1397,1397,78,145,160,141,226,196,243,151,57,0,0,1489,1489,59,140,127,96,168,201,282,302,98,16,0
전라북도 고창군 해리면(4579036000),3351,3351,136,220,326,237,355,607,649,596,194,28,3,1617,1617,69,116,191,150,209,293,315,214,53,7,0,1734,1734,67,104,135,87,146,314,334,382,141,21,3
전라북도 고창군 성송면(4579037000),2124,2124,86,119,173,166,218,359,385,458,139,20,1,1058,1058,56,70,101,107,143,175,180,176,47,3,0,1066,1066,30,49,72,59,75,184,205,282,92,17,1
전라북도 고창군 대산면(4579038000),4304,4304,193,392,409,307,538,728,772,697,219,38,11,2133,2133,98,206,230,189,286,398,364,270,81,9,2,2171,2171,95,186,179,118,252,330,408,427,138,29,9
전라북도 고창군 심원면(4579039000),2929,2929,119,257,327,243,395,473,518,440,139,17,1,1455,1455,54,135,184,156,220,239,246,181,36,4,0,1474,1474,65,122,143,87,175,234,272,259,103,13,1
전라북도 고창군 흥덕면(4579040000),3755,3755,158,389,405,301,473,627,564,602,204,31,1,1865,1865,76,215,241,181,269,321,263,234,54,10,1,1890,1890,82,174,164,120,204,306,301,368,150,21,0
전라북도 고창군 성내면(4579041000),2318,2318,90,150,205,194,256,392,409,428,174,20,0,1167,1167,48,81,132,135,146,216,187,165,50,7,0,1151,1151,42,69,73,59,110,176,222,263,124,13,0
전라북도 고창군 신림면(4579042000),2474,2474,117,179,200,186,273,390,444,489,171,25,0,1211,1211,64,91,118,123,170,195,207,191,47,5,0,1263,1263,53,88,82,63,103,195,237,298,124,20,0
전라북도 고창군 부안면(4579043000),3088,3088,113,236,264,247,318,465,623,578,223,19,2,1486,1486,62,137,169,160,200,221,259,218,56,3,1,1602,1602,51,99,95,87,118,244,364,360,167,16,1
전라북도 부안군 (4580000000),59546,59546,3818,6369,6147,6182,8267,9448,8688,7669,2639,304,15,29436,29436,1985,3309,3435,3454,4606,4826,4006,2949,803,61,2,30110,30110,1833,3060,2712,2728,3661,4622,4682,4720,1836,243,13
전라북도 부안군 부안읍(4580025000),21264,21264,2058,3218,2410,2817,3329,3050,2149,1629,540,64,0,10370,10370,1045,1659,1282,1349,1674,1552,992,631,174,12,0,10894,10894,1013,1559,1128,1468,1655,1498,1157,998,366,52,0
전라북도 부안군 주산면(4580031000),2442,2442,96,160,263,177,255,395,423,458,197,17,1,1163,1163,59,85,136,114,149,202,185,169,62,2,0,1279,1279,37,75,127,63,106,193,238,289,135,15,1
전라북도 부안군 동진면(4580032000),3776,3776,141,305,347,307,455,587,669,699,241,24,1,1900,1900,77,164,203,199,276,322,304,269,82,4,0,1876,1876,64,141,144,108,179,265,365,430,159,20,1
전라북도 부안군 행안면(4580033000),2560,2560,109,244,308,220,340,439,379,371,136,14,0,1307,1307,57,124,195,140,189,241,169,144,43,5,0,1253,1253,52,120,113,80,151,198,210,227,93,9,0
전라북도 부안군 계화면(4580034000),4659,4659,228,350,509,458,559,850,862,638,185,20,0,2339,2339,115,185,292,276,335,414,401,262,54,5,0,2320,2320,113,165,217,182,224,436,461,376,131,15,0
전라북도 부안군 보안면(4580035000),2967,2967,115,209,261,215,351,462,552,588,185,27,2,1476,1476,59,111,160,151,203,244,253,237,52,6,0,1491,1491,56,98,101,64,148,218,299,351,133,21,2
전라북도 부안군 변산면(4580036000),5307,5307,374,548,597,576,837,834,749,577,190,21,4,2667,2667,185,292,337,342,478,425,348,214,43,2,1,2640,2640,189,256,260,234,359,409,401,363,147,19,3
전라북도 부안군 진서면(4580037000),2759,2759,146,258,274,259,378,519,451,337,116,21,0,1396,1396,85,148,141,152,226,247,231,131,30,5,0,1363,1363,61,110,133,107,152,272,220,206,86,16,0
전라북도 부안군 백산면(4580038000),3242,3242,119,221,274,230,376,517,591,670,217,25,2,1592,1592,71,114,168,160,216,252,271,252,81,7,0,1650,1650,48,107,106,70,160,265,320,418,136,18,2
전라북도 부안군 상서면(4580039000),2637,2637,97,229,237,202,351,418,458,464,166,12,3,1284,1284,45,108,140,129,218,225,202,164,50,2,1,1353,1353,52,121,97,73,133,193,256,300,116,10,2
전라북도 부안군 하서면(4580040000),3309,3309,144,233,293,302,407,568,592,577,173,20,0,1616,1616,81,98,163,187,250,294,261,224,54,4,0,1693,1693,63,135,130,115,157,274,331,353,119,16,0
전라북도 부안군 줄포면(4580041000),3281,3281,150,319,275,289,444,544,559,462,212,26,1,1608,1608,80,181,155,166,267,265,263,176,50,5,0,1673,1673,70,138,120,123,177,279,296,286,162,21,1
전라북도 부안군 위도면(4580042000),1343,1343,41,75,99,130,185,265,254,199,81,13,1,718,718,26,40,63,89,125,143,126,76,28,2,0,625,625,15,35,36,41,60,122,128,123,53,11,1
전라남도  (4600000000),1913185,1913185,164411,249571,211789,248065,299221,275876,213757,179343,62863,7731,558,955836,955836,84961,130791,114526,132346,161892,141561,100446,69454,18393,1397,69,957349,957349,79450,118780,97263,115719,137329,134315,113311,109889,44470,6334,489
전라남도 목포시 (4611000000),244557,244557,26242,36571,31402,40434,39804,33025,20680,12062,3844,436,57,122260,122260,13501,18991,16693,20778,20344,16285,9816,4710,1052,80,10,122297,122297,12741,17580,14709,19656,19460,16740,10864,7352,2792,356,47
전라남도 목포시 용당1동(4611051000),13674,13674,881,1573,1784,1858,1965,2369,1824,1026,354,33,7,6869,6869,446,827,1026,1089,994,1095,865,418,101,6,2,6805,6805,435,746,758,769,971,1274,959,608,253,27,5
전라남도 목포시 용당2동(4611052000),7283,7283,392,969,992,1003,1117,1226,987,441,133,18,5,3701,3701,206,505,548,596,583,558,485,186,31,3,0,3582,3582,186,464,444,407,534,668,502,255,102,15,5
전라남도 목포시 연동(4611053500),6662,6662,473,711,804,932,928,1078,963,604,152,16,1,3375,3375,225,373,463,545,505,524,453,233,49,4,1,3287,3287,248,338,341,387,423,554,510,371,103,12,0
전라남도 목포시 산정동(4611054500),8996,8996,726,1372,1264,1215,1446,1359,855,544,191,20,4,4467,4467,373,714,687,660,700,653,431,197,48,4,0,4529,4529,353,658,577,555,746,706,424,347,143,16,4
전라남도 목포시 연산동(4611055400),6324,6324,776,1076,739,1065,1053,806,441,257,103,6,2,3149,3149,390,571,411,494,538,402,218,97,28,0,0,3175,3175,386,505,328,571,515,404,223,160,75,6,2
전라남도 목포시 원산동(4611055800),16991,16991,2012,2999,2087,2914,3104,2035,1022,598,191,26,3,8454,8454,1054,1589,1090,1415,1584,981,468,214,55,3,1,8537,8537,958,1410,997,1499,1520,1054,554,384,136,23,2
전라남도 목포시 대성동(4611056500),3643,3643,218,451,484,475,554,592,443,323,92,10,1,1847,1847,105,235,281,276,299,287,204,128,28,4,0,1796,1796,113,216,203,199,255,305,239,195,64,6,1
전라남도 목포시 목원동(4611059500),11221,11221,548,1216,1382,1410,1667,1912,1729,985,324,43,5,5721,5721,271,628,759,818,911,972,838,409,103,11,1,5500,5500,277,588,623,592,756,940,891,576,221,32,4
전라남도 목포시 동명동(4611064000),7890,7890,453,886,1044,1078,1152,1330,1143,602,184,16,2,4080,4080,223,469,574,627,642,650,567,279,48,1,0,3810,3810,230,417,470,451,510,680,576,323,136,15,2
전라남도 목포시 삼학동(4611064500),7123,7123,656,987,1005,1062,999,1197,779,341,89,7,1,3567,3567,333,509,546,586,462,553,405,145,28,0,0,3556,3556,323,478,459,476,537,644,374,196,61,7,1
전라남도 목포시 만호동(4611065500),4566,4566,236,400,567,649,663,878,695,356,104,11,7,2458,2458,126,206,332,383,400,473,332,166,34,3,3,2108,2108,110,194,235,266,263,405,363,190,70,8,4
전라남도 목포시 유달동(4611066000),7096,7096,363,726,853,964,974,1171,1052,743,218,29,3,3638,3638,191,375,480,618,567,595,476,267,64,5,0,3458,3458,172,351,373,346,407,576,576,476,154,24,3
전라남도 목포시 죽교동(4611069500),4813,4813,333,644,557,627,732,726,640,404,132,15,3,2481,2481,167,352,304,363,434,377,294,156,30,4,0,2332,2332,166,292,253,264,298,349,346,248,102,11,3
전라남도 목포시 북항동(4611070500),10264,10264,1012,1556,1325,1583,1713,1525,893,509,129,19,0,5128,5128,517,792,722,833,856,741,430,206,26,5,0,5136,5136,495,764,603,750,857,784,463,303,103,14,0
전라남도 목포시 용해동(4611074500),15493,15493,2412,2281,1772,3082,2362,1642,1081,660,179,20,2,7674,7674,1239,1208,920,1509,1222,765,485,271,51,4,0,7819,7819,1173,1073,852,1573,1140,877,596,389,128,16,2
전라남도 목포시 이로동(4611075000),11942,11942,1457,1722,1670,2070,1744,1688,874,501,185,29,2,5939,5939,755,894,882,1057,842,800,451,206,52,0,0,6003,6003,702,828,788,1013,902,888,423,295,133,29,2
전라남도 목포시 상동(4611075600),19963,19963,2453,2850,2576,3428,3068,2827,1542,892,295,25,7,9704,9704,1268,1426,1386,1681,1512,1337,725,291,72,4,2,10259,10259,1185,1424,1190,1747,1556,1490,817,601,223,21,5
전라남도 목포시 하당동(4611075700),12314,12314,1251,1944,2030,2283,2201,1430,656,365,133,21,0,6242,6242,658,1005,1037,1201,1131,739,302,130,31,8,0,6072,6072,593,939,993,1082,1070,691,354,235,102,13,0
전라남도 목포시 신흥동(4611075800),18759,18759,2054,3764,2466,2837,3639,2344,860,570,200,25,0,9262,9262,1071,1929,1293,1319,1726,1248,407,207,60,2,0,9497,9497,983,1835,1173,1518,1913,1096,453,363,140,23,0
전라남도 목포시 삼향동(4611078000),6677,6677,953,717,836,1449,921,822,518,342,106,12,1,3423,3423,493,365,441,774,514,431,239,135,29,2,0,3254,3254,460,352,395,675,407,391,279,207,77,10,1
전라남도 목포시 옥암동(4611079000),19214,19214,2836,3528,2396,3561,3565,1879,784,478,165,21,1,9388,9388,1420,1845,1144,1630,1793,959,366,180,47,4,0,9826,9826,1416,1683,1252,1931,1772,920,418,298,118,17,1
전라남도 목포시 부흥동(4611080000),23649,23649,3747,4199,2769,4889,4237,2189,899,521,185,14,0,11693,11693,1970,2174,1367,2304,2129,1145,375,189,37,3,0,11956,11956,1777,2025,1402,2585,2108,1044,524,332,148,11,0
전라남도 여수시 (4613000000),293200,293200,27069,41455,35793,41792,48851,44581,28604,17731,6473,772,79,148214,148214,13938,21711,19307,21968,25749,22529,14003,7183,1688,130,8,144986,144986,13131,19744,16486,19824,23102,22052,14601,10548,4785,642,71
전라남도 여수시 돌산읍(4613025000),3584,3584,125,330,368,287,487,621,626,509,206,24,1,1797,1797,60,164,219,193,281,307,283,227,62,1,0,1787,1787,65,166,149,94,206,314,343,282,144,23,1
전라남도 여수시 돌산읍우두출장소(4613025100),8859,8859,865,942,997,1390,1184,1423,1065,695,266,32,0,4509,4509,459,491,518,804,665,695,511,301,64,1,0,4350,4350,406,451,479,586,519,728,554,394,202,31,0
전라남도 여수시 돌산읍죽포출장소(4613025200),2454,2454,87,231,240,180,303,431,426,384,153,19,0,1222,1222,42,121,139,114,170,219,206,148,54,9,0,1232,1232,45,110,101,66,133,212,220,236,99,10,0
전라남도 여수시 소라면(4613031000),12256,12256,950,1479,1538,1469,1964,1809,1416,1162,416,52,1,6215,6215,489,799,819,860,1049,963,660,468,101,7,0,6041,6041,461,680,719,609,915,846,756,694,315,45,1
전라남도 여수시 율촌면(4613032000),7404,7404,440,638,753,820,940,1223,1133,964,433,59,1,3764,3764,231,332,405,532,583,615,537,402,108,18,1,3640,3640,209,306,348,288,357,608,596,562,325,41,0
전라남도 여수시 화양면(4613033000),8108,8108,374,822,768,776,1196,1269,1303,1100,451,45,4,4185,4185,196,441,429,515,708,695,621,442,131,7,0,3923,3923,178,381,339,261,488,574,682,658,320,38,4
전라남도 여수시 남면(4613034000),3540,3540,119,218,291,287,412,610,679,652,241,31,0,1757,1757,59,125,175,177,244,320,314,264,74,5,0,1783,1783,60,93,116,110,168,290,365,388,167,26,0
전라남도 여수시 화정면(4613035000),1637,1637,42,95,125,93,163,282,342,329,152,14,0,786,786,20,50,83,63,95,156,153,123,41,2,0,851,851,22,45,42,30,68,126,189,206,111,12,0
전라남도 여수시 화정면개도출장소(4613035600),1141,1141,36,97,101,77,169,186,200,198,68,8,1,562,562,15,50,54,49,108,96,90,83,16,1,0,579,579,21,47,47,28,61,90,110,115,52,7,1
전라남도 여수시 삼산면(4613036000),2649,2649,133,220,275,268,415,494,385,320,120,15,4,1423,1423,75,125,161,174,246,275,208,130,28,1,0,1226,1226,58,95,114,94,169,219,177,190,92,14,4
전라남도 여수시 동문동(4613051500),5730,5730,253,531,674,695,765,1127,977,500,178,19,11,2919,2919,125,275,401,442,414,523,497,188,47,4,3,2811,2811,128,256,273,253,351,604,480,312,131,15,8
전라남도 여수시 한려동(4613053500),4470,4470,224,464,506,493,663,826,726,429,121,17,1,2278,2278,112,247,276,287,375,392,345,199,39,6,0,2192,2192,112,217,230,206,288,434,381,230,82,11,1
전라남도 여수시 중앙동(4613057000),6356,6356,374,763,702,772,928,1200,973,488,132,18,6,3222,3222,183,393,402,444,498,558,466,240,35,3,0,3134,3134,191,370,300,328,430,642,507,248,97,15,6
전라남도 여수시 충무동(4613060000),5496,5496,234,542,657,654,731,1032,964,522,138,17,5,2887,2887,114,321,374,403,411,502,485,229,44,3,1,2609,2609,120,221,283,251,320,530,479,293,94,14,4
전라남도 여수시 광림동(4613062500),8303,8303,457,864,1093,1068,1165,1550,1271,619,188,19,9,4317,4317,257,459,630,634,616,749,641,272,55,3,1,3986,3986,200,405,463,434,549,801,630,347,133,16,8
전라남도 여수시 서강동(4613063500),5026,5026,270,574,620,593,695,939,743,413,161,16,2,2538,2538,135,301,339,340,382,439,383,168,49,2,0,2488,2488,135,273,281,253,313,500,360,245,112,14,2
전라남도 여수시 대교동(4613065500),7673,7673,327,721,959,903,1084,1514,1261,669,208,23,4,3949,3949,163,384,509,583,626,719,603,300,59,3,0,3724,3724,164,337,450,320,458,795,658,369,149,20,4
전라남도 여수시 국동(4613067000),12583,12583,941,1659,1776,1602,2089,2229,1411,644,208,17,7,6423,6423,482,870,958,920,1059,1077,719,286,50,2,0,6160,6160,459,789,818,682,1030,1152,692,358,158,15,7
전라남도 여수시 월호동(4613068500),8623,8623,735,1051,1152,1189,1227,1600,1008,475,154,32,0,4387,4387,359,552,653,661,612,792,503,202,49,4,0,4236,4236,376,499,499,528,615,808,505,273,105,28,0
전라남도 여수시 여서동(4613070000),23743,23743,2373,3832,3317,3409,4096,3814,1610,910,341,39,2,11772,11772,1224,2059,1711,1707,1922,1908,797,349,91,4,0,11971,11971,1149,1773,1606,1702,2174,1906,813,561,250,35,2
전라남도 여수시 문수동(4613071000),24194,24194,2697,4052,2915,3844,4329,3333,1688,945,351,39,1,11985,11985,1403,2118,1541,1803,2227,1682,803,340,63,5,0,12209,12209,1294,1934,1374,2041,2102,1651,885,605,288,34,1
전라남도 여수시 미평동(4613073000),14053,14053,1310,2311,1904,2005,2603,2079,1044,584,200,13,0,7156,7156,668,1197,1060,1025,1323,1106,514,205,54,4,0,6897,6897,642,1114,844,980,1280,973,530,379,146,9,0
전라남도 여수시 둔덕동(4613074000),11775,11775,1483,1790,1486,2047,2094,1680,727,314,138,15,1,5931,5931,775,903,797,1009,1084,833,363,132,32,3,0,5844,5844,708,887,689,1038,1010,847,364,182,106,12,1
전라남도 여수시 만덕동(4613076500),6050,6050,381,626,781,760,820,1071,930,490,157,31,3,3015,3015,195,317,425,439,442,506,453,197,36,5,0,3035,3035,186,309,356,321,378,565,477,293,121,26,3
전라남도 여수시 쌍봉동(4613078000),37425,37425,4686,6788,4457,6152,7343,4680,1876,991,398,52,2,18914,18914,2426,3551,2355,2872,3819,2461,973,359,90,8,0,18511,18511,2260,3237,2102,3280,3524,2219,903,632,308,44,2
전라남도 여수시 시전동(4613079000),23228,23228,2741,4229,2894,3768,4551,2894,1163,683,280,25,0,11641,11641,1414,2176,1549,1773,2300,1520,573,265,66,5,0,11587,11587,1327,2053,1345,1995,2251,1374,590,418,214,20,0
전라남도 여수시 여천동(4613080000),23017,23017,2409,4173,2936,3410,4508,3018,1349,863,315,34,2,11568,11568,1216,2187,1543,1656,2323,1584,678,303,73,5,0,11449,11449,1193,1986,1393,1754,2185,1434,671,560,242,29,2
전라남도 여수시 주삼동(4613081000),8884,8884,1783,999,892,2235,1189,812,581,276,100,14,3,4490,4490,925,493,422,1137,692,388,292,115,22,2,2,4394,4394,858,506,470,1098,497,424,289,161,78,12,1
전라남도 여수시 삼일동(4613082000),3623,3623,160,334,463,407,553,638,515,392,130,24,7,1906,1906,82,169,261,257,338,340,249,167,37,6,0,1717,1717,78,165,202,150,215,298,266,225,93,18,7
전라남도 여수시 묘도동(4613083000),1316,1316,60,80,153,139,185,197,212,211,69,9,1,696,696,34,41,99,95,137,109,83,79,18,1,0,620,620,26,39,54,44,48,88,129,132,51,8,1
전라남도 순천시 (4615000000),272749,272749,26336,45638,33725,38470,48952,36308,21101,15597,5869,713,40,136286,136286,13776,24107,17906,19037,24794,18534,10124,6086,1795,119,8,136463,136463,12560,21531,15819,19433,24158,17774,10977,9511,4074,594,32
전라남도 순천시 승주읍(4615025000),3416,3416,159,275,307,310,485,519,500,619,221,21,0,1696,1696,71,141,186,190,305,286,214,223,75,5,0,1720,1720,88,134,121,120,180,233,286,396,146,16,0
전라남도 순천시 해룡면(4615031000),6317,6317,318,542,711,674,907,1036,885,890,319,35,0,3293,3293,177,290,409,426,555,540,416,361,115,4,0,3024,3024,141,252,302,248,352,496,469,529,204,31,0
전라남도 순천시 해룡면상삼출장소(4615031500),20065,20065,2980,4593,2014,3720,4259,1464,518,354,147,15,1,9975,9975,1562,2434,987,1635,2178,803,224,104,44,4,0,10090,10090,1418,2159,1027,2085,2081,661,294,250,103,11,1
전라남도 순천시 서면(4615032000),11441,11441,1138,1380,1263,1746,1787,1554,1228,957,345,42,1,5767,5767,598,704,662,951,1020,770,582,371,101,8,0,5674,5674,540,676,601,795,767,784,646,586,244,34,1
전라남도 순천시 황전면(4615033000),3787,3787,136,296,346,276,438,554,696,727,288,29,1,1874,1874,69,149,199,189,266,286,333,277,100,5,1,1913,1913,67,147,147,87,172,268,363,450,188,24,0
전라남도 순천시 월등면(4615034000),2192,2192,89,186,220,192,265,353,367,357,141,22,0,1062,1062,46,87,126,120,151,189,164,123,50,6,0,1130,1130,43,99,94,72,114,164,203,234,91,16,0
전라남도 순천시 주암면(4615035000),3977,3977,148,312,354,283,468,605,687,786,301,32,1,1945,1945,75,155,206,197,276,299,323,296,108,10,0,2032,2032,73,157,148,86,192,306,364,490,193,22,1
전라남도 순천시 송광면(4615036000),1956,1956,58,131,181,165,276,288,346,359,129,18,5,1012,1012,33,71,111,120,173,171,151,141,33,6,2,944,944,25,60,70,45,103,117,195,218,96,12,3
전라남도 순천시 외서면(4615037000),1092,1092,39,79,80,72,120,177,191,212,109,13,0,531,531,21,45,53,50,70,87,96,74,33,2,0,561,561,18,34,27,22,50,90,95,138,76,11,0
전라남도 순천시 낙안면(4615038000),3934,3934,148,374,388,282,454,687,662,677,229,29,4,1942,1942,76,201,237,163,260,352,311,254,83,3,2,1992,1992,72,173,151,119,194,335,351,423,146,26,2
전라남도 순천시 별량면(4615039000),6835,6835,372,545,643,699,818,1081,1055,1173,387,60,2,3438,3438,194,285,355,453,492,570,484,466,123,16,0,3397,3397,178,260,288,246,326,511,571,707,264,44,2
전라남도 순천시 상사면(4615040000),3045,3045,170,300,340,279,399,475,448,425,175,34,0,1534,1534,95,165,182,178,233,248,199,180,51,3,0,1511,1511,75,135,158,101,166,227,249,245,124,31,0
전라남도 순천시 향동(4615051500),5372,5372,271,664,690,643,713,979,719,488,177,25,3,2710,2710,154,370,364,368,369,474,367,185,54,5,0,2662,2662,117,294,326,275,344,505,352,303,123,20,3
전라남도 순천시 매곡동(4615054000),7046,7046,336,1359,1413,695,885,968,744,455,177,13,1,3542,3542,178,716,775,372,436,456,370,189,50,0,0,3504,3504,158,643,638,323,449,512,374,266,127,13,1
전라남도 순천시 삼산동(4615055000),23452,23452,2271,4066,3195,3198,4200,3489,1629,944,394,59,7,11649,11649,1187,2179,1667,1589,1970,1761,811,375,105,4,1,11803,11803,1084,1887,1528,1609,2230,1728,818,569,289,55,6
전라남도 순천시 조곡동(4615056000),7836,7836,657,907,1058,1180,1219,1320,830,459,176,29,1,3980,3980,344,475,587,638,639,622,416,194,62,3,0,3856,3856,313,432,471,542,580,698,414,265,114,26,1
전라남도 순천시 덕연동(4615057000),51834,51834,5892,10257,6742,7748,10196,6703,2357,1351,533,55,0,25893,25893,3119,5429,3602,3554,4899,3465,1174,490,156,5,0,25941,25941,2773,4828,3140,4194,5297,3238,1183,861,377,50,0
전라남도 순천시 풍덕동(4615058000),9950,9950,654,1403,1403,1228,1544,1778,1164,574,171,30,1,5032,5032,335,760,759,672,749,865,555,283,48,6,0,4918,4918,319,643,644,556,795,913,609,291,123,24,1
전라남도 순천시 남제동(4615059000),11886,11886,763,1804,1628,1457,2023,1944,1292,703,240,32,0,6022,6022,398,973,896,809,1024,885,637,331,61,8,0,5864,5864,365,831,732,648,999,1059,655,372,179,24,0
전라남도 순천시 저전동(4615060000),3824,3824,225,492,515,442,579,611,525,306,117,10,2,1894,1894,113,254,280,242,277,280,253,150,43,1,1,1930,1930,112,238,235,200,302,331,272,156,74,9,1
전라남도 순천시 장천동(4615061000),3395,3395,115,330,511,398,549,664,468,253,100,5,2,1741,1741,60,175,261,243,289,320,226,128,38,1,0,1654,1654,55,155,250,155,260,344,242,125,62,4,2
전라남도 순천시 중앙동(4615062000),4428,4428,259,503,655,626,667,737,552,302,110,12,5,2196,2196,142,276,348,320,329,354,268,126,33,0,0,2232,2232,117,227,307,306,338,383,284,176,77,12,5
전라남도 순천시 도사동(4615063500),9732,9732,784,1158,1328,1331,1564,1500,959,777,298,32,1,4993,4993,411,619,733,741,836,786,472,306,86,2,1,4739,4739,373,539,595,590,728,714,487,471,212,30,0
전라남도 순천시 왕조1동(4615066100),42207,42207,5252,8128,5152,7020,8724,4693,1689,1085,421,42,1,20766,20766,2731,4198,2622,3171,4308,2472,804,349,105,6,0,21441,21441,2521,3930,2530,3849,4416,2221,885,736,316,36,1
전라남도 순천시 왕조2동(4615066500),23730,23730,3102,5554,2588,3806,5413,2129,590,364,164,19,1,11799,11799,1587,2956,1299,1646,2690,1193,274,110,38,6,0,11931,11931,1515,2598,1289,2160,2723,936,316,254,126,13,1
전라남도 나주시 (4617000000),89028,89028,6007,9298,9411,10262,12881,13989,12083,10671,3895,476,55,44759,44759,3153,4797,5142,5980,7416,7346,5597,4032,1196,94,6,44269,44269,2854,4501,4269,4282,5465,6643,6486,6639,2699,382,49
전라남도 나주시 남평읍(4617025000),7845,7845,471,704,877,951,1206,1342,1080,853,327,30,4,3975,3975,236,371,476,550,685,708,513,335,96,5,0,3870,3870,235,333,401,401,521,634,567,518,231,25,4
전라남도 나주시 세지면(4617031000),3475,3475,194,316,308,302,490,560,529,565,180,27,4,1793,1793,100,170,177,212,314,300,239,221,55,5,0,1682,1682,94,146,131,90,176,260,290,344,125,22,4
전라남도 나주시 왕곡면(4617032000),3868,3868,214,373,407,369,525,652,564,555,188,20,1,1964,1964,120,188,220,240,323,348,270,195,56,4,0,1904,1904,94,185,187,129,202,304,294,360,132,16,1
전라남도 나주시 반남면(4617033000),1907,1907,68,154,171,155,267,334,307,316,116,18,1,950,950,35,81,101,99,152,177,153,102,41,8,1,957,957,33,73,70,56,115,157,154,214,75,10,0
전라남도 나주시 공산면(4617034000),2922,2922,166,203,278,273,320,485,503,516,160,18,0,1440,1440,96,105,153,170,197,255,212,197,48,7,0,1482,1482,70,98,125,103,123,230,291,319,112,11,0
전라남도 나주시 동강면(4617035000),3317,3317,115,270,293,255,388,558,603,620,192,18,5,1582,1582,69,140,149,167,223,301,259,214,59,1,0,1735,1735,46,130,144,88,165,257,344,406,133,17,5
전라남도 나주시 다시면(4617036000),4465,4465,185,330,425,406,560,745,702,776,296,38,2,2205,2205,103,174,250,270,326,395,312,271,96,7,1,2260,2260,82,156,175,136,234,350,390,505,200,31,1
전라남도 나주시 문평면(4617037000),2409,2409,87,155,211,192,310,382,408,482,160,22,0,1177,1177,48,85,113,137,188,203,184,174,42,3,0,1232,1232,39,70,98,55,122,179,224,308,118,19,0
전라남도 나주시 노안면(4617038000),5578,5578,234,391,550,484,758,1013,905,884,311,43,5,2898,2898,127,182,325,325,476,567,424,358,105,9,0,2680,2680,107,209,225,159,282,446,481,526,206,34,5
전라남도 나주시 금천면(4617039000),5319,5319,236,514,552,520,736,914,889,676,255,23,4,2752,2752,118,251,308,336,453,502,429,271,81,3,0,2567,2567,118,263,244,184,283,412,460,405,174,20,4
전라남도 나주시 산포면(4617040000),4211,4211,176,353,441,436,601,768,629,555,216,33,3,2168,2168,86,195,246,286,361,412,297,208,68,7,2,2043,2043,90,158,195,150,240,356,332,347,148,26,1
전라남도 나주시 다도면(4617042000),2289,2289,79,117,175,178,329,422,440,404,133,12,0,1178,1178,42,60,103,116,200,237,207,164,46,3,0,1111,1111,37,57,72,62,129,185,233,240,87,9,0
전라남도 나주시 봉황면(4617043000),5213,5213,228,414,492,409,678,845,934,855,313,42,3,2649,2649,132,221,276,267,418,446,447,338,95,9,0,2564,2564,96,193,216,142,260,399,487,517,218,33,3
전라남도 나주시 송월동(4617051000),7181,7181,1036,1252,770,1275,1226,705,432,338,126,18,3,3480,3480,528,615,403,599,647,353,167,128,38,2,0,3701,3701,508,637,367,676,579,352,265,210,88,16,3
전라남도 나주시 영강동(4617052000),4017,4017,449,570,467,694,616,495,327,245,135,16,3,2023,2023,221,306,246,372,350,247,152,94,34,1,0,1994,1994,228,264,221,322,266,248,175,151,101,15,3
전라남도 나주시 금남동(4617054000),6921,6921,456,925,801,848,1104,1047,873,620,218,25,4,3483,3483,248,494,424,460,597,525,402,260,67,6,0,3438,3438,208,431,377,388,507,522,471,360,151,19,4
전라남도 나주시 성북동(4617055000),9708,9708,1072,1375,1251,1586,1546,1282,802,532,234,28,0,4817,4817,556,719,645,814,804,635,389,181,68,6,0,4891,4891,516,656,606,772,742,647,413,351,166,22,0
전라남도 나주시 영산동(4617058000),4337,4337,318,460,474,440,655,722,582,482,185,15,4,2175,2175,175,233,262,248,373,375,263,183,59,4,0,2162,2162,143,227,212,192,282,347,319,299,126,11,4
전라남도 나주시 이창동(4617060000),4046,4046,223,422,468,489,566,718,574,397,150,30,9,2050,2050,113,207,265,312,329,360,278,138,42,4,2,1996,1996,110,215,203,177,237,358,296,259,108,26,7
전라남도 광양시 (4623000000),147043,147043,16148,24704,17652,22537,28559,18472,9053,6922,2649,328,19,75698,75698,8362,13013,9663,11405,15427,9931,4388,2692,745,68,4,71345,71345,7786,11691,7989,11132,13132,8541,4665,4230,1904,260,15
전라남도 광양시 광양읍(4623025000),45565,45565,5139,6920,5745,7217,7969,6156,3192,2260,841,114,12,23083,23083,2670,3624,2989,3691,4193,3241,1546,888,215,23,3,22482,22482,2469,3296,2756,3526,3776,2915,1646,1372,626,91,9
전라남도 광양시 봉강면(4623031000),2356,2356,161,227,240,245,334,313,333,352,134,16,1,1200,1200,82,117,129,153,212,166,143,149,46,3,0,1156,1156,79,110,111,92,122,147,190,203,88,13,1
전라남도 광양시 옥룡면(4623032000),3298,3298,168,271,309,308,458,474,520,558,209,23,0,1663,1663,85,153,180,178,290,253,231,214,73,6,0,1635,1635,83,118,129,130,168,221,289,344,136,17,0
전라남도 광양시 옥곡면(4623033000),3927,3927,203,401,495,371,573,659,524,505,171,22,3,1964,1964,96,206,282,212,331,334,243,202,52,6,0,1963,1963,107,195,213,159,242,325,281,303,119,16,3
전라남도 광양시 진상면(4623034000),3513,3513,182,264,361,297,464,557,565,563,229,31,0,1778,1778,110,144,213,179,282,291,255,239,59,6,0,1735,1735,72,120,148,118,182,266,310,324,170,25,0
전라남도 광양시 진월면(4623035000),3693,3693,195,261,405,376,467,584,597,541,248,18,1,1897,1897,105,153,238,244,304,287,282,213,67,4,0,1796,1796,90,108,167,132,163,297,315,328,181,14,1
전라남도 광양시 다압면(4623036000),1991,1991,119,163,181,169,256,340,326,313,112,12,0,1000,1000,60,81,111,108,163,174,139,123,38,3,0,991,991,59,82,70,61,93,166,187,190,74,9,0
전라남도 광양시 골약동(4623051500),2613,2613,135,204,316,306,354,417,392,338,129,22,0,1394,1394,77,103,177,207,223,219,197,138,49,4,0,1219,1219,58,101,139,99,131,198,195,200,80,18,0
전라남도 광양시 중마동(4623053000),49050,49050,7550,9255,5500,9855,10411,4109,1317,751,267,33,2,25191,25191,3900,4844,2824,4764,5627,2243,640,283,61,4,1,23859,23859,3650,4411,2676,5091,4784,1866,677,468,206,29,1
전라남도 광양시 광영동(4623054000),12606,12606,1233,2256,1688,1848,2692,1811,629,325,112,12,0,6650,6650,621,1218,971,979,1417,968,326,115,33,2,0,5956,5956,612,1038,717,869,1275,843,303,210,79,10,0
전라남도 광양시 금호동(4623055000),15708,15708,887,4173,2012,1227,4110,2610,387,174,107,21,0,8420,8420,464,2214,1307,482,2115,1511,254,44,24,5,0,7288,7288,423,1959,705,745,1995,1099,133,130,83,16,0
전라남도 광양시 태인동(4623057000),2723,2723,176,309,400,318,471,442,271,242,90,4,0,1458,1458,92,156,242,208,270,244,132,84,28,2,0,1265,1265,84,153,158,110,201,198,139,158,62,2,0
전라남도 담양군 (4671000000),47011,47011,2728,4560,5070,5036,6707,7616,6720,6048,2185,318,23,23679,23679,1414,2408,2709,2989,3857,4011,3125,2400,702,59,5,23332,23332,1314,2152,2361,2047,2850,3605,3595,3648,1483,259,18
전라남도 담양군 담양읍(4671025000),13984,13984,1133,1630,1678,1868,2078,2091,1686,1295,467,51,7,7062,7062,581,869,903,1043,1117,1078,788,527,145,9,2,6922,6922,552,761,775,825,961,1013,898,768,322,42,5
전라남도 담양군 봉산면(4671031000),2944,2944,127,239,298,314,388,524,470,419,149,15,1,1496,1496,67,129,150,201,238,265,226,171,48,1,0,1448,1448,60,110,148,113,150,259,244,248,101,14,1
전라남도 담양군 고서면(4671032000),3723,3723,212,345,434,364,552,635,542,451,157,29,2,1884,1884,106,178,222,211,324,348,252,178,56,8,1,1839,1839,106,167,212,153,228,287,290,273,101,21,1
전라남도 담양군 남면(4671033000),1422,1422,62,124,137,125,210,223,230,218,83,10,0,722,722,34,69,77,79,121,121,102,86,31,2,0,700,700,28,55,60,46,89,102,128,132,52,8,0
전라남도 담양군 창평면(4671034000),4078,4078,183,440,380,369,616,641,597,611,199,40,2,2049,2049,101,234,202,230,344,357,264,249,64,4,0,2029,2029,82,206,178,139,272,284,333,362,135,36,2
전라남도 담양군 대덕면(4671035000),2092,2092,99,190,211,179,312,332,324,302,135,7,1,1076,1076,55,105,118,110,189,188,144,121,45,1,0,1016,1016,44,85,93,69,123,144,180,181,90,6,1
전라남도 담양군 무정면(4671036000),2799,2799,127,218,327,242,334,468,434,444,172,32,1,1394,1394,73,104,191,149,189,236,214,170,56,12,0,1405,1405,54,114,136,93,145,232,220,274,116,20,1
전라남도 담양군 금성면(4671037000),2850,2850,122,191,295,268,359,498,457,457,168,34,1,1388,1388,58,94,159,165,215,237,215,190,50,4,1,1462,1462,64,97,136,103,144,261,242,267,118,30,0
전라남도 담양군 용면(4671038000),1963,1963,72,166,200,169,256,374,321,287,105,13,0,969,969,36,76,100,104,146,199,153,117,36,2,0,994,994,36,90,100,65,110,175,168,170,69,11,0
전라남도 담양군 월산면(4671039000),2656,2656,139,220,292,233,348,478,436,361,128,20,1,1364,1364,64,122,156,149,215,257,216,142,39,4,0,1292,1292,75,98,136,84,133,221,220,219,89,16,1
전라남도 담양군 수북면(4671040000),4132,4132,213,378,411,408,599,682,592,580,224,41,4,2075,2075,118,202,214,255,353,362,273,210,78,9,1,2057,2057,95,176,197,153,246,320,319,370,146,32,3
전라남도 담양군 대전면(4671041000),4368,4368,239,419,407,497,655,670,631,623,198,26,3,2200,2200,121,226,217,293,406,363,278,239,54,3,0,2168,2168,118,193,190,204,249,307,353,384,144,23,3
전라남도 곡성군 (4672000000),31592,31592,2004,3208,2890,3073,4300,4597,4485,4985,1826,215,9,15371,15371,1048,1625,1546,1739,2431,2438,2007,1902,593,41,1,16221,16221,956,1583,1344,1334,1869,2159,2478,3083,1233,174,8
전라남도 곡성군 곡성읍(4672025000),8562,8562,652,1096,877,971,1253,1305,1057,948,364,37,2,4173,4173,331,540,467,509,659,679,492,371,115,10,0,4389,4389,321,556,410,462,594,626,565,577,249,27,2
전라남도 곡성군 오곡면(4672031000),2247,2247,144,160,212,201,276,343,355,418,121,16,1,1097,1097,79,88,111,123,163,184,141,163,44,1,0,1150,1150,65,72,101,78,113,159,214,255,77,15,1
전라남도 곡성군 삼기면(4672032000),1908,1908,85,138,128,161,234,283,297,387,172,22,1,924,924,45,81,68,106,134,151,131,154,50,4,0,984,984,40,57,60,55,100,132,166,233,122,18,1
전라남도 곡성군 석곡면(4672033000),2822,2822,133,275,234,223,367,392,422,566,196,13,1,1353,1353,73,145,122,125,214,195,193,215,69,2,0,1469,1469,60,130,112,98,153,197,229,351,127,11,1
전라남도 곡성군 목사동면(4672034000),1577,1577,53,121,136,107,188,217,265,353,119,17,1,754,754,30,61,71,67,103,116,121,138,45,1,1,823,823,23,60,65,40,85,101,144,215,74,16,0
전라남도 곡성군 죽곡면(4672035000),1999,1999,87,150,158,155,227,314,370,385,141,12,0,960,960,52,72,90,95,127,164,173,147,38,2,0,1039,1039,35,78,68,60,100,150,197,238,103,10,0
전라남도 곡성군 고달면(4672036000),1384,1384,58,97,114,85,157,186,259,316,100,12,0,654,654,26,55,62,49,97,100,112,119,33,1,0,730,730,32,42,52,36,60,86,147,197,67,11,0
전라남도 곡성군 옥과면(4672037000),4405,4405,319,570,474,487,696,626,525,510,181,17,0,2173,2173,169,285,249,258,381,332,254,181,59,5,0,2232,2232,150,285,225,229,315,294,271,329,122,12,0
전라남도 곡성군 입면(4672038000),3028,3028,304,279,228,397,412,368,367,474,172,27,0,1489,1489,160,136,131,215,250,194,157,181,60,5,0,1539,1539,144,143,97,182,162,174,210,293,112,22,0
전라남도 곡성군 겸면(4672039000),2031,2031,109,169,176,164,266,306,325,356,137,21,2,978,978,50,89,89,110,160,170,129,136,41,4,0,1053,1053,59,80,87,54,106,136,196,220,96,17,2
전라남도 곡성군 오산면(4672040000),1629,1629,60,153,153,122,224,257,243,272,123,21,1,816,816,33,73,86,82,143,153,104,97,39,6,0,813,813,27,80,67,40,81,104,139,175,84,15,1
전라남도 구례군 (4673000000),27312,27312,1805,2795,2503,2795,3778,4164,3999,3860,1416,181,16,13302,13302,954,1422,1362,1535,2150,2080,1774,1551,434,35,5,14010,14010,851,1373,1141,1260,1628,2084,2225,2309,982,146,11
전라남도 구례군 구례읍(4673025000),11550,11550,1003,1541,1174,1444,1768,1715,1359,1070,424,48,4,5681,5681,539,782,641,721,953,854,619,445,115,11,1,5869,5869,464,759,533,723,815,861,740,625,309,37,3
전라남도 구례군 문척면(4673031000),1298,1298,59,106,102,113,174,198,217,238,84,7,0,672,672,37,63,52,73,111,107,98,105,26,0,0,626,626,22,43,50,40,63,91,119,133,58,7,0
전라남도 구례군 간전면(4673032000),1664,1664,88,120,124,140,217,275,296,294,90,17,3,786,786,36,53,72,81,129,139,130,114,31,1,0,878,878,52,67,52,59,88,136,166,180,59,16,3
전라남도 구례군 토지면(4673033000),2612,2612,143,204,204,194,372,446,394,452,180,21,2,1273,1273,82,106,122,116,209,229,164,172,66,7,0,1339,1339,61,98,82,78,163,217,230,280,114,14,2
전라남도 구례군 마산면(4673034000),2901,2901,154,288,279,297,394,452,435,424,157,20,1,1435,1435,83,146,155,165,237,232,200,163,47,6,1,1466,1466,71,142,124,132,157,220,235,261,110,14,0
전라남도 구례군 광의면(4673035000),2527,2527,126,157,221,185,263,352,462,532,197,31,1,1190,1190,65,76,124,116,155,174,203,214,59,4,0,1337,1337,61,81,97,69,108,178,259,318,138,27,1
전라남도 구례군 용방면(4673036000),1536,1536,59,121,124,141,156,239,275,293,109,17,2,724,724,24,61,65,92,87,114,121,120,36,3,1,812,812,35,60,59,49,69,125,154,173,73,14,1
전라남도 구례군 산동면(4673037000),3224,3224,173,258,275,281,434,487,561,557,175,20,3,1541,1541,88,135,131,171,269,231,239,218,54,3,2,1683,1683,85,123,144,110,165,256,322,339,121,17,1
전라남도 고흥군 (4677000000),73209,73209,4010,6678,6090,6158,8747,11685,12183,12328,4703,605,22,35348,35348,2105,3495,3367,3549,4922,5810,5658,4839,1502,101,0,37861,37861,1905,3183,2723,2609,3825,5875,6525,7489,3201,504,22
전라남도 고흥군 고흥읍(4677025000),12778,12778,1348,1888,1228,1666,1957,1821,1356,1020,433,61,0,6201,6201,696,976,635,806,1014,880,653,406,125,10,0,6577,6577,652,912,593,860,943,941,703,614,308,51,0
전라남도 고흥군 도양읍(4677025300),10823,10823,767,1287,969,1138,1532,1811,1617,1226,426,48,2,5334,5334,395,652,540,602,838,888,759,516,136,8,0,5489,5489,372,635,429,536,694,923,858,710,290,40,2
전라남도 고흥군 도양읍소록출장소(4677025400),758,758,17,23,26,27,36,103,160,216,122,28,0,394,394,12,13,10,13,15,55,99,119,47,11,0,364,364,5,10,16,14,21,48,61,97,75,17,0
전라남도 고흥군 도양읍시산출장소(4677025500),256,256,20,8,24,31,34,32,46,56,4,1,0,132,132,8,6,15,22,20,18,17,26,0,0,0,124,124,12,2,9,9,14,14,29,30,4,1,0
전라남도 고흥군 풍양면(4677031000),3842,3842,114,218,322,264,406,629,755,794,292,46,2,1861,1861,60,119,184,184,256,319,329,319,81,10,0,1981,1981,54,99,138,80,150,310,426,475,211,36,2
전라남도 고흥군 도덕면(4677032000),3442,3442,116,242,259,210,367,520,646,745,295,41,1,1616,1616,60,118,145,130,218,275,281,294,91,4,0,1826,1826,56,124,114,80,149,245,365,451,204,37,1
전라남도 고흥군 금산면(4677033000),4987,4987,192,389,370,337,553,825,997,980,309,34,1,2485,2485,96,217,225,207,315,412,482,412,109,10,0,2502,2502,96,172,145,130,238,413,515,568,200,24,1
전라남도 고흥군 도화면(4677034000),4748,4748,223,373,346,356,522,792,862,881,342,50,1,2283,2283,120,192,206,206,293,372,446,335,108,5,0,2465,2465,103,181,140,150,229,420,416,546,234,45,1
전라남도 고흥군 포두면(4677035000),5936,5936,234,441,481,399,663,992,1089,1152,429,50,6,2834,2834,133,229,265,256,368,485,483,452,155,8,0,3102,3102,101,212,216,143,295,507,606,700,274,42,6
전라남도 고흥군 봉래면(4677036000),2250,2250,118,138,158,184,245,377,416,440,156,18,0,1084,1084,61,77,79,117,157,186,194,158,52,3,0,1166,1166,57,61,79,67,88,191,222,282,104,15,0
전라남도 고흥군 점암면(4677037000),3158,3158,116,180,236,212,271,508,622,656,318,37,2,1483,1483,65,99,127,144,172,249,289,239,93,6,0,1675,1675,51,81,109,68,99,259,333,417,225,31,2
전라남도 고흥군 과역면(4677038000),4001,4001,149,344,373,296,465,669,622,739,303,39,2,1865,1865,78,177,200,184,251,345,265,270,92,3,0,2136,2136,71,167,173,112,214,324,357,469,211,36,2
전라남도 고흥군 남양면(4677039000),2742,2742,108,170,240,158,279,489,491,548,234,23,2,1299,1299,62,100,120,94,169,245,221,210,73,5,0,1443,1443,46,70,120,64,110,244,270,338,161,18,2
전라남도 고흥군 동강면(4677040000),3747,3747,170,323,324,287,405,583,626,717,282,30,0,1829,1829,88,173,197,184,243,286,284,256,113,5,0,1918,1918,82,150,127,103,162,297,342,461,169,25,0
전라남도 고흥군 대서면(4677041000),2772,2772,83,197,230,157,320,459,484,614,206,22,0,1346,1346,43,101,141,106,190,236,223,233,66,7,0,1426,1426,40,96,89,51,130,223,261,381,140,15,0
전라남도 고흥군 두원면(4677042000),3620,3620,127,197,237,220,334,519,739,873,331,43,0,1685,1685,69,99,128,151,199,259,333,350,94,3,0,1935,1935,58,98,109,69,135,260,406,523,237,40,0
전라남도 고흥군 영남면(4677044000),1604,1604,61,120,114,100,145,248,335,344,116,21,0,757,757,35,68,68,65,83,124,145,135,33,1,0,847,847,26,52,46,35,62,124,190,209,83,20,0
전라남도 고흥군 동일면(4677045000),1745,1745,47,140,153,116,213,308,320,327,105,13,3,860,860,24,79,82,78,121,176,155,109,34,2,0,885,885,23,61,71,38,92,132,165,218,71,11,3
전라남도 보성군 (4678000000),48280,48280,3297,4528,4530,4651,6039,7259,7261,7620,2712,350,33,23364,23364,1684,2397,2491,2575,3354,3723,3265,2929,862,78,6,24916,24916,1613,2131,2039,2076,2685,3536,3996,4691,1850,272,27
전라남도 보성군 보성읍(4678025000),10186,10186,979,1282,1067,1280,1500,1459,1156,1080,331,50,2,4941,4941,468,686,541,624,787,754,538,428,106,9,0,5245,5245,511,596,526,656,713,705,618,652,225,41,2
전라남도 보성군 벌교읍(4678025300),14745,14745,1027,1451,1494,1472,1828,2300,2233,2035,791,95,19,7204,7204,538,750,850,834,1017,1145,1007,795,239,25,4,7541,7541,489,701,644,638,811,1155,1226,1240,552,70,15
전라남도 보성군 노동면(4678031000),1259,1259,66,75,88,108,118,157,210,312,114,11,0,596,596,42,35,47,65,69,89,98,106,43,2,0,663,663,24,40,41,43,49,68,112,206,71,9,0
전라남도 보성군 미력면(4678032000),1688,1688,90,112,138,134,187,255,283,350,127,11,1,809,809,46,51,83,81,115,141,117,137,36,2,0,879,879,44,61,55,53,72,114,166,213,91,9,1
전라남도 보성군 겸백면(4678033000),1404,1404,72,82,110,104,150,179,237,346,111,13,0,673,673,42,45,58,58,91,93,115,134,36,1,0,731,731,30,37,52,46,59,86,122,212,75,12,0
전라남도 보성군 율어면(4678034000),1512,1512,107,82,119,128,160,201,247,338,109,21,0,717,717,56,45,61,81,95,106,104,124,39,6,0,795,795,51,37,58,47,65,95,143,214,70,15,0
전라남도 보성군 복내면(4678035000),2008,2008,96,149,155,159,223,295,310,449,158,14,0,978,978,56,78,87,90,134,168,135,173,53,4,0,1030,1030,40,71,68,69,89,127,175,276,105,10,0
전라남도 보성군 문덕면(4678036000),1048,1048,67,73,63,93,134,155,186,194,72,11,0,505,505,32,42,32,58,82,75,88,72,22,2,0,543,543,35,31,31,35,52,80,98,122,50,9,0
전라남도 보성군 조성면(4678037000),4571,4571,268,373,423,392,504,697,796,809,265,42,2,2172,2172,146,198,237,231,288,339,349,295,81,7,1,2399,2399,122,175,186,161,216,358,447,514,184,35,1
전라남도 보성군 득량면(4678038000),3410,3410,196,240,282,286,402,523,550,680,222,25,4,1632,1632,99,138,159,153,245,263,243,259,68,5,0,1778,1778,97,102,123,133,157,260,307,421,154,20,4
전라남도 보성군 득량면예당출장소(4678038500),1533,1533,89,175,160,141,187,263,238,205,67,6,2,730,730,42,96,88,87,82,137,105,75,16,1,1,803,803,47,79,72,54,105,126,133,130,51,5,1
전라남도 보성군 회천면(4678039000),3550,3550,192,328,310,270,465,581,590,551,221,39,3,1735,1735,91,169,172,156,251,313,266,227,81,9,0,1815,1815,101,159,138,114,214,268,324,324,140,30,3
전라남도 보성군 웅치면(4678040000),1366,1366,48,106,121,84,181,194,225,271,124,12,0,672,672,26,64,76,57,98,100,100,104,42,5,0,694,694,22,42,45,27,83,94,125,167,82,7,0
전라남도 화순군 (4679000000),69422,69422,6235,8891,6788,9303,11180,8971,7865,7443,2442,286,18,34358,34358,3244,4610,3571,4811,6315,4746,3481,2751,777,52,0,35064,35064,2991,4281,3217,4492,4865,4225,4384,4692,1665,234,18
전라남도 화순군 화순읍(4679025000),42271,42271,5083,6894,4383,6927,7519,4778,3298,2514,776,95,4,20911,20911,2653,3567,2215,3308,4029,2455,1476,947,250,11,0,21360,21360,2430,3327,2168,3619,3490,2323,1822,1567,526,84,4
전라남도 화순군 한천면(4679031000),1110,1110,52,81,79,116,131,156,223,196,69,7,0,545,545,28,52,43,72,90,71,97,77,11,4,0,565,565,24,29,36,44,41,85,126,119,58,3,0
전라남도 화순군 한천면영외출장소(4679031500),545,545,27,31,43,45,68,70,113,108,38,2,0,279,279,16,16,28,29,49,36,52,39,14,0,0,266,266,11,15,15,16,19,34,61,69,24,2,0
전라남도 화순군 춘양면(4679032000),2244,2244,91,151,165,191,296,311,360,474,181,24,0,1109,1109,53,69,103,127,193,179,169,169,44,3,0,1135,1135,38,82,62,64,103,132,191,305,137,21,0
전라남도 화순군 청풍면(4679033000),1290,1290,38,72,108,74,154,186,212,332,103,11,0,624,624,20,42,63,52,94,109,88,120,35,1,0,666,666,18,30,45,22,60,77,124,212,68,10,0
전라남도 화순군 이양면(4679034000),2233,2233,82,131,195,189,270,315,393,453,182,23,0,1072,1072,35,64,117,108,170,165,174,167,68,4,0,1161,1161,47,67,78,81,100,150,219,286,114,19,0
전라남도 화순군 능주면(4679035000),3581,3581,173,412,427,342,504,577,503,477,146,18,2,1781,1781,86,229,217,213,302,302,222,166,43,1,0,1800,1800,87,183,210,129,202,275,281,311,103,17,2
전라남도 화순군 도곡면(4679036000),3110,3110,157,235,308,301,420,548,455,499,164,21,2,1554,1554,87,122,172,195,244,296,221,163,49,5,0,1556,1556,70,113,136,106,176,252,234,336,115,16,2
전라남도 화순군 도암면(4679037000),1605,1605,64,92,106,113,201,251,314,355,96,13,0,824,824,34,54,61,75,142,133,137,147,36,5,0,781,781,30,38,45,38,59,118,177,208,60,8,0
전라남도 화순군 이서면(4679038000),1028,1028,39,65,86,76,124,164,193,204,63,10,4,516,516,18,38,46,55,79,90,85,75,26,4,0,512,512,21,27,40,21,45,74,108,129,37,6,4
전라남도 화순군 북면(4679039000),1924,1924,83,106,151,135,283,288,361,365,139,13,0,938,938,45,64,77,85,182,167,137,135,44,2,0,986,986,38,42,74,50,101,121,224,230,95,11,0
전라남도 화순군 동복면(4679040000),1979,1979,72,134,155,168,256,306,367,356,147,16,2,939,939,33,66,104,101,144,173,146,129,38,5,0,1040,1040,39,68,51,67,112,133,221,227,109,11,2
전라남도 화순군 남면(4679041000),2582,2582,96,178,209,230,328,416,484,466,162,11,2,1277,1277,57,87,125,139,191,223,220,167,65,3,0,1305,1305,39,91,84,91,137,193,264,299,97,8,2
전라남도 화순군 동면(4679042000),3920,3920,178,309,373,396,626,605,589,644,176,22,2,1989,1989,79,140,200,252,406,347,257,250,54,4,0,1931,1931,99,169,173,144,220,258,332,394,122,18,2
전라남도 장흥군 (4680000000),42155,42155,2720,4641,3945,3913,5698,6323,6019,6271,2347,262,16,20348,20348,1418,2401,2172,2144,3116,3187,2724,2422,707,56,1,21807,21807,1302,2240,1773,1769,2582,3136,3295,3849,1640,206,15
전라남도 장흥군 장흥읍(4680025000),15314,15314,1409,2211,1600,1848,2345,2188,1624,1460,561,60,8,7442,7442,724,1154,846,911,1219,1090,763,563,153,18,1,7872,7872,685,1057,754,937,1126,1098,861,897,408,42,7
전라남도 장흥군 관산읍(4680025300),6326,6326,335,620,644,462,818,972,1022,1020,397,35,1,3033,3033,193,310,341,264,443,494,445,407,130,6,0,3293,3293,142,310,303,198,375,478,577,613,267,29,1
전라남도 장흥군 대덕읍(4680025600),4185,4185,225,463,354,347,534,656,647,705,223,30,1,2031,2031,110,252,199,202,288,332,297,272,72,7,0,2154,2154,115,211,155,145,246,324,350,433,151,23,1
전라남도 장흥군 용산면(4680031000),2661,2661,124,177,237,201,292,419,458,540,198,15,0,1247,1247,69,92,135,128,160,212,199,202,48,2,0,1414,1414,55,85,102,73,132,207,259,338,150,13,0
전라남도 장흥군 안양면(4680032000),3299,3299,147,287,295,261,420,511,490,581,280,26,1,1582,1582,82,156,174,153,246,259,219,203,82,8,0,1717,1717,65,131,121,108,174,252,271,378,198,18,1
전라남도 장흥군 장동면(4680033000),1489,1489,70,111,114,116,169,229,227,335,105,12,1,728,728,37,42,69,73,105,118,114,129,37,4,0,761,761,33,69,45,43,64,111,113,206,68,8,1
전라남도 장흥군 장평면(4680034000),2559,2559,102,201,178,181,312,365,441,567,188,23,1,1222,1222,43,107,109,112,192,189,189,211,68,2,0,1337,1337,59,94,69,69,120,176,252,356,120,21,1
전라남도 장흥군 유치면(4680035000),1303,1303,59,93,92,117,201,234,205,197,91,14,0,658,658,30,54,54,69,125,124,92,76,33,1,0,645,645,29,39,38,48,76,110,113,121,58,13,0
전라남도 장흥군 부산면(4680036000),1652,1652,78,125,95,115,198,194,281,369,169,27,1,765,765,40,53,56,74,124,100,116,149,49,4,0,887,887,38,72,39,41,74,94,165,220,120,23,1
전라남도 장흥군 회진면(4680037000),3367,3367,171,353,336,265,409,555,624,497,135,20,2,1640,1640,90,181,189,158,214,269,290,210,35,4,0,1727,1727,81,172,147,107,195,286,334,287,100,16,2
전라남도 강진군 (4681000000),41493,41493,3282,4568,4166,4217,5264,6029,5769,5791,2142,247,18,19754,19754,1663,2424,2170,2189,2846,3005,2620,2184,613,39,1,21739,21739,1619,2144,1996,2028,2418,3024,3149,3607,1529,208,17
전라남도 강진군 강진읍(4681025000),15627,15627,1526,2424,1769,1933,2332,2151,1670,1259,496,60,7,7506,7506,777,1244,932,915,1180,1055,793,464,136,10,0,8121,8121,749,1180,837,1018,1152,1096,877,795,360,50,7
전라남도 강진군 군동면(4681031000),4548,4548,372,452,362,439,561,626,643,758,300,34,1,2146,2146,177,258,187,217,322,338,275,273,93,6,0,2402,2402,195,194,175,222,239,288,368,485,207,28,1
전라남도 강진군 칠량면(4681032000),2927,2927,178,241,267,256,339,443,459,547,179,16,2,1406,1406,80,135,142,159,193,241,197,205,53,1,0,1521,1521,98,106,125,97,146,202,262,342,126,15,2
전라남도 강진군 대구면(4681033000),1538,1538,101,110,157,148,154,248,269,248,95,8,0,716,716,59,64,78,77,92,109,126,93,18,0,0,822,822,42,46,79,71,62,139,143,155,77,8,0
전라남도 강진군 도암면(4681034000),3340,3340,219,296,311,266,357,497,544,617,197,34,2,1603,1603,112,170,163,153,206,257,241,248,48,5,0,1737,1737,107,126,148,113,151,240,303,369,149,29,2
전라남도 강진군 신전면(4681035000),2177,2177,141,130,188,177,232,363,386,417,127,15,1,1031,1031,66,73,98,104,131,177,187,161,33,1,0,1146,1146,75,57,90,73,101,186,199,256,94,14,1
전라남도 강진군 성전면(4681036000),3517,3517,282,274,364,339,368,541,554,578,195,21,1,1678,1678,141,149,192,181,207,258,255,227,62,5,1,1839,1839,141,125,172,158,161,283,299,351,133,16,0
전라남도 강진군 작천면(4681037000),2413,2413,126,177,227,166,274,348,388,473,205,26,3,1105,1105,62,93,118,91,157,170,165,182,59,8,0,1308,1308,64,84,109,75,117,178,223,291,146,18,3
전라남도 강진군 병영면(4681038000),2222,2222,122,178,218,193,246,310,345,419,173,17,1,1028,1028,70,91,116,117,127,146,138,163,58,2,0,1194,1194,52,87,102,76,119,164,207,256,115,15,1
전라남도 강진군 옴천면(4681039000),985,985,91,78,77,99,114,119,154,163,81,9,0,453,453,49,40,29,52,68,62,75,53,25,0,0,532,532,42,38,48,47,46,57,79,110,56,9,0
전라남도 강진군 마량면(4681040000),2199,2199,124,208,226,201,287,383,357,312,94,7,0,1082,1082,70,107,115,123,163,192,168,115,28,1,0,1117,1117,54,101,111,78,124,191,189,197,66,6,0
전라남도 해남군 (4682000000),78838,78838,5499,8647,7413,8070,11043,12375,11382,10338,3627,423,21,38665,38665,2807,4528,4032,4492,6165,6311,5340,3936,987,66,1,40173,40173,2692,4119,3381,3578,4878,6064,6042,6402,2640,357,20
전라남도 해남군 해남읍(4682025000),24927,24927,2745,3966,2629,3539,4100,3448,2276,1575,590,57,2,12244,12244,1406,2024,1381,1669,2151,1712,1128,613,149,11,0,12683,12683,1339,1942,1248,1870,1949,1736,1148,962,441,46,2
전라남도 해남군 삼산면(4682031000),3481,3481,181,298,334,313,460,562,584,507,212,29,1,1722,1722,93,157,189,204,263,293,264,195,61,3,0,1759,1759,88,141,145,109,197,269,320,312,151,26,1
전라남도 해남군 화산면(4682032000),3992,3992,182,321,383,310,516,682,750,630,197,21,0,2008,2008,95,170,218,201,310,349,364,241,56,4,0,1984,1984,87,151,165,109,206,333,386,389,141,17,0
전라남도 해남군 현산면(4682033000),3643,3643,181,308,324,286,460,599,621,633,210,20,1,1775,1775,89,186,185,172,255,309,277,249,49,4,0,1868,1868,92,122,139,114,205,290,344,384,161,16,1
전라남도 해남군 송지면(4682034000),7183,7183,370,751,678,562,1015,1212,1137,1100,308,48,2,3474,3474,186,403,373,318,562,595,550,400,77,10,0,3709,3709,184,348,305,244,453,617,587,700,231,38,2
전라남도 해남군 북평면(4682035000),3402,3402,182,310,243,276,428,521,641,572,210,19,0,1622,1622,91,159,127,155,247,260,299,213,68,3,0,1780,1780,91,151,116,121,181,261,342,359,142,16,0
전라남도 해남군 북일면(4682036000),2421,2421,116,199,174,178,284,376,444,482,151,15,2,1157,1157,55,105,97,110,167,200,185,198,37,2,1,1264,1264,61,94,77,68,117,176,259,284,114,13,1
전라남도 해남군 옥천면(4682037000),3618,3618,171,304,254,305,454,521,604,677,285,42,1,1722,1722,93,137,130,190,268,277,269,274,79,5,0,1896,1896,78,167,124,115,186,244,335,403,206,37,1
전라남도 해남군 계곡면(4682038000),2586,2586,99,125,193,205,240,413,456,626,200,28,1,1204,1204,53,72,95,133,145,205,207,226,64,4,0,1382,1382,46,53,98,72,95,208,249,400,136,24,1
전라남도 해남군 마산면(4682039000),2963,2963,152,213,227,268,358,447,545,520,207,23,3,1476,1476,77,125,135,179,232,219,254,192,61,2,0,1487,1487,75,88,92,89,126,228,291,328,146,21,3
전라남도 해남군 황산면(4682040000),6202,6202,324,566,571,470,826,1181,1004,955,274,28,3,3073,3073,172,313,311,292,471,607,472,350,80,5,0,3129,3129,152,253,260,178,355,574,532,605,194,23,3
전라남도 해남군 산이면(4682041000),5141,5141,295,452,540,496,698,864,819,705,235,35,2,2582,2582,141,235,289,311,409,473,372,279,65,8,0,2559,2559,154,217,251,185,289,391,447,426,170,27,2
전라남도 해남군 문내면(4682042000),4819,4819,265,437,429,399,651,811,831,690,274,32,0,2385,2385,138,246,246,237,363,413,401,261,76,4,0,2434,2434,127,191,183,162,288,398,430,429,198,28,0
전라남도 해남군 화원면(4682043000),4460,4460,236,397,434,463,553,738,670,666,274,26,3,2221,2221,118,196,256,321,322,399,298,245,65,1,0,2239,2239,118,201,178,142,231,339,372,421,209,25,3
전라남도 영암군 (4683000000),59993,59993,5725,6752,6388,8257,8788,8030,7028,6609,2128,266,22,30574,30574,2936,3551,3533,4775,5165,4186,3222,2525,628,48,5,29419,29419,2789,3201,2855,3482,3623,3844,3806,4084,1500,218,17
전라남도 영암군 영암읍(4683025000),9332,9332,826,1362,938,1151,1447,1290,1046,877,354,39,2,4528,4528,416,664,502,597,767,654,483,341,98,5,1,4804,4804,410,698,436,554,680,636,563,536,256,34,1
전라남도 영암군 삼호읍(4683025300),12388,12388,1763,1499,1499,2593,2048,1349,873,581,157,23,3,6769,6769,899,794,848,1536,1274,737,427,204,43,7,0,5619,5619,864,705,651,1057,774,612,446,377,114,16,3
전라남도 영암군 삼호읍서부출장소(4683025400),9357,9357,1638,1299,1362,2104,1580,740,344,213,72,5,0,5105,5105,848,683,746,1200,953,436,152,72,14,1,0,4252,4252,790,616,616,904,627,304,192,141,58,4,0
전라남도 영암군 덕진면(4683031000),2124,2124,120,149,166,177,264,308,349,427,134,25,5,1027,1027,60,76,88,114,171,151,154,168,38,6,1,1097,1097,60,73,78,63,93,157,195,259,96,19,4
전라남도 영암군 금정면(4683032000),2290,2290,110,154,149,200,301,345,404,465,148,13,1,1101,1101,64,83,81,117,175,183,181,165,48,4,0,1189,1189,46,71,68,83,126,162,223,300,100,9,1
전라남도 영암군 신북면(4683033000),4584,4584,253,431,452,410,600,796,738,659,214,26,5,2268,2268,122,248,234,232,327,405,354,269,71,4,2,2316,2316,131,183,218,178,273,391,384,390,143,22,3
전라남도 영암군 시종면(4683034000),4635,4635,205,379,410,385,590,822,769,786,260,27,2,2323,2323,114,216,240,240,364,416,362,285,84,1,1,2312,2312,91,163,170,145,226,406,407,501,176,26,1
전라남도 영암군 도포면(4683035000),2733,2733,148,227,223,219,361,463,458,488,126,18,2,1383,1383,87,134,126,136,219,244,210,185,38,4,0,1350,1350,61,93,97,83,142,219,248,303,88,14,2
전라남도 영암군 군서면(4683036000),3800,3800,190,361,322,295,494,589,653,653,204,38,1,1814,1814,95,194,188,173,283,302,261,245,62,11,0,1986,1986,95,167,134,122,211,287,392,408,142,27,1
전라남도 영암군 서호면(4683037000),2277,2277,93,170,201,162,259,344,406,454,168,19,1,1061,1061,51,80,108,92,152,171,178,183,43,3,0,1216,1216,42,90,93,70,107,173,228,271,125,16,1
전라남도 영암군 학산면(4683038000),3733,3733,229,503,375,312,494,540,543,537,180,20,0,1823,1823,112,256,203,172,283,265,253,219,59,1,0,1910,1910,117,247,172,140,211,275,290,318,121,19,0
전라남도 영암군 미암면(4683039000),2740,2740,150,218,291,249,350,444,445,469,111,13,0,1372,1372,68,123,169,166,197,222,207,189,30,1,0,1368,1368,82,95,122,83,153,222,238,280,81,12,0
전라남도 무안군 (4684000000),75140,75140,6946,9293,7638,10323,11508,10611,8783,7235,2469,317,17,37650,37650,3520,4822,4107,5589,6485,5504,4170,2710,676,66,1,37490,37490,3426,4471,3531,4734,5023,5107,4613,4525,1793,251,16
전라남도 무안군 무안읍(4684025000),11095,11095,1019,1609,1283,1428,1826,1628,1163,852,254,33,0,5498,5498,539,829,679,735,989,791,547,316,65,8,0,5597,5597,480,780,604,693,837,837,616,536,189,25,0
전라남도 무안군 일로읍(4684025300),7999,7999,434,870,796,794,1099,1267,1214,1100,384,41,0,4034,4034,228,462,466,492,639,644,578,415,102,8,0,3965,3965,206,408,330,302,460,623,636,685,282,33,0
전라남도 무안군 삼향읍(4684025600),6757,6757,340,722,678,659,1108,1205,969,747,278,48,3,3539,3539,173,392,376,380,662,674,511,278,85,7,1,3218,3218,167,330,302,279,446,531,458,469,193,41,2
전라남도 무안군 삼향읍남악출장소(4684025800),19107,19107,3605,3208,1903,4580,3259,1455,626,328,129,13,1,9422,9422,1819,1639,890,2220,1750,725,252,99,24,4,0,9685,9685,1786,1569,1013,2360,1509,730,374,229,105,9,1
전라남도 무안군 몽탄면(4684032000),3967,3967,156,357,346,336,536,566,659,703,273,34,1,1951,1951,79,182,203,215,327,295,311,255,74,10,0,2016,2016,77,175,143,121,209,271,348,448,199,24,1
전라남도 무안군 청계면(4684033000),7494,7494,473,728,803,852,1062,1248,1061,892,316,51,8,3765,3765,228,382,438,506,612,662,523,324,79,11,0,3729,3729,245,346,365,346,450,586,538,568,237,40,8
전라남도 무안군 현경면(4684034000),6003,6003,302,548,600,534,854,1013,987,839,295,31,0,2997,2997,142,281,335,345,497,530,457,318,85,7,0,3006,3006,160,267,265,189,357,483,530,521,210,24,0
전라남도 무안군 망운면(4684035000),2597,2597,126,218,284,254,357,494,425,297,127,15,0,1308,1308,52,113,161,162,195,257,202,124,40,2,0,1289,1289,74,105,123,92,162,237,223,173,87,13,0
전라남도 무안군 해제면(4684036000),6339,6339,303,631,554,557,829,1076,1083,999,275,31,1,3189,3189,168,340,317,337,481,558,496,409,79,4,0,3150,3150,135,291,237,220,348,518,587,590,196,27,1
전라남도 무안군 운남면(4684037000),3782,3782,188,402,391,329,578,659,596,478,138,20,3,1947,1947,92,202,242,197,333,368,293,172,43,5,0,1835,1835,96,200,149,132,245,291,303,306,95,15,3
전라남도 함평군 (4686000000),36463,36463,2216,3583,3274,3509,4791,5580,5594,5736,1937,221,22,18035,18035,1164,1921,1800,2082,2799,2934,2533,2168,589,44,1,18428,18428,1052,1662,1474,1427,1992,2646,3061,3568,1348,177,21
전라남도 함평군 함평읍(4686025000),9321,9321,736,1123,911,1051,1341,1350,1178,1157,401,67,6,4524,4524,394,580,482,559,734,697,531,432,101,14,0,4797,4797,342,543,429,492,607,653,647,725,300,53,6
전라남도 함평군 손불면(4686031000),4054,4054,202,355,326,326,529,614,745,714,212,30,1,1983,1983,100,176,180,206,308,325,326,298,57,7,0,2071,2071,102,179,146,120,221,289,419,416,155,23,1
전라남도 함평군 신광면(4686032000),2062,2062,91,174,179,184,238,330,360,368,122,14,2,1006,1006,39,96,98,118,138,165,177,137,35,3,0,1056,1056,52,78,81,66,100,165,183,231,87,11,2
전라남도 함평군 학교면(4686033000),4657,4657,250,520,412,409,597,719,693,768,266,21,2,2282,2282,137,286,220,234,338,383,312,283,83,6,0,2375,2375,113,234,192,175,259,336,381,485,183,15,2
전라남도 함평군 엄다면(4686034000),2339,2339,129,226,189,203,290,349,366,429,137,20,1,1138,1138,74,127,110,124,169,186,157,149,40,2,0,1201,1201,55,99,79,79,121,163,209,280,97,18,1
전라남도 함평군 대동면(4686035000),3152,3152,160,273,280,263,408,461,511,580,200,16,0,1573,1573,85,145,162,163,263,229,231,224,67,4,0,1579,1579,75,128,118,100,145,232,280,356,133,12,0
전라남도 함평군 나산면(4686036000),3246,3246,152,258,291,291,358,563,531,572,215,14,1,1608,1608,76,136,169,182,217,309,246,207,64,2,0,1638,1638,76,122,122,109,141,254,285,365,151,12,1
전라남도 함평군 해보면(4686037000),3221,3221,198,277,282,330,437,520,502,482,172,18,3,1649,1649,101,156,154,207,261,284,230,196,58,2,0,1572,1572,97,121,128,123,176,236,272,286,114,16,3
전라남도 함평군 월야면(4686038000),4411,4411,298,377,404,452,593,674,708,666,212,21,6,2272,2272,158,219,225,289,371,356,323,242,84,4,1,2139,2139,140,158,179,163,222,318,385,424,128,17,5
전라남도 영광군 (4687000000),57040,57040,4326,6480,5863,6491,8014,8509,8010,6808,2238,286,15,28336,28336,2199,3391,3265,3631,4416,4381,3689,2696,612,55,1,28704,28704,2127,3089,2598,2860,3598,4128,4321,4112,1626,231,14
전라남도 영광군 영광읍(4687025000),21593,21593,2235,3249,2358,3089,3404,2871,2156,1551,595,80,5,10646,10646,1128,1708,1276,1535,1748,1439,1036,614,148,14,0,10947,10947,1107,1541,1082,1554,1656,1432,1120,937,447,66,5
전라남도 영광군 백수읍(4687025300),5521,5521,228,506,539,415,652,856,983,1024,289,26,3,2694,2694,114,262,320,266,379,430,431,401,81,9,1,2827,2827,114,244,219,149,273,426,552,623,208,17,2
전라남도 영광군 홍농읍(4687025600),7497,7497,732,939,876,1031,1181,1098,830,613,176,20,1,3878,3878,371,488,497,568,665,614,377,245,51,2,0,3619,3619,361,451,379,463,516,484,453,368,125,18,1
전라남도 영광군 대마면(4687031000),1816,1816,87,149,157,137,198,281,333,312,144,16,2,900,900,53,87,87,88,109,150,155,114,53,4,0,916,916,34,62,70,49,89,131,178,198,91,12,2
전라남도 영광군 묘량면(4687032000),1988,1988,92,138,174,145,245,303,344,390,143,14,0,971,971,45,68,89,100,142,165,163,155,42,2,0,1017,1017,47,70,85,45,103,138,181,235,101,12,0
전라남도 영광군 불갑면(4687033000),1451,1451,64,96,140,110,181,252,257,243,93,15,0,708,708,31,55,75,57,109,128,121,97,31,4,0,743,743,33,41,65,53,72,124,136,146,62,11,0
전라남도 영광군 군서면(4687034000),2612,2612,148,249,188,218,324,387,476,462,132,27,1,1310,1310,80,133,122,140,207,187,209,190,37,5,0,1302,1302,68,116,66,78,117,200,267,272,95,22,1
전라남도 영광군 군남면(4687035000),2769,2769,94,140,220,178,292,380,601,651,183,29,1,1303,1303,52,59,115,120,188,184,259,272,50,4,0,1466,1466,42,81,105,58,104,196,342,379,133,25,1
전라남도 영광군 염산면(4687036000),4736,4736,190,355,457,383,553,877,967,709,221,24,0,2363,2363,96,195,262,271,304,433,464,272,62,4,0,2373,2373,94,160,195,112,249,444,503,437,159,20,0
전라남도 영광군 법성면(4687037000),6408,6408,432,613,719,692,878,1047,960,794,237,34,2,3187,3187,217,316,399,416,489,558,419,312,55,6,0,3221,3221,215,297,320,276,389,489,541,482,182,28,2
전라남도 영광군 낙월면(4687038000),437,437,14,33,18,65,76,110,68,38,15,0,0,254,254,8,16,10,50,53,65,37,15,0,0,0,183,183,6,17,8,15,23,45,31,23,15,0,0
전라남도 영광군 낙월면안마출장소(4687038500),212,212,10,13,17,28,30,47,35,21,10,1,0,122,122,4,4,13,20,23,28,18,9,2,1,0,90,90,6,9,4,8,7,19,17,12,8,0,0
전라남도 장성군 (4688000000),46009,46009,3410,4733,4679,5522,6555,6660,6332,5866,1953,278,21,23414,23414,1788,2536,2621,3190,3842,3527,2949,2289,616,53,3,22595,22595,1622,2197,2058,2332,2713,3133,3383,3577,1337,225,18
전라남도 장성군 장성읍(4688025000),13394,13394,1029,1588,1485,1709,1972,1996,1728,1362,459,59,7,6703,6703,545,822,802,943,1112,1003,825,500,140,10,1,6691,6691,484,766,683,766,860,993,903,862,319,49,6
전라남도 장성군 진원면(4688031000),3283,3283,230,312,332,316,470,494,484,456,159,28,2,1681,1681,125,173,184,185,292,245,236,177,58,6,0,1602,1602,105,139,148,131,178,249,248,279,101,22,2
전라남도 장성군 남면(4688032000),3755,3755,174,319,368,396,568,622,552,546,192,17,1,1936,1936,91,166,215,249,347,346,258,195,66,3,0,1819,1819,83,153,153,147,221,276,294,351,126,14,1
전라남도 장성군 동화면(4688033000),2087,2087,80,183,202,193,275,338,310,368,122,15,1,1076,1076,46,96,123,132,168,191,138,142,38,2,0,1011,1011,34,87,79,61,107,147,172,226,84,13,1
전라남도 장성군 삼서면(4688034000),3027,3027,124,194,262,309,404,458,507,567,173,28,1,1568,1568,66,105,151,209,252,253,234,224,69,5,0,1459,1459,58,89,111,100,152,205,273,343,104,23,1
전라남도 장성군 삼계면(4688035000),6967,6967,1047,916,776,1323,1003,645,575,492,167,23,0,3610,3610,543,509,449,685,582,354,240,195,47,6,0,3357,3357,504,407,327,638,421,291,335,297,120,17,0
전라남도 장성군 황룡면(4688036000),4513,4513,269,516,441,527,671,697,609,540,212,28,3,2279,2279,125,284,237,322,378,383,288,197,57,7,1,2234,2234,144,232,204,205,293,314,321,343,155,21,2
전라남도 장성군 서삼면(4688037000),1713,1713,108,185,153,174,246,263,253,243,75,11,2,883,883,65,90,87,112,147,141,113,101,24,2,1,830,830,43,95,66,62,99,122,140,142,51,9,1
전라남도 장성군 북일면(4688038000),1613,1613,95,122,150,121,206,238,280,284,96,21,0,802,802,49,75,81,72,126,121,120,129,26,3,0,811,811,46,47,69,49,80,117,160,155,70,18,0
전라남도 장성군 북이면(4688039000),3217,3217,165,241,308,275,393,465,582,625,139,23,1,1637,1637,88,137,174,170,232,247,274,268,41,6,0,1580,1580,77,104,134,105,161,218,308,357,98,17,1
전라남도 장성군 북하면(4688040000),2440,2440,89,157,202,179,347,444,452,383,159,25,3,1239,1239,45,79,118,111,206,243,223,161,50,3,0,1201,1201,44,78,84,68,141,201,229,222,109,22,3
전라남도 완도군 (4689000000),54044,54044,3807,5420,5074,5655,7221,8441,8258,7489,2361,302,16,26781,26781,1943,2856,2801,3216,4009,4302,3947,3012,650,44,1,27263,27263,1864,2564,2273,2439,3212,4139,4311,4477,1711,258,15
전라남도 완도군 완도읍(4689025000),19395,19395,1786,2708,2066,2565,3096,3012,2108,1487,493,70,4,9732,9732,919,1422,1095,1332,1663,1521,1033,619,118,10,0,9663,9663,867,1286,971,1233,1433,1491,1075,868,375,60,4
전라남도 완도군 금일읍(4689025300),3953,3953,198,302,336,318,464,757,703,645,206,23,1,1956,1956,96,150,194,205,270,395,339,251,53,3,0,1997,1997,102,152,142,113,194,362,364,394,153,20,1
전라남도 완도군 노화읍(4689025600),4890,4890,438,444,499,535,603,690,736,720,203,21,1,2439,2439,230,233,292,302,326,369,338,289,56,3,1,2451,2451,208,211,207,233,277,321,398,431,147,18,0
전라남도 완도군 노화읍넙도출장소(4689029000),904,904,67,70,97,119,122,169,165,81,9,5,0,509,509,43,37,64,81,70,87,93,33,1,0,0,395,395,24,33,33,38,52,82,72,48,8,5,0
전라남도 완도군 군외면(4689031000),3656,3656,149,236,287,331,432,623,680,649,243,25,1,1806,1806,82,119,173,211,258,310,331,260,57,5,0,1850,1850,67,117,114,120,174,313,349,389,186,20,1
전라남도 완도군 신지면(4689032000),3749,3749,226,322,304,337,489,558,655,665,165,28,0,1875,1875,104,190,161,210,278,280,311,288,51,2,0,1874,1874,122,132,143,127,211,278,344,377,114,26,0
전라남도 완도군 고금면(4689033000),4588,4588,272,366,318,386,495,594,920,904,288,43,2,2188,2188,131,184,168,225,295,303,418,373,85,6,0,2400,2400,141,182,150,161,200,291,502,531,203,37,2
전라남도 완도군 약산면(4689034000),2505,2505,96,175,181,162,305,424,521,475,145,18,3,1220,1220,40,98,100,103,172,211,251,190,53,2,0,1285,1285,56,77,81,59,133,213,270,285,92,16,3
전라남도 완도군 청산면(4689035000),2358,2358,100,168,197,165,238,370,410,509,182,19,0,1116,1116,47,95,119,91,139,191,184,191,54,5,0,1242,1242,53,73,78,74,99,179,226,318,128,14,0
전라남도 완도군 청산면모도출장소(4689035500),224,224,4,7,10,13,15,28,50,69,24,4,0,107,107,3,5,4,10,11,17,26,24,6,1,0,117,117,1,2,6,3,4,11,24,45,18,3,0
전라남도 완도군 소안면(4689036000),2885,2885,148,221,261,231,311,445,537,518,191,21,1,1379,1379,74,116,141,140,171,220,244,213,56,4,0,1506,1506,74,105,120,91,140,225,293,305,135,17,1
전라남도 완도군 금당면(4689037000),1128,1128,52,85,101,90,146,158,194,222,70,10,0,553,553,30,46,52,54,84,82,95,88,21,1,0,575,575,22,39,49,36,62,76,99,134,49,9,0
전라남도 완도군 보길면(4689038000),2910,2910,249,244,341,329,378,470,400,390,95,12,2,1460,1460,130,131,189,198,199,248,197,139,27,2,0,1450,1450,119,113,152,131,179,222,203,251,68,10,2
전라남도 완도군 생일면(4689039000),899,899,22,72,76,74,127,143,179,155,47,3,1,441,441,14,30,49,54,73,68,87,54,12,0,0,458,458,8,42,27,20,54,75,92,101,35,3,1
전라남도 진도군 (4690000000),33596,33596,2387,3374,3007,3279,4414,5021,5215,5079,1617,192,11,16273,16273,1203,1801,1649,1884,2467,2527,2407,1884,422,28,1,17323,17323,1184,1573,1358,1395,1947,2494,2808,3195,1195,164,10
전라남도 진도군 진도읍(4690025000),10716,10716,1090,1492,1105,1380,1633,1566,1160,932,318,37,3,5245,5245,555,802,591,716,812,784,546,344,89,6,0,5471,5471,535,690,514,664,821,782,614,588,229,31,3
전라남도 진도군 군내면(4690031000),3483,3483,207,288,298,297,451,517,599,595,206,24,1,1719,1719,96,161,171,183,261,269,276,237,60,5,0,1764,1764,111,127,127,114,190,248,323,358,146,19,1
전라남도 진도군 고군면(4690032000),4176,4176,307,395,425,392,506,678,622,619,194,33,5,1997,1997,155,191,237,224,277,340,279,232,57,4,1,2179,2179,152,204,188,168,229,338,343,387,137,29,4
전라남도 진도군 의신면(4690033000),4158,4158,237,344,345,373,508,651,731,716,228,25,0,2025,2025,121,179,194,232,304,318,342,278,57,0,0,2133,2133,116,165,151,141,204,333,389,438,171,25,0
전라남도 진도군 임회면(4690034000),3961,3961,209,342,305,299,495,594,708,727,263,18,1,1863,1863,97,172,163,183,298,298,321,268,58,5,0,2098,2098,112,170,142,116,197,296,387,459,205,13,1
전라남도 진도군 지산면(4690035000),3821,3821,158,297,304,251,422,570,765,800,224,29,1,1811,1811,78,170,167,161,256,264,358,288,63,6,0,2010,2010,80,127,137,90,166,306,407,512,161,23,1
전라남도 진도군 조도면(4690036000),2568,2568,121,159,174,216,301,366,507,563,140,21,0,1249,1249,60,89,102,136,192,211,231,199,28,1,0,1319,1319,61,70,72,80,109,155,276,364,112,20,0
전라남도 진도군 조도면가사출장소(4690036500),304,304,18,25,18,28,37,39,52,66,20,1,0,157,157,14,14,10,18,26,25,26,17,7,0,0,147,147,4,11,8,10,11,14,26,49,13,1,0
전라남도 진도군 조도면거차출장소(4690036600),409,409,40,32,33,43,61,40,71,61,24,4,0,207,207,27,23,14,31,41,18,28,21,3,1,0,202,202,13,9,19,12,20,22,43,40,21,3,0
전라남도 신안군 (4691000000),45011,45011,2212,3754,4488,4318,6127,7630,7333,6854,2030,257,8,23367,23367,1141,1984,2619,2788,3823,4264,3607,2553,547,41,0,21644,21644,1071,1770,1869,1530,2304,3366,3726,4301,1483,216,8
전라남도 신안군 지도읍(4691025000),4818,4818,224,382,449,459,649,819,841,765,208,22,0,2516,2516,121,204,274,302,404,458,415,287,47,4,0,2302,2302,103,178,175,157,245,361,426,478,161,18,0
전라남도 신안군 지도읍선도출장소(4691025100),282,282,6,14,29,21,39,43,49,69,11,1,0,152,152,2,9,15,17,29,29,22,26,3,0,0,130,130,4,5,14,4,10,14,27,43,8,1,0
전라남도 신안군 증도면(4691031000),1731,1731,58,137,154,173,258,261,328,282,68,12,0,931,931,29,71,96,120,182,144,153,114,21,1,0,800,800,29,66,58,53,76,117,175,168,47,11,0
전라남도 신안군 증도면병풍출장소(4691031500),376,376,13,26,36,34,56,68,66,61,15,1,0,213,213,11,12,22,25,38,34,36,30,5,0,0,163,163,2,14,14,9,18,34,30,31,10,1,0
전라남도 신안군 임자면(4691032000),3691,3691,262,353,315,402,562,610,609,451,116,11,0,1951,1951,146,181,182,259,370,339,299,145,30,0,0,1740,1740,116,172,133,143,192,271,310,306,86,11,0
전라남도 신안군 자은면(4691033000),2431,2431,108,169,197,198,310,392,469,470,102,15,1,1242,1242,61,91,128,120,186,213,227,185,29,2,0,1189,1189,47,78,69,78,124,179,242,285,73,13,1
전라남도 신안군 비금면(4691034000),3951,3951,208,306,368,376,515,693,682,597,186,19,1,1974,1974,98,148,207,224,314,372,347,216,47,1,0,1977,1977,110,158,161,152,201,321,335,381,139,18,1
전라남도 신안군 도초면(4691035000),2920,2920,143,275,282,259,364,468,456,530,127,16,0,1478,1478,68,163,168,157,217,265,229,179,28,4,0,1442,1442,75,112,114,102,147,203,227,351,99,12,0
전라남도 신안군 도초면우이도출장소(4691035500),250,250,8,9,25,30,40,49,45,28,12,4,0,134,134,5,4,11,22,28,24,24,12,3,1,0,116,116,3,5,14,8,12,25,21,16,9,3,0
전라남도 신안군 흑산면(4691036000),2934,2934,168,239,319,387,457,462,401,359,126,15,1,1565,1565,88,121,183,248,303,269,189,135,26,3,0,1369,1369,80,118,136,139,154,193,212,224,100,12,1
전라남도 신안군 흑산면가거도출장소(4691036500),536,536,31,47,95,72,104,76,59,43,9,0,0,319,319,16,23,72,53,69,48,26,10,2,0,0,217,217,15,24,23,19,35,28,33,33,7,0,0
전라남도 신안군 흑산면태도출장소(4691036600),283,283,26,28,33,31,34,52,36,34,9,0,0,154,154,18,16,16,15,26,35,17,9,2,0,0,129,129,8,12,17,16,8,17,19,25,7,0,0
전라남도 신안군 흑산면홍도출장소(4691036700),571,571,47,73,71,87,120,74,49,44,5,1,0,310,310,27,31,47,59,68,37,27,12,2,0,0,261,261,20,42,24,28,52,37,22,32,3,1,0
전라남도 신안군 흑산면대둔도출장소(4691036800),481,481,36,52,52,56,80,84,57,40,20,4,0,261,261,17,28,29,37,54,45,30,15,6,0,0,220,220,19,24,23,19,26,39,27,25,14,4,0
전라남도 신안군 하의면(4691037000),2065,2065,109,146,194,198,277,336,358,327,104,16,0,1080,1080,56,86,107,130,183,184,194,111,26,3,0,985,985,53,60,87,68,94,152,164,216,78,13,0
전라남도 신안군 신의면(4691038000),1869,1869,110,174,189,236,278,312,250,246,62,11,1,1014,1014,55,92,111,159,175,191,130,84,14,3,0,855,855,55,82,78,77,103,121,120,162,48,8,1
전라남도 신안군 장산면(4691039000),1776,1776,82,109,167,155,193,300,329,321,106,14,0,920,920,36,59,99,111,133,161,162,123,34,2,0,856,856,46,50,68,44,60,139,167,198,72,12,0
전라남도 신안군 안좌면(4691040000),3257,3257,128,233,333,241,388,560,553,594,199,26,2,1639,1639,67,131,178,148,236,323,263,234,54,5,0,1618,1618,61,102,155,93,152,237,290,360,145,21,2
전라남도 신안군 안좌면자라출장소(4691040500),339,339,8,25,48,32,43,63,59,44,16,1,0,179,179,4,14,28,20,24,38,32,13,6,0,0,160,160,4,11,20,12,19,25,27,31,10,1,0
전라남도 신안군 팔금면(4691041000),1237,1237,36,80,133,90,134,209,255,214,77,9,0,612,612,20,52,77,57,71,121,117,72,22,3,0,625,625,16,28,56,33,63,88,138,142,55,6,0
전라남도 신안군 암태면(4691042000),2231,2231,73,166,201,152,284,426,369,412,131,17,0,1106,1106,41,90,107,98,166,233,176,150,40,5,0,1125,1125,32,76,94,54,118,193,193,262,91,12,0
전라남도 신안군 압해면(4691043000),6413,6413,309,676,751,579,877,1172,899,822,288,38,2,3310,3310,144,342,432,368,505,641,440,347,87,4,0,3103,3103,165,334,319,211,372,531,459,475,201,34,2
전라남도 신안군 압해면매화출장소(4691043500),300,300,5,21,24,27,38,56,61,52,15,1,0,162,162,4,9,15,23,24,31,29,22,5,0,0,138,138,1,12,9,4,14,25,32,30,10,1,0
전라남도 신안군 압해면고이도출장소(4691043600),269,269,14,14,23,23,27,45,53,49,18,3,0,145,145,7,7,15,16,18,29,23,22,8,0,0,124,124,7,7,8,7,9,16,30,27,10,3,0
경상북도  (4700000000),2691181,2691181,229246,331879,329725,384422,436940,415361,266929,214830,72241,9109,499,1352038,1352038,119817,178035,180432,200974,228282,208998,126148,85515,21689,2038,110,1339143,1339143,109429,153844,149293,183448,208658,206363,140781,129315,50552,7071,389
경상북도 포항시 (4711000000),515859,515859,45721,71139,66412,76585,91437,87593,43111,24575,8232,1003,51,262066,262066,23928,38619,36842,39093,45997,44026,21530,9741,2083,196,11,253793,253793,21793,32520,29570,37492,45440,43567,21581,14834,6149,807,40
경상북도 포항시 남구 (4711100000),253278,253278,22646,33978,33496,38637,44826,43333,21048,11122,3686,480,26,130576,130576,11864,18393,18787,20174,23169,22020,10771,4418,887,89,4,122702,122702,10782,15585,14709,18463,21657,21313,10277,6704,2799,391,22
경상북도 포항시 남구 구룡포읍(4711125000),10300,10300,370,783,1048,1042,1435,2183,1683,1294,411,48,3,5238,5238,202,417,593,662,841,1123,782,507,98,12,1,5062,5062,168,366,455,380,594,1060,901,787,313,36,2
경상북도 포항시 남구 연일읍(4711125300),35067,35067,3843,5835,4199,5538,6979,5161,2064,1042,363,40,3,17985,17985,1998,3115,2268,2728,3544,2728,1121,394,81,8,0,17082,17082,1845,2720,1931,2810,3435,2433,943,648,282,32,3
경상북도 포항시 남구 오천읍(4711125600),48909,48909,6755,5919,6719,10173,7919,6482,2768,1618,483,72,1,25649,25649,3550,3166,3685,5430,4265,3405,1370,630,138,10,0,23260,23260,3205,2753,3034,4743,3654,3077,1398,988,345,62,1
경상북도 포항시 남구 대송면(4711131000),5378,5378,222,540,746,561,869,1156,692,429,147,16,0,2828,2828,115,296,420,338,474,632,355,163,29,6,0,2550,2550,107,244,326,223,395,524,337,266,118,10,0
경상북도 포항시 남구 동해면(4711132000),12017,12017,924,1534,1436,1543,2086,2032,1278,855,293,34,2,6156,6156,484,830,798,836,1099,1086,593,348,75,7,0,5861,5861,440,704,638,707,987,946,685,507,218,27,2
경상북도 포항시 남구 장기면(4711133000),5338,5338,148,327,487,402,622,990,891,1041,372,58,0,2598,2598,69,179,282,270,365,498,423,400,97,15,0,2740,2740,79,148,205,132,257,492,468,641,275,43,0
경상북도 포항시 남구 호미곶면(4711135000),2513,2513,98,154,240,223,311,481,470,374,142,20,0,1225,1225,51,72,145,146,177,239,215,141,38,1,0,1288,1288,47,82,95,77,134,242,255,233,104,19,0
경상북도 포항시 남구 상대동(4711152500),29152,29152,1657,3430,4649,4201,4844,6064,2996,953,311,44,3,15052,15052,882,1882,2591,2285,2385,2847,1642,441,91,6,0,14100,14100,775,1548,2058,1916,2459,3217,1354,512,220,38,3
경상북도 포항시 남구 해도동(4711154500),23267,23267,1135,2317,3506,3307,3796,5082,2770,1007,295,47,5,11964,11964,591,1284,1991,1866,1906,2346,1466,441,64,9,0,11303,11303,544,1033,1515,1441,1890,2736,1304,566,231,38,5
경상북도 포항시 남구 송도동(4711155000),18340,18340,1002,1930,2651,2386,2900,4013,2155,979,286,33,5,9466,9466,536,1045,1515,1364,1520,1930,1080,407,62,6,1,8874,8874,466,885,1136,1022,1380,2083,1075,572,224,27,4
경상북도 포항시 남구 청림동(4711156000),7106,7106,589,761,1081,1135,1105,1207,752,351,116,7,2,3779,3779,307,406,659,644,594,624,361,160,22,1,1,3327,3327,282,355,422,491,511,583,391,191,94,6,1
경상북도 포항시 남구 제철동(4711157000),3434,3434,357,386,662,613,509,502,250,124,28,3,0,1881,1881,180,204,418,346,294,251,130,51,7,0,0,1553,1553,177,182,244,267,215,251,120,73,21,3,0
경상북도 포항시 남구 효곡동(4711158000),30566,30566,3057,6001,3767,3975,6657,5153,1198,490,237,30,1,15785,15785,1587,3271,2181,1709,3312,2812,699,163,46,5,0,14781,14781,1470,2730,1586,2266,3345,2341,499,327,191,25,1
경상북도 포항시 남구 대이동(4711159000),21891,21891,2489,4061,2305,3538,4794,2827,1081,565,202,28,1,10970,10970,1312,2226,1241,1550,2393,1499,534,172,39,3,1,10921,10921,1177,1835,1064,1988,2401,1328,547,393,163,25,0
경상북도 포항시 북구 (4711300000),262581,262581,23075,37161,32916,37948,46611,44260,22063,13453,4546,523,25,131490,131490,12064,20226,18055,18919,22828,22006,10759,5323,1196,107,7,131091,131091,11011,16935,14861,19029,23783,22254,11304,8130,3350,416,18
경상북도 포항시 북구 흥해읍(4711325000),36454,36454,3700,4595,4150,5690,6299,5617,3166,2350,786,97,4,18398,18398,1922,2532,2246,2940,3255,2862,1518,891,213,19,0,18056,18056,1778,2063,1904,2750,3044,2755,1648,1459,573,78,4
경상북도 포항시 북구 신광면(4711331000),3270,3270,93,220,291,255,395,597,530,634,227,28,0,1641,1641,54,129,181,162,236,320,241,251,62,5,0,1629,1629,39,91,110,93,159,277,289,383,165,23,0
경상북도 포항시 북구 청하면(4711332000),5763,5763,225,479,540,527,743,1060,964,841,344,39,1,2815,2815,110,267,314,329,429,510,443,327,83,3,0,2948,2948,115,212,226,198,314,550,521,514,261,36,1
경상북도 포항시 북구 송라면(4711333000),3016,3016,112,223,271,262,387,571,494,481,190,24,1,1453,1453,57,107,165,158,226,280,223,191,40,5,1,1563,1563,55,116,106,104,161,291,271,290,150,19,0
경상북도 포항시 북구 기계면(4711334000),5576,5576,214,444,493,469,711,923,978,963,339,41,1,2690,2690,98,249,291,284,402,435,440,374,103,14,0,2886,2886,116,195,202,185,309,488,538,589,236,27,1
경상북도 포항시 북구 죽장면(4711335000),2258,2258,59,105,178,165,211,429,458,490,144,19,0,1108,1108,32,68,100,113,122,200,221,198,50,4,0,1150,1150,27,37,78,52,89,229,237,292,94,15,0
경상북도 포항시 북구 죽장면상옥출장소(4711335500),626,626,14,42,48,43,85,141,120,92,38,3,0,307,307,8,23,30,24,47,61,63,40,11,0,0,319,319,6,19,18,19,38,80,57,52,27,3,0
경상북도 포항시 북구 기북면(4711336000),1356,1356,45,55,115,107,135,253,240,302,94,10,0,674,674,31,22,69,70,88,129,106,122,35,2,0,682,682,14,33,46,37,47,124,134,180,59,8,0
경상북도 포항시 북구 중앙동(4711352000),19348,19348,952,2050,2505,2552,2880,3992,2573,1367,422,49,6,9527,9527,505,1109,1358,1396,1451,1859,1154,580,97,15,3,9821,9821,447,941,1147,1156,1429,2133,1419,787,325,34,3
경상북도 포항시 북구 양학동(4711363000),20616,20616,2029,3573,2575,3126,4136,3218,1206,541,192,18,2,10456,10456,1092,1960,1418,1479,1988,1645,629,189,53,3,0,10160,10160,937,1613,1157,1647,2148,1573,577,352,139,15,2
경상북도 포항시 북구 죽도동(4711365500),22875,22875,1182,2363,3393,3276,3474,4789,2886,1136,332,42,2,11439,11439,611,1271,1871,1731,1694,2179,1472,507,92,10,1,11436,11436,571,1092,1522,1545,1780,2610,1414,629,240,32,1
경상북도 포항시 북구 용흥동(4711366500),26605,26605,2125,3851,3489,3602,4586,5083,2307,1143,378,38,3,13437,13437,1127,2135,1932,1785,2214,2453,1170,508,107,5,1,13168,13168,998,1716,1557,1817,2372,2630,1137,635,271,33,2
경상북도 포항시 북구 우창동(4711368000),28617,28617,2478,4904,3884,4004,5739,4688,1675,902,311,31,1,14196,14196,1300,2699,2060,1912,2600,2424,811,307,79,4,0,14421,14421,1178,2205,1824,2092,3139,2264,864,595,232,27,1
경상북도 포항시 북구 두호동(4711369000),26757,26757,2325,4613,3633,3375,5464,4481,1704,868,268,25,1,13456,13456,1216,2537,2015,1574,2524,2312,848,360,62,7,1,13301,13301,1109,2076,1618,1801,2940,2169,856,508,206,18,0
경상북도 포항시 북구 장량동(4711370000),47553,47553,6018,7974,5862,8274,9366,6630,2009,1006,365,46,3,23942,23942,3151,4232,3203,3875,4531,3472,1035,351,84,8,0,23611,23611,2867,3742,2659,4399,4835,3158,974,655,281,38,3
경상북도 포항시 북구 환여동(4711371000),11891,11891,1504,1670,1489,2221,2000,1788,753,337,116,13,0,5951,5951,750,886,802,1087,1021,865,385,127,25,3,0,5940,5940,754,784,687,1134,979,923,368,210,91,10,0
경상북도 경주시 (4713000000),265885,265885,21553,33751,30669,37344,44898,41468,27553,20891,6814,898,46,133030,133030,11224,18100,16907,19534,23532,20719,12919,7935,1960,195,5,132855,132855,10329,15651,13762,17810,21366,20749,14634,12956,4854,703,41
경상북도 경주시 감포읍(4713025000),6715,6715,314,502,660,684,947,1324,1116,843,289,34,2,3361,3361,167,267,372,421,560,682,477,338,72,5,0,3354,3354,147,235,288,263,387,642,639,505,217,29,2
경상북도 경주시 안강읍(4713025300),31211,31211,2494,4252,3412,4104,5541,4712,3238,2582,768,102,6,15616,15616,1284,2234,1899,2124,2933,2352,1576,953,238,23,0,15595,15595,1210,2018,1513,1980,2608,2360,1662,1629,530,79,6
경상북도 경주시 건천읍(4713025600),11372,11372,723,1013,1269,1354,1629,1968,1597,1346,426,44,3,5759,5759,366,573,720,797,871,1020,714,554,130,14,0,5613,5613,357,440,549,557,758,948,883,792,296,30,3
경상북도 경주시 외동읍(4713025900),16423,16423,1070,1688,1844,2083,2647,2749,2006,1662,583,83,8,8399,8399,554,890,1064,1237,1481,1430,974,592,162,14,1,8024,8024,516,798,780,846,1166,1319,1032,1070,421,69,7
경상북도 경주시 양북면(4713031000),4334,4334,174,319,490,412,542,757,688,666,253,32,1,2236,2236,102,189,289,272,341,391,326,261,57,8,0,2098,2098,72,130,201,140,201,366,362,405,196,24,1
경상북도 경주시 양남면(4713032000),6952,6952,639,561,765,1073,1029,1175,780,626,266,36,2,3641,3641,343,319,429,627,641,601,366,237,72,6,0,3311,3311,296,242,336,446,388,574,414,389,194,30,2
경상북도 경주시 내남면(4713033000),5594,5594,245,464,559,532,743,953,871,907,285,34,1,2782,2782,120,244,327,323,435,505,402,329,91,6,0,2812,2812,125,220,232,209,308,448,469,578,194,28,1
경상북도 경주시 산내면(4713034000),3385,3385,120,163,277,265,372,651,701,636,174,25,1,1686,1686,55,101,153,164,226,322,331,271,55,8,0,1699,1699,65,62,124,101,146,329,370,365,119,17,1
경상북도 경주시 서면(4713035000),3882,3882,191,268,327,405,466,667,707,611,220,18,2,1952,1952,109,149,193,239,294,326,326,243,65,8,0,1930,1930,82,119,134,166,172,341,381,368,155,10,2
경상북도 경주시 현곡면(4713036000),16573,16573,2178,2373,1695,2851,2998,2027,1164,910,320,57,0,8092,8092,1113,1250,854,1357,1547,1004,564,328,65,10,0,8481,8481,1065,1123,841,1494,1451,1023,600,582,255,47,0
경상북도 경주시 강동면(4713037000),7697,7697,521,684,791,1030,1205,1281,1005,863,283,32,2,3900,3900,276,361,452,576,693,659,467,310,100,5,1,3797,3797,245,323,339,454,512,622,538,553,183,27,1
경상북도 경주시 천북면(4713038000),5766,5766,335,568,655,633,796,1039,838,666,203,32,1,2965,2965,159,318,373,383,465,525,419,258,58,7,0,2801,2801,176,250,282,250,331,514,419,408,145,25,1
경상북도 경주시 중부동(4713051500),6642,6642,344,647,817,899,966,1278,910,575,173,29,4,3339,3339,188,392,459,501,484,593,423,232,56,9,2,3303,3303,156,255,358,398,482,685,487,343,117,20,2
경상북도 경주시 황오동(4713053000),9039,9039,426,894,1108,1111,1368,1727,1311,785,271,35,3,4470,4470,211,490,618,650,687,811,576,320,94,13,0,4569,4569,215,404,490,461,681,916,735,465,177,22,3
경상북도 경주시 성건동(4713055000),17787,17787,1082,2019,2750,2704,2677,3001,2096,1078,340,39,1,8882,8882,559,1087,1526,1482,1332,1340,983,460,106,6,1,8905,8905,523,932,1224,1222,1345,1661,1113,618,234,33,0
경상북도 경주시 황남동(4713057000),7860,7860,339,686,834,930,1118,1511,1169,950,274,45,4,3923,3923,155,385,488,534,640,730,533,357,89,12,0,3937,3937,184,301,346,396,478,781,636,593,185,33,4
경상북도 경주시 선도동(4713059000),14160,14160,1583,2365,1480,2304,2799,1675,991,738,204,20,1,7075,7075,828,1274,824,1080,1442,826,461,290,46,4,0,7085,7085,755,1091,656,1224,1357,849,530,448,158,16,1
경상북도 경주시 월성동(4713060500),6592,6592,341,555,710,853,944,1153,994,772,236,34,0,3304,3304,195,300,405,486,542,539,450,306,76,5,0,3288,3288,146,255,305,367,402,614,544,466,160,29,0
경상북도 경주시 용강동(4713061500),16308,16308,1772,2783,2037,2710,3230,2137,857,569,194,19,0,8081,8081,960,1467,1069,1306,1558,1102,395,181,40,3,0,8227,8227,812,1316,968,1404,1672,1035,462,388,154,16,0
경상북도 경주시 황성동(4713062100),29566,29566,3325,5492,3478,4605,6213,3850,1319,929,315,40,0,14664,14664,1752,2890,1834,2031,3046,2068,628,323,85,7,0,14902,14902,1573,2602,1644,2574,3167,1782,691,606,230,33,0
경상북도 경주시 동천동(4713063000),26805,26805,2557,4289,3441,4208,5079,3962,1781,1091,351,45,1,13291,13291,1314,2320,1858,2053,2446,1950,859,383,97,11,0,13514,13514,1243,1969,1583,2155,2633,2012,922,708,254,34,1
경상북도 경주시 불국동(4713065000),9087,9087,678,987,1033,1300,1322,1458,1088,861,305,52,3,4509,4509,363,505,561,709,720,729,508,324,81,9,0,4578,4578,315,482,472,591,602,729,580,537,224,43,3
경상북도 경주시 보덕동(4713066000),2135,2135,102,179,237,294,267,413,326,225,81,11,0,1103,1103,51,95,140,182,148,214,161,85,25,2,0,1032,1032,51,84,97,112,119,199,165,140,56,9,0
경상북도 김천시 (4715000000),136204,136204,10603,16746,16061,17493,21150,21701,14565,12745,4524,590,26,67524,67524,5570,9010,8777,9201,10971,10751,6707,4996,1406,130,5,68680,68680,5033,7736,7284,8292,10179,10950,7858,7749,3118,460,21
경상북도 김천시 아포읍(4715025000),8639,8639,786,775,1026,1287,1256,1385,931,838,319,34,2,4326,4326,405,401,567,702,679,709,421,332,104,6,0,4313,4313,381,374,459,585,577,676,510,506,215,28,2
경상북도 김천시 농소면(4715031000),3338,3338,128,303,373,315,447,587,514,479,171,21,0,1687,1687,66,164,205,189,255,297,230,215,60,6,0,1651,1651,62,139,168,126,192,290,284,264,111,15,0
경상북도 김천시 남면(4715032000),3704,3704,151,271,442,345,498,671,522,513,247,42,2,1853,1853,82,139,248,229,279,357,246,206,59,7,1,1851,1851,69,132,194,116,219,314,276,307,188,35,1
경상북도 김천시 개령면(4715034000),3001,3001,145,286,360,248,429,550,422,384,155,22,0,1532,1532,61,174,210,160,242,290,198,137,59,1,0,1469,1469,84,112,150,88,187,260,224,247,96,21,0
경상북도 김천시 감문면(4715035000),3919,3919,132,256,438,273,482,694,594,734,286,30,0,1938,1938,78,154,262,178,268,367,266,270,88,7,0,1981,1981,54,102,176,95,214,327,328,464,198,23,0
경상북도 김천시 어모면(4715036000),5061,5061,248,481,512,479,677,894,773,690,264,40,3,2513,2513,136,258,288,267,372,464,374,279,64,11,0,2548,2548,112,223,224,212,305,430,399,411,200,29,3
경상북도 김천시 봉산면(4715037000),3733,3733,165,380,455,332,531,728,526,419,164,31,2,1881,1881,95,187,253,204,298,370,253,161,55,4,1,1852,1852,70,193,202,128,233,358,273,258,109,27,1
경상북도 김천시 대항면(4715038000),4279,4279,209,476,456,399,651,804,523,540,193,28,0,2176,2176,111,262,253,245,353,416,247,232,54,3,0,2103,2103,98,214,203,154,298,388,276,308,139,25,0
경상북도 김천시 감천면(4715039000),2336,2336,89,213,261,207,339,403,317,362,130,14,1,1185,1185,38,119,150,132,198,205,154,146,40,3,0,1151,1151,51,94,111,75,141,198,163,216,90,11,1
경상북도 김천시 조마면(4715040000),2689,2689,98,252,296,225,336,486,374,449,149,23,1,1355,1355,51,137,163,145,195,253,190,161,57,3,0,1334,1334,47,115,133,80,141,233,184,288,92,20,1
경상북도 김천시 구성면(4715041000),3380,3380,106,249,297,251,391,611,565,603,270,37,0,1659,1659,66,140,180,159,235,309,260,218,77,15,0,1721,1721,40,109,117,92,156,302,305,385,193,22,0
경상북도 김천시 지례면(4715042000),1959,1959,73,112,175,169,239,327,322,402,123,16,1,983,983,37,71,96,111,145,179,129,160,48,7,0,976,976,36,41,79,58,94,148,193,242,75,9,1
경상북도 김천시 부항면(4715043000),1393,1393,47,94,113,110,154,223,228,298,108,16,2,673,673,24,46,60,72,101,120,90,117,39,3,1,720,720,23,48,53,38,53,103,138,181,69,13,1
경상북도 김천시 대덕면(4715044000),2499,2499,73,205,249,174,315,434,394,478,150,27,0,1199,1199,38,107,146,103,172,215,184,179,48,7,0,1300,1300,35,98,103,71,143,219,210,299,102,20,0
경상북도 김천시 증산면(4715045000),1249,1249,51,69,80,107,180,248,169,244,93,7,1,575,575,30,33,42,53,97,121,75,87,36,1,0,674,674,21,36,38,54,83,127,94,157,57,6,1
경상북도 김천시 자산동(4715051600),9465,9465,478,1037,1261,1143,1324,1915,1247,798,233,28,1,4720,4720,242,550,697,641,689,884,600,332,75,9,1,4745,4745,236,487,564,502,635,1031,647,466,158,19,0
경상북도 김천시 평화남산동(4715053600),10852,10852,598,1214,1571,1361,1604,1992,1291,906,279,33,3,5354,5354,319,636,887,751,772,915,588,390,91,5,0,5498,5498,279,578,684,610,832,1077,703,516,188,28,3
경상북도 김천시 양금동(4715056500),5662,5662,329,623,710,648,817,1009,749,567,183,26,1,2834,2834,180,340,417,338,439,488,335,228,58,10,1,2828,2828,149,283,293,310,378,521,414,339,125,16,0
경상북도 김천시 대신동(4715057500),25745,25745,3334,4321,2863,4380,4640,2923,1569,1253,414,47,1,12680,12680,1744,2299,1453,2073,2345,1494,697,445,120,10,0,13065,13065,1590,2022,1410,2307,2295,1429,872,808,294,37,1
경상북도 김천시 대곡동(4715059500),22994,22994,2109,3699,2894,3221,4161,3391,1779,1275,416,47,2,11280,11280,1098,2032,1547,1534,1994,1618,819,513,117,8,0,11714,11714,1011,1667,1347,1687,2167,1773,960,762,299,39,2
경상북도 김천시 지좌동(4715061000),10307,10307,1254,1430,1229,1819,1679,1426,756,513,177,21,3,5121,5121,669,761,653,915,843,680,351,188,57,4,0,5186,5186,585,669,576,904,836,746,405,325,120,17,3
경상북도 안동시 (4717000000),167781,167781,14333,19543,19109,22494,25526,26776,18514,15308,5397,756,25,82887,82887,7420,10469,10467,11419,13032,13028,8820,6382,1654,187,9,84894,84894,6913,9074,8642,11075,12494,13748,9694,8926,3743,569,16
경상북도 안동시 풍산읍(4717025000),7360,7360,333,603,681,638,960,1327,1164,1177,401,74,2,3641,3641,174,329,388,368,519,660,563,489,135,16,0,3719,3719,159,274,293,270,441,667,601,688,266,58,2
경상북도 안동시 와룡면(4717031000),4510,4510,192,360,415,325,514,775,771,857,263,37,1,2308,2308,99,187,256,205,291,405,378,389,89,9,0,2202,2202,93,173,159,120,223,370,393,468,174,28,1
경상북도 안동시 북후면(4717032000),3718,3718,137,214,343,374,448,635,587,651,273,53,3,1885,1885,70,123,205,242,264,313,291,287,80,10,0,1833,1833,67,91,138,132,184,322,296,364,193,43,3
경상북도 안동시 서후면(4717033000),3963,3963,169,260,419,406,537,737,576,584,240,35,0,2089,2089,90,138,245,251,333,387,304,257,73,11,0,1874,1874,79,122,174,155,204,350,272,327,167,24,0
경상북도 안동시 풍천면(4717034000),4876,4876,230,332,473,359,578,910,872,799,280,43,0,2435,2435,119,180,252,215,345,453,423,337,95,16,0,2441,2441,111,152,221,144,233,457,449,462,185,27,0
경상북도 안동시 일직면(4717035000),3449,3449,161,221,293,306,396,566,620,647,220,18,1,1662,1662,83,115,165,171,232,263,294,269,65,4,1,1787,1787,78,106,128,135,164,303,326,378,155,14,0
경상북도 안동시 남후면(4717036000),2192,2192,91,128,200,186,216,364,392,431,159,25,0,1090,1090,50,71,116,120,128,184,183,190,45,3,0,1102,1102,41,57,84,66,88,180,209,241,114,22,0
경상북도 안동시 남선면(4717037000),2586,2586,148,211,257,277,365,440,340,378,141,28,1,1289,1289,64,117,144,158,209,224,166,153,46,8,0,1297,1297,84,94,113,119,156,216,174,225,95,20,1
경상북도 안동시 임하면(4717038000),3420,3420,116,216,300,294,487,695,536,547,195,33,1,1792,1792,57,116,185,187,294,386,265,236,60,6,0,1628,1628,59,100,115,107,193,309,271,311,135,27,1
경상북도 안동시 길안면(4717039000),3309,3309,129,207,280,233,399,615,612,626,191,17,0,1671,1671,73,111,156,155,227,314,276,279,75,5,0,1638,1638,56,96,124,78,172,301,336,347,116,12,0
경상북도 안동시 임동면(4717040000),2203,2203,78,134,179,173,250,422,400,416,135,13,3,1117,1117,37,71,111,106,156,221,182,175,55,3,0,1086,1086,41,63,68,67,94,201,218,241,80,10,3
경상북도 안동시 예안면(4717041000),2091,2091,55,132,188,131,250,402,390,414,114,14,1,1071,1071,36,71,99,85,135,211,190,196,42,6,0,1020,1020,19,61,89,46,115,191,200,218,72,8,1
경상북도 안동시 도산면(4717042000),2016,2016,53,117,198,157,248,390,356,373,113,10,1,1058,1058,33,69,126,98,148,199,179,166,40,0,0,958,958,20,48,72,59,100,191,177,207,73,10,1
경상북도 안동시 녹전면(4717043000),2048,2048,80,112,182,159,206,403,384,387,119,15,1,1036,1036,36,63,95,98,119,215,200,163,43,3,1,1012,1012,44,49,87,61,87,188,184,224,76,12,0
경상북도 안동시 중구동(4717051000),5816,5816,333,473,781,721,799,1138,839,503,202,26,1,2833,2833,182,249,407,397,407,522,393,219,50,6,1,2983,2983,151,224,374,324,392,616,446,284,152,20,0
경상북도 안동시 명륜동(4717052000),6434,6434,610,760,816,962,1034,1000,638,446,147,21,0,3133,3133,295,417,430,484,512,490,292,165,44,4,0,3301,3301,315,343,386,478,522,510,346,281,103,17,0
경상북도 안동시 용상동(4717055500),21976,21976,2115,3326,2812,3183,3762,3156,1813,1271,471,64,3,10794,10794,1091,1751,1512,1556,1842,1549,846,499,130,15,3,11182,11182,1024,1575,1300,1627,1920,1607,967,772,341,49,0
경상북도 안동시 서구동(4717058500),8651,8651,519,851,1027,1059,1215,1647,1183,837,280,32,1,4210,4210,268,475,550,560,612,740,558,351,88,8,0,4441,4441,251,376,477,499,603,907,625,486,192,24,1
경상북도 안동시 태화동(4717060000),14424,14424,996,1787,1819,1891,2333,2533,1717,980,320,47,1,7220,7220,520,990,1017,970,1152,1193,828,442,96,12,0,7204,7204,476,797,802,921,1181,1340,889,538,224,35,1
경상북도 안동시 평화동(4717062000),8125,8125,705,931,1046,1161,1217,1429,831,573,212,20,0,4029,4029,370,522,605,573,577,656,419,251,53,3,0,4096,4096,335,409,441,588,640,773,412,322,159,17,0
경상북도 안동시 안기동(4717063000),8062,8062,712,1162,1029,1082,1362,1379,724,435,152,23,2,3984,3984,374,589,563,525,657,657,375,193,42,7,2,4078,4078,338,573,466,557,705,722,349,242,110,16,0
경상북도 안동시 옥동(4717065000),21952,21952,2952,3279,2635,4031,3691,2736,1294,917,369,47,1,10487,10487,1523,1717,1371,1906,1758,1275,533,290,101,13,0,11465,11465,1429,1562,1264,2125,1933,1461,761,627,268,34,1
경상북도 안동시 송하동(4717066000),14314,14314,1622,2077,1883,2387,2434,2075,895,662,239,39,1,6984,6984,846,1118,1010,1121,1147,1008,421,236,64,12,1,7330,7330,776,959,873,1266,1287,1067,474,426,175,27,0
경상북도 안동시 강남동(4717069000),10286,10286,1797,1650,853,1999,1825,1002,580,397,161,22,0,5069,5069,930,880,459,868,968,503,261,150,43,7,0,5217,5217,867,770,394,1131,857,499,319,247,118,15,0
경상북도 구미시 (4719000000),409544,409544,47903,63475,64551,77727,74581,45441,18449,12517,4299,579,22,208670,208670,25008,33674,33309,39409,38503,23991,8716,4763,1179,117,1,200874,200874,22895,29801,31242,38318,36078,21450,9733,7754,3120,462,21
경상북도 구미시 선산읍(4719025000),15906,15906,990,2218,1941,1787,2813,2646,1586,1327,513,82,3,8000,8000,503,1234,1092,954,1404,1392,755,507,143,16,0,7906,7906,487,984,849,833,1409,1254,831,820,370,66,3
경상북도 구미시 고아읍(4719025300),33186,33186,3371,6276,3777,4818,7153,4178,1646,1370,523,73,1,16954,16954,1767,3408,2071,2291,3675,2292,751,523,160,16,0,16232,16232,1604,2868,1706,2527,3478,1886,895,847,363,57,1
경상북도 구미시 무을면(4719031000),2275,2275,85,163,224,154,310,429,328,401,156,24,1,1129,1129,36,109,123,96,180,229,151,150,49,6,0,1146,1146,49,54,101,58,130,200,177,251,107,18,1
경상북도 구미시 옥성면(4719032000),2100,2100,89,170,197,170,265,383,289,378,141,18,0,1060,1060,44,100,119,109,147,210,136,147,41,7,0,1040,1040,45,70,78,61,118,173,153,231,100,11,0
경상북도 구미시 도개면(4719033000),2630,2630,103,188,238,216,363,465,409,480,146,22,0,1316,1316,52,100,144,132,218,233,189,188,54,6,0,1314,1314,51,88,94,84,145,232,220,292,92,16,0
경상북도 구미시 해평면(4719034000),5798,5798,246,554,601,585,930,976,774,803,292,37,0,2964,2964,135,302,343,346,553,525,324,333,92,11,0,2834,2834,111,252,258,239,377,451,450,470,200,26,0
경상북도 구미시 산동면(4719035000),4136,4136,187,404,608,439,678,739,408,485,165,22,1,2221,2221,101,215,365,283,373,432,199,190,55,8,0,1915,1915,86,189,243,156,305,307,209,295,110,14,1
경상북도 구미시 장천면(4719036000),3810,3810,173,461,383,385,634,602,505,486,164,17,0,1951,1951,91,253,216,215,356,311,256,193,55,5,0,1859,1859,82,208,167,170,278,291,249,293,109,12,0
경상북도 구미시 송정동(4719051000),20035,20035,1848,2881,3585,3354,3520,3128,1085,465,145,22,2,9847,9847,948,1545,1776,1651,1632,1531,552,179,30,3,0,10188,10188,900,1336,1809,1703,1888,1597,533,286,115,19,2
경상북도 구미시 원평1동(4719052000),4881,4881,173,385,831,956,916,891,444,207,66,10,2,2488,2488,87,209,416,492,515,463,201,86,18,1,0,2393,2393,86,176,415,464,401,428,243,121,48,9,2
경상북도 구미시 원평2동(4719053000),4938,4938,200,445,717,571,878,1047,624,342,102,11,1,2577,2577,107,260,414,326,466,534,284,147,38,1,0,2361,2361,93,185,303,245,412,513,340,195,64,10,1
경상북도 구미시 도량동(4719055100),33669,33669,3564,6327,4591,5184,7159,4476,1291,800,247,29,1,16813,16813,1816,3397,2472,2363,3406,2370,629,298,60,2,0,16856,16856,1748,2930,2119,2821,3753,2106,662,502,187,27,1
경상북도 구미시 지산동(4719055500),3205,3205,173,402,464,406,566,647,316,175,50,5,1,1708,1708,91,230,275,216,324,331,164,65,10,2,0,1497,1497,82,172,189,190,242,316,152,110,40,3,1
경상북도 구미시 선주원남동(4719056500),43712,43712,5896,7277,5811,8246,8738,4907,1615,885,299,37,1,22271,22271,3076,3907,3143,3909,4435,2623,798,326,52,2,0,21441,21441,2820,3370,2668,4337,4303,2284,817,559,247,35,1
경상북도 구미시 형곡1동(4719058200),16802,16802,1584,3143,2391,2562,3517,2358,748,348,135,15,1,8393,8393,853,1729,1254,1137,1653,1213,393,130,28,3,0,8409,8409,731,1414,1137,1425,1864,1145,355,218,107,12,1
경상북도 구미시 형곡2동(4719058300),22992,22992,2179,4462,3499,3409,4932,3117,818,426,131,19,0,11542,11542,1143,2404,1862,1505,2363,1665,415,147,35,3,0,11450,11450,1036,2058,1637,1904,2569,1452,403,279,96,16,0
경상북도 구미시 신평1동(4719059000),5126,5126,322,600,1317,863,787,687,328,161,56,5,0,2601,2601,157,294,639,534,397,354,152,63,9,2,0,2525,2525,165,306,678,329,390,333,176,98,47,3,0
경상북도 구미시 신평2동(4719060000),3543,3543,235,543,549,532,728,510,244,161,32,9,0,1867,1867,124,287,323,292,382,275,112,61,9,2,0,1676,1676,111,256,226,240,346,235,132,100,23,7,0
경상북도 구미시 비산동(4719061000),4666,4666,473,798,758,873,956,495,184,94,30,5,0,2498,2498,241,432,432,477,503,278,92,38,5,0,0,2168,2168,232,366,326,396,453,217,92,56,25,5,0
경상북도 구미시 공단1동(4719062100),5316,5316,506,924,1067,986,961,575,180,87,26,4,0,2829,2829,259,437,696,533,481,294,90,34,5,0,0,2487,2487,247,487,371,453,480,281,90,53,21,4,0
경상북도 구미시 공단2동(4719062200),2132,2132,125,214,660,439,337,248,65,27,13,3,1,1308,1308,67,121,462,294,187,127,36,11,3,0,0,824,824,58,93,198,145,150,121,29,16,10,3,1
경상북도 구미시 광평동(4719063000),4074,4074,426,505,612,795,737,578,276,101,41,3,0,2161,2161,223,282,324,437,375,315,146,50,8,1,0,1913,1913,203,223,288,358,362,263,130,51,33,2,0
경상북도 구미시 상모사곡동(4719064500),30013,30013,3916,5366,3979,6405,6203,2540,913,515,157,16,3,15428,15428,2065,2886,2016,3107,3318,1367,436,184,45,3,1,14585,14585,1851,2480,1963,3298,2885,1173,477,331,112,13,2
경상북도 구미시 임오동(4719066000),18109,18109,2712,3521,1934,3917,3786,1337,468,325,93,15,1,9366,9366,1459,1938,975,1830,2066,747,199,122,28,2,0,8743,8743,1253,1583,959,2087,1720,590,269,203,65,13,1
경상북도 구미시 인동동(4719067000),55506,55506,8280,7347,10568,13389,8632,4357,1620,955,316,40,2,28349,28349,4349,3871,5177,7033,4509,2293,705,331,76,5,0,27157,27157,3931,3476,5391,6356,4123,2064,915,624,240,35,2
경상북도 구미시 진미동(4719068000),21981,21981,2010,2499,8242,4942,2368,1179,435,209,82,15,0,10791,10791,1071,944,3658,2964,1298,570,203,67,14,2,0,11190,11190,939,1555,4584,1978,1070,609,232,142,68,13,0
경상북도 구미시 양포동(4719069000),39003,39003,8037,5402,5007,11344,5714,1946,850,504,178,21,0,20238,20238,4143,2780,2522,5883,3287,1017,348,193,57,8,0,18765,18765,3894,2622,2485,5461,2427,929,502,311,121,13,0
경상북도 영주시 (4721000000),113677,113677,8632,14094,12107,13784,17543,19372,13013,10738,3798,563,33,56575,56575,4439,7646,6856,7148,9100,9407,6198,4441,1201,132,7,57102,57102,4193,6448,5251,6636,8443,9965,6815,6297,2597,431,26
경상북도 영주시 풍기읍(4721025000),12426,12426,749,1455,1412,1328,1793,2321,1580,1296,420,64,8,6210,6210,384,813,831,700,935,1147,739,506,136,17,2,6216,6216,365,642,581,628,858,1174,841,790,284,47,6
경상북도 영주시 이산면(4721031000),3185,3185,126,304,318,283,435,573,440,520,160,24,2,1648,1648,71,167,193,174,258,290,212,226,52,5,0,1537,1537,55,137,125,109,177,283,228,294,108,19,2
경상북도 영주시 평은면(4721032000),2324,2324,96,162,223,206,288,401,367,386,163,31,1,1155,1155,44,97,117,126,161,203,184,165,51,7,0,1169,1169,52,65,106,80,127,198,183,221,112,24,1
경상북도 영주시 문수면(4721033000),2101,2101,106,151,206,188,197,380,338,354,160,17,4,1050,1050,52,83,118,119,112,192,157,158,53,6,0,1051,1051,54,68,88,69,85,188,181,196,107,11,4
경상북도 영주시 장수면(4721034000),2504,2504,118,208,221,224,311,441,369,412,169,31,0,1291,1291,61,116,131,129,179,232,185,183,66,9,0,1213,1213,57,92,90,95,132,209,184,229,103,22,0
경상북도 영주시 안정면(4721035000),3495,3495,127,300,337,271,411,673,554,566,223,32,1,1766,1766,63,167,195,181,240,348,273,225,67,6,1,1729,1729,64,133,142,90,171,325,281,341,156,26,0
경상북도 영주시 봉현면(4721036000),3243,3243,147,273,294,307,419,656,511,443,167,26,0,1632,1632,71,149,175,184,209,331,265,175,65,8,0,1611,1611,76,124,119,123,210,325,246,268,102,18,0
경상북도 영주시 순흥면(4721037000),2414,2414,90,209,257,164,325,485,360,365,135,24,0,1230,1230,53,116,155,100,175,256,171,156,41,7,0,1184,1184,37,93,102,64,150,229,189,209,94,17,0
경상북도 영주시 단산면(4721038000),2288,2288,70,189,205,141,287,424,369,422,158,23,0,1124,1124,39,97,120,92,158,219,171,173,49,6,0,1164,1164,31,92,85,49,129,205,198,249,109,17,0
경상북도 영주시 부석면(4721039000),3571,3571,141,234,322,242,446,759,621,574,201,29,2,1805,1805,70,120,197,166,248,374,310,248,65,6,1,1766,1766,71,114,125,76,198,385,311,326,136,23,1
경상북도 영주시 상망동(4721051000),9625,9625,1118,1344,909,1519,1612,1322,890,600,267,42,2,4795,4795,565,720,529,735,869,630,416,258,65,8,0,4830,4830,553,624,380,784,743,692,474,342,202,34,2
경상북도 영주시 하망동(4721052500),7926,7926,655,1176,807,985,1349,1298,853,598,173,27,5,3869,3869,322,628,448,470,701,623,363,247,59,7,1,4057,4057,333,548,359,515,648,675,490,351,114,20,4
경상북도 영주시 영주1동(4721055000),5597,5597,317,548,638,601,847,1079,772,577,196,21,1,2711,2711,151,278,361,317,455,499,338,247,62,3,0,2886,2886,166,270,277,284,392,580,434,330,134,18,1
경상북도 영주시 영주2동(4721056000),5024,5024,341,627,612,614,751,947,575,404,133,20,0,2467,2467,179,341,338,316,375,431,283,159,38,7,0,2557,2557,162,286,274,298,376,516,292,245,95,13,0
경상북도 영주시 휴천1동(4721059000),7622,7622,888,1244,725,1176,1367,1015,615,421,151,20,0,3802,3802,468,682,398,549,712,479,303,155,51,5,0,3820,3820,420,562,327,627,655,536,312,266,100,15,0
경상북도 영주시 휴천2동(4721060000),10599,10599,665,1630,1340,1187,1848,1904,1088,703,206,26,2,5284,5284,356,863,729,601,888,911,536,320,77,2,1,5315,5315,309,767,611,586,960,993,552,383,129,24,1
경상북도 영주시 휴천3동(4721061000),10204,10204,908,1587,1118,1299,1809,1657,901,651,238,34,2,5094,5094,464,867,639,646,879,795,455,266,72,10,1,5110,5110,444,720,479,653,930,862,446,385,166,24,1
경상북도 영주시 가흥1동(4721062000),11868,11868,1168,1432,1301,1869,1779,1866,1190,903,309,48,3,5848,5848,609,787,721,956,906,873,545,370,73,8,0,6020,6020,559,645,580,913,873,993,645,533,236,40,3
경상북도 영주시 가흥2동(4721063000),7661,7661,802,1021,862,1180,1269,1171,620,543,169,24,0,3794,3794,417,555,461,587,640,574,292,204,59,5,0,3867,3867,385,466,401,593,629,597,328,339,110,19,0
경상북도 영천시 (4723000000),102691,102691,6937,10647,11667,12516,15462,16753,13427,11573,3356,331,22,51817,51817,3641,5720,6867,6707,8399,8443,6235,4592,1112,94,7,50874,50874,3296,4927,4800,5809,7063,8310,7192,6981,2244,237,15
경상북도 영천시 금호읍(4723025000),12491,12491,680,1081,1385,1597,2044,2184,1678,1463,339,39,1,6402,6402,363,571,784,887,1176,1118,787,588,116,12,0,6089,6089,317,510,601,710,868,1066,891,875,223,27,1
경상북도 영천시 청통면(4723031000),4671,4671,209,321,495,457,596,923,808,662,180,19,1,2408,2408,109,168,297,279,328,482,404,271,64,5,1,2263,2263,100,153,198,178,268,441,404,391,116,14,0
경상북도 영천시 신녕면(4723032000),4538,4538,182,330,433,427,527,915,744,715,241,24,0,2241,2241,102,188,254,243,297,447,335,287,76,12,0,2297,2297,80,142,179,184,230,468,409,428,165,12,0
경상북도 영천시 화산면(4723033000),3645,3645,162,209,290,342,448,616,703,670,191,13,1,1846,1846,97,124,165,202,268,310,336,260,81,3,0,1799,1799,65,85,125,140,180,306,367,410,110,10,1
경상북도 영천시 화북면(4723034000),2409,2409,86,132,220,198,292,434,404,467,159,17,0,1173,1173,38,75,126,106,170,227,180,199,48,4,0,1236,1236,48,57,94,92,122,207,224,268,111,13,0
경상북도 영천시 화남면(4723035000),3272,3272,126,180,280,246,382,624,633,580,197,22,2,1657,1657,73,100,166,166,228,316,297,236,68,7,0,1615,1615,53,80,114,80,154,308,336,344,129,15,2
경상북도 영천시 자양면(4723036000),1181,1181,35,80,86,57,150,200,223,256,86,7,1,573,573,20,42,46,32,94,110,96,102,30,1,0,608,608,15,38,40,25,56,90,127,154,56,6,1
경상북도 영천시 임고면(4723037000),4327,4327,155,251,389,385,496,737,845,820,227,22,0,2182,2182,85,140,233,241,296,373,372,355,80,7,0,2145,2145,70,111,156,144,200,364,473,465,147,15,0
경상북도 영천시 고경면(4723038000),6962,6962,453,435,1283,754,745,979,1040,961,282,29,1,3814,3814,231,234,1028,425,429,518,492,366,88,3,0,3148,3148,222,201,255,329,316,461,548,595,194,26,1
경상북도 영천시 북안면(4723039000),4757,4757,194,278,424,409,592,861,866,838,263,30,2,2370,2370,94,141,249,247,359,426,423,341,81,8,1,2387,2387,100,137,175,162,233,435,443,497,182,22,1
경상북도 영천시 대창면(4723040000),3208,3208,122,219,330,275,403,630,547,493,169,20,0,1660,1660,64,128,199,175,245,326,264,196,55,8,0,1548,1548,58,91,131,100,158,304,283,297,114,12,0
경상북도 영천시 동부동(4723051000),26292,26292,2751,4241,3185,4161,4883,3548,1801,1326,358,36,2,13087,13087,1437,2313,1740,1995,2457,1755,823,441,114,12,0,13205,13205,1314,1928,1445,2166,2426,1793,978,885,244,24,2
경상북도 영천시 중앙동(4723052000),10029,10029,1018,1367,1185,1446,1664,1460,946,717,206,14,6,4901,4901,527,693,630,711,828,739,419,302,50,1,1,5128,5128,491,674,555,735,836,721,527,415,156,13,5
경상북도 영천시 서부동(4723053500),6047,6047,302,691,706,693,897,1072,841,633,194,18,0,3003,3003,152,349,390,385,473,535,393,251,68,7,0,3044,3044,150,342,316,308,424,537,448,382,126,11,0
경상북도 영천시 완산동(4723054000),4938,4938,290,503,533,652,752,880,728,465,120,11,4,2443,2443,153,270,290,350,393,411,321,198,51,2,4,2495,2495,137,233,243,302,359,469,407,267,69,9,0
경상북도 영천시 남부동(4723055500),3924,3924,172,329,443,417,591,690,620,507,144,10,1,2057,2057,96,184,270,263,358,350,293,199,42,2,0,1867,1867,76,145,173,154,233,340,327,308,102,8,1
경상북도 상주시 (4725000000),105074,105074,6899,11254,11059,11047,14975,17720,13548,13222,4718,603,29,51748,51748,3677,6014,6349,5966,7953,8744,6183,5253,1460,141,8,53326,53326,3222,5240,4710,5081,7022,8976,7365,7969,3258,462,21
경상북도 상주시 함창읍(4725025000),7054,7054,310,667,674,598,962,1311,1071,1054,354,52,1,3461,3461,162,364,396,350,512,666,479,415,105,12,0,3593,3593,148,303,278,248,450,645,592,639,249,40,1
경상북도 상주시 중동면(4725031000),1824,1824,94,134,172,154,211,286,309,321,124,19,0,872,872,43,72,94,89,125,137,131,130,46,5,0,952,952,51,62,78,65,86,149,178,191,78,14,0
경상북도 상주시 사벌면(4725032000),4427,4427,206,308,420,361,517,754,682,850,290,39,0,2148,2148,109,174,249,231,303,381,297,309,87,8,0,2279,2279,97,134,171,130,214,373,385,541,203,31,0
경상북도 상주시 낙동면(4725033000),3526,3526,130,315,304,265,424,563,548,677,260,39,1,1728,1728,62,169,180,157,255,290,249,264,93,9,0,1798,1798,68,146,124,108,169,273,299,413,167,30,1
경상북도 상주시 낙동면동부출장소(4725033500),1272,1272,56,98,110,79,199,218,168,257,73,12,2,609,609,29,48,61,42,118,108,76,96,29,2,0,663,663,27,50,49,37,81,110,92,161,44,10,2
경상북도 상주시 청리면(4725034000),3354,3354,116,264,371,195,391,623,519,602,235,37,1,1631,1631,64,146,201,121,218,318,229,253,73,8,0,1723,1723,52,118,170,74,173,305,290,349,162,29,1
경상북도 상주시 공성면(4725035000),4867,4867,163,357,518,376,538,905,841,814,318,35,2,2343,2343,85,185,284,242,288,432,387,326,103,10,1,2524,2524,78,172,234,134,250,473,454,488,215,25,1
경상북도 상주시 외남면(4725036000),1998,1998,101,144,180,151,226,325,324,389,137,21,0,990,990,62,71,100,101,134,166,150,161,41,4,0,1008,1008,39,73,80,50,92,159,174,228,96,17,0
경상북도 상주시 내서면(4725037000),2123,2123,85,149,213,161,257,405,321,380,137,15,0,1047,1047,35,85,121,104,136,218,148,153,44,3,0,1076,1076,50,64,92,57,121,187,173,227,93,12,0
경상북도 상주시 모동면(4725038000),2834,2834,155,266,261,220,391,560,443,369,155,13,1,1426,1426,80,144,138,139,218,282,198,174,48,4,1,1408,1408,75,122,123,81,173,278,245,195,107,9,0
경상북도 상주시 모서면(4725039000),1879,1879,73,136,163,162,226,344,310,330,124,10,1,939,939,32,84,85,100,143,173,140,139,38,5,0,940,940,41,52,78,62,83,171,170,191,86,5,1
경상북도 상주시 모서면서부출장소(4725039500),852,852,50,64,87,66,115,158,129,133,46,4,0,411,411,29,33,47,42,58,91,52,48,10,1,0,441,441,21,31,40,24,57,67,77,85,36,3,0
경상북도 상주시 화동면(4725040000),2287,2287,130,195,216,133,310,409,381,346,145,21,1,1137,1137,70,94,118,79,181,210,179,151,44,10,1,1150,1150,60,101,98,54,129,199,202,195,101,11,0
경상북도 상주시 화서면(4725041000),2940,2940,141,239,282,213,387,535,438,505,178,18,4,1441,1441,74,132,168,127,209,262,187,215,61,4,2,1499,1499,67,107,114,86,178,273,251,290,117,14,2
경상북도 상주시 화북면(4725042000),1332,1332,61,122,114,91,212,244,208,206,64,10,0,665,665,35,54,69,42,125,125,95,94,21,5,0,667,667,26,68,45,49,87,119,113,112,43,5,0
경상북도 상주시 화북면서부출장소(4725042600),380,380,13,30,25,26,48,82,56,67,30,3,0,179,179,6,14,8,18,29,42,28,26,8,0,0,201,201,7,16,17,8,19,40,28,41,22,3,0
경상북도 상주시 외서면(4725043000),3011,3011,153,210,264,253,399,527,474,532,177,20,2,1448,1448,80,120,158,136,221,255,217,206,51,3,1,1563,1563,73,90,106,117,178,272,257,326,126,17,1
경상북도 상주시 은척면(4725044000),1370,1370,56,72,109,102,129,247,264,275,101,15,0,660,660,36,40,56,63,78,116,112,122,34,3,0,710,710,20,32,53,39,51,131,152,153,67,12,0
경상북도 상주시 은척면북부출장소(4725044500),427,427,19,14,17,21,50,65,74,120,42,5,0,212,212,11,9,9,13,32,36,32,50,20,0,0,215,215,8,5,8,8,18,29,42,70,22,5,0
경상북도 상주시 공검면(4725045000),2597,2597,105,165,207,186,262,477,454,530,188,22,1,1235,1235,55,85,128,111,148,241,211,202,51,2,1,1362,1362,50,80,79,75,114,236,243,328,137,20,0
경상북도 상주시 이안면(4725046000),2367,2367,86,156,184,172,216,385,444,498,200,26,0,1128,1128,45,78,113,95,133,181,209,204,65,5,0,1239,1239,41,78,71,77,83,204,235,294,135,21,0
경상북도 상주시 화남면(4725047000),923,923,43,70,69,61,117,146,155,181,71,9,1,441,441,20,24,40,42,76,70,70,72,23,3,1,482,482,23,46,29,19,41,76,85,109,48,6,0
경상북도 상주시 남원동(4725052000),12695,12695,1142,1737,1532,1716,2072,2052,1275,845,276,44,4,6271,6271,596,956,890,866,975,970,595,337,78,8,0,6424,6424,546,781,642,850,1097,1082,680,508,198,36,4
경상북도 상주시 북문동(4725053000),6340,6340,400,720,892,778,1010,1140,678,517,184,21,0,3220,3220,218,393,511,413,529,587,316,200,48,5,0,3120,3120,182,327,381,365,481,553,362,317,136,16,0
경상북도 상주시 계림동(4725054000),8506,8506,709,1218,1037,1150,1381,1347,780,629,228,27,0,4149,4149,358,637,599,599,684,620,353,225,66,8,0,4357,4357,351,581,438,551,697,727,427,404,162,19,0
경상북도 상주시 동문동(4725055000),9923,9923,842,1424,1053,1331,1719,1560,978,755,231,28,2,4977,4977,478,742,615,655,908,744,467,282,77,9,0,4946,4946,364,682,438,676,811,816,511,473,154,19,2
경상북도 상주시 동성동(4725056000),4365,4365,309,530,517,537,675,713,538,409,120,14,3,2162,2162,163,292,289,296,344,324,241,171,39,3,0,2203,2203,146,238,228,241,331,389,297,238,81,11,3
경상북도 상주시 신흥동(4725057000),9601,9601,1151,1450,1068,1489,1531,1339,686,631,230,24,2,4818,4818,640,769,622,693,773,699,335,228,57,2,0,4783,4783,511,681,446,796,758,640,351,403,173,22,2
경상북도 문경시 (4728000000),76061,76061,5159,8348,8205,8508,10752,13001,9907,8825,2905,414,37,37380,37380,2771,4533,4575,4534,5566,6357,4543,3493,899,98,11,38681,38681,2388,3815,3630,3974,5186,6644,5364,5332,2006,316,26
경상북도 문경시 문경읍(4728025000),6382,6382,291,585,661,619,839,1135,1040,880,276,52,4,3119,3119,158,325,377,349,438,573,442,356,89,10,2,3263,3263,133,260,284,270,401,562,598,524,187,42,2
경상북도 문경시 문경읍갈평출장소(4728025100),1211,1211,65,87,139,93,168,222,166,191,73,7,0,587,587,35,48,76,57,98,111,68,67,23,4,0,624,624,30,39,63,36,70,111,98,124,50,3,0
경상북도 문경시 가은읍(4728025300),3470,3470,130,215,314,226,383,616,579,694,270,40,3,1682,1682,79,109,185,133,211,318,261,290,86,9,1,1788,1788,51,106,129,93,172,298,318,404,184,31,2
경상북도 문경시 가은읍북부출장소(4728025400),830,830,32,52,59,70,125,140,141,148,54,9,0,420,420,17,24,33,44,80,84,59,62,13,4,0,410,410,15,28,26,26,45,56,82,86,41,5,0
경상북도 문경시 영순면(4728031000),2682,2682,89,183,261,215,275,502,435,518,171,31,2,1347,1347,44,103,162,134,154,256,220,217,49,8,0,1335,1335,45,80,99,81,121,246,215,301,122,23,2
경상북도 문경시 산양면(4728032000),3561,3561,147,215,342,282,366,653,577,674,272,30,3,1764,1764,76,140,189,172,216,322,269,279,89,11,1,1797,1797,71,75,153,110,150,331,308,395,183,19,2
경상북도 문경시 호계면(4728033000),2833,2833,92,346,382,212,333,465,399,449,138,15,2,1297,1297,49,141,152,127,184,228,183,188,44,1,0,1536,1536,43,205,230,85,149,237,216,261,94,14,2
경상북도 문경시 산북면(4728034000),3103,3103,107,188,245,227,374,522,561,655,197,25,2,1511,1511,53,103,135,145,214,267,261,267,60,6,0,1592,1592,54,85,110,82,160,255,300,388,137,19,2
경상북도 문경시 동로면(4728035000),1787,1787,68,86,150,125,214,341,339,341,109,13,1,887,887,37,51,88,78,121,181,152,139,36,4,0,900,900,31,35,62,47,93,160,187,202,73,9,1
경상북도 문경시 마성면(4728036000),3965,3965,153,276,374,315,496,690,703,705,208,41,4,1929,1929,85,155,224,196,282,355,292,262,67,10,1,2036,2036,68,121,150,119,214,335,411,443,141,31,3
경상북도 문경시 농암면(4728037000),2861,2861,115,178,233,223,359,497,499,495,223,35,4,1330,1330,68,108,128,130,192,233,224,173,68,4,2,1531,1531,47,70,105,93,167,264,275,322,155,31,2
경상북도 문경시 점촌1동(4728057000),6264,6264,330,698,831,688,897,1279,823,536,159,20,3,3129,3129,177,376,508,372,444,581,387,229,48,7,0,3135,3135,153,322,323,316,453,698,436,307,111,13,3
경상북도 문경시 점촌2동(4728058000),8289,8289,566,980,1019,968,1203,1579,1093,696,159,22,4,4118,4118,306,555,581,504,591,712,523,293,47,4,2,4171,4171,260,425,438,464,612,867,570,403,112,18,2
경상북도 문경시 점촌3동(4728059000),10165,10165,902,1323,1261,1374,1544,1749,1039,727,227,17,2,5103,5103,492,744,706,717,737,841,492,291,78,5,0,5062,5062,410,579,555,657,807,908,547,436,149,12,2
경상북도 문경시 점촌4동(4728060000),3736,3736,192,308,382,384,486,706,602,522,133,19,2,1862,1862,98,161,214,234,283,343,291,192,40,4,2,1874,1874,94,147,168,150,203,363,311,330,93,15,0
경상북도 문경시 점촌5동(4728061000),14922,14922,1880,2628,1552,2487,2690,1905,911,594,236,38,1,7295,7295,997,1390,817,1142,1321,952,419,188,62,7,0,7627,7627,883,1238,735,1345,1369,953,492,406,174,31,1
경상북도 경산시 (4729000000),242040,242040,23637,30151,31779,40878,41000,34716,20937,14225,4165,512,40,122311,122311,12346,16090,17250,20986,21303,17386,9879,5717,1236,112,6,119729,119729,11291,14061,14529,19892,19697,17330,11058,8508,2929,400,34
경상북도 경산시 하양읍(4729025000),27144,27144,2376,4032,3407,3991,4630,3808,2523,1817,473,71,16,13569,13569,1219,2211,1857,1988,2324,1903,1172,724,147,20,4,13575,13575,1157,1821,1550,2003,2306,1905,1351,1093,326,51,12
경상북도 경산시 진량읍(4729025300),38919,38919,4450,5936,4349,7196,7671,4305,2545,1889,524,52,2,19986,19986,2285,3117,2370,3669,4183,2260,1178,747,167,10,0,18933,18933,2165,2819,1979,3527,3488,2045,1367,1142,357,42,2
경상북도 경산시 와촌면(4729031000),6384,6384,254,543,709,670,990,1272,922,768,216,38,2,3401,3401,137,300,425,425,580,681,472,318,52,10,1,2983,2983,117,243,284,245,410,591,450,450,164,28,1
경상북도 경산시 자인면(4729033000),6451,6451,287,565,800,724,943,1261,917,707,210,37,0,3335,3335,149,301,456,449,534,676,437,272,57,4,0,3116,3116,138,264,344,275,409,585,480,435,153,33,0
경상북도 경산시 용성면(4729034000),3782,3782,103,290,382,343,466,696,628,615,232,27,0,1924,1924,49,154,228,223,271,382,303,241,65,8,0,1858,1858,54,136,154,120,195,314,325,374,167,19,0
경상북도 경산시 남산면(4729035000),3942,3942,177,233,441,379,532,763,616,579,202,19,1,2084,2084,101,127,276,236,329,413,309,238,52,3,0,1858,1858,76,106,165,143,203,350,307,341,150,16,1
경상북도 경산시 압량면(4729036000),12499,12499,852,1407,1859,1908,2103,1945,1223,897,274,28,3,6602,6602,474,771,1021,1075,1160,1031,583,383,94,10,0,5897,5897,378,636,838,833,943,914,640,514,180,18,3
경상북도 경산시 남천면(4729037000),3498,3498,121,303,434,354,473,655,551,432,159,16,0,1787,1787,64,167,259,203,270,344,267,158,51,4,0,1711,1711,57,136,175,151,203,311,284,274,108,12,0
경상북도 경산시 중방동(4729051000),10838,10838,808,1242,1732,1701,1777,1912,996,492,150,27,1,5377,5377,437,658,931,856,842,924,498,187,39,5,0,5461,5461,371,584,801,845,935,988,498,305,111,22,1
경상북도 경산시 중앙동(4729052000),7316,7316,448,906,983,985,1302,1259,736,550,126,19,2,3688,3688,232,521,539,514,655,644,319,213,48,3,0,3628,3628,216,385,444,471,647,615,417,337,78,16,2
경상북도 경산시 남부동(4729053000),17345,17345,1980,1990,2084,3261,2682,2548,1539,922,295,40,4,8676,8676,1035,1076,1185,1665,1359,1173,725,359,89,10,0,8669,8669,945,914,899,1596,1323,1375,814,563,206,30,4
경상북도 경산시 서부1동(4729054100),39652,39652,4872,5227,4863,7306,6750,5435,2926,1723,498,49,3,19367,19367,2535,2690,2498,3459,3331,2652,1341,712,141,8,0,20285,20285,2337,2537,2365,3847,3419,2783,1585,1011,357,41,3
경상북도 경산시 서부2동(4729054200),20641,20641,2395,2200,2850,3882,3115,3099,1796,969,308,26,1,10199,10199,1257,1163,1495,1908,1551,1438,862,416,104,5,0,10442,10442,1138,1037,1355,1974,1564,1661,934,553,204,21,1
경상북도 경산시 북부동(4729055000),12481,12481,1008,952,2595,2575,1928,1727,980,540,155,17,4,6696,6696,517,486,1456,1497,1104,866,499,230,38,2,1,5785,5785,491,466,1139,1078,824,861,481,310,117,15,3
경상북도 경산시 동부동(4729056000),31148,31148,3506,4325,4291,5603,5638,4031,2039,1325,343,46,1,15620,15620,1855,2348,2254,2819,2810,1999,914,519,92,10,0,15528,15528,1651,1977,2037,2784,2828,2032,1125,806,251,36,1
경상북도 군위군 (4772000000),24408,24408,965,1797,2079,2093,3230,4429,4076,4205,1375,154,5,12282,12282,517,1001,1222,1245,1873,2328,1913,1731,423,29,0,12126,12126,448,796,857,848,1357,2101,2163,2474,952,125,5
경상북도 군위군 군위읍(4772025000),7872,7872,437,830,749,904,1242,1358,1065,928,309,48,2,4040,4040,232,448,446,489,701,721,515,391,89,8,0,3832,3832,205,382,303,415,541,637,550,537,220,40,2
경상북도 군위군 소보면(4772031000),2552,2552,80,126,189,163,326,440,442,577,182,26,1,1270,1270,50,70,115,104,192,229,194,251,55,10,0,1282,1282,30,56,74,59,134,211,248,326,127,16,1
경상북도 군위군 효령면(4772032000),4114,4114,168,309,354,361,570,773,691,660,213,14,1,2126,2126,83,172,210,234,350,431,323,256,63,4,0,1988,1988,85,137,144,127,220,342,368,404,150,10,1
경상북도 군위군 부계면(4772033000),2102,2102,46,154,170,141,255,411,363,407,139,16,0,1035,1035,20,101,93,79,142,214,171,170,43,2,0,1067,1067,26,53,77,62,113,197,192,237,96,14,0
경상북도 군위군 우보면(4772034000),2204,2204,69,120,176,143,248,372,406,495,158,17,0,1059,1059,35,67,96,94,145,183,180,205,51,3,0,1145,1145,34,53,80,49,103,189,226,290,107,14,0
경상북도 군위군 의흥면(4772035000),2811,2811,98,142,229,204,314,528,537,557,179,22,1,1377,1377,60,76,136,126,176,261,258,221,62,1,0,1434,1434,38,66,93,78,138,267,279,336,117,21,1
경상북도 군위군 산성면(4772036000),1348,1348,37,35,107,80,127,264,274,320,100,4,0,644,644,19,20,63,56,73,135,124,123,31,0,0,704,704,18,15,44,24,54,129,150,197,69,4,0
경상북도 군위군 고로면(4772037000),1405,1405,30,81,105,97,148,283,298,261,95,7,0,731,731,18,47,63,63,94,154,148,114,29,1,0,674,674,12,34,42,34,54,129,150,147,66,6,0
경상북도 의성군 (4773000000),58089,58089,2503,4322,5441,4845,7085,10685,9537,9988,3296,372,15,28492,28492,1294,2277,3159,2873,3896,5314,4411,4093,1088,85,2,29597,29597,1209,2045,2282,1972,3189,5371,5126,5895,2208,287,13
경상북도 의성군 의성읍(4773025000),14587,14587,1029,1514,1663,1776,2084,2639,1854,1464,496,64,4,7197,7197,545,804,909,971,1086,1259,879,591,141,12,0,7390,7390,484,710,754,805,998,1380,975,873,355,52,4
경상북도 의성군 단촌면(4773031000),2250,2250,78,113,202,172,250,467,386,458,111,12,1,1135,1135,42,56,130,122,150,241,163,194,37,0,0,1115,1115,36,57,72,50,100,226,223,264,74,12,1
경상북도 의성군 점곡면(4773032000),1936,1936,62,116,152,136,191,373,369,401,128,8,0,954,954,33,58,101,83,111,180,181,165,41,1,0,982,982,29,58,51,53,80,193,188,236,87,7,0
경상북도 의성군 옥산면(4773033000),2185,2185,78,155,197,165,241,420,388,388,142,11,0,1083,1083,39,78,115,110,131,207,183,162,54,4,0,1102,1102,39,77,82,55,110,213,205,226,88,7,0
경상북도 의성군 사곡면(4773034000),1772,1772,38,102,130,95,192,330,335,392,143,14,1,853,853,25,51,79,67,105,163,157,157,45,3,1,919,919,13,51,51,28,87,167,178,235,98,11,0
경상북도 의성군 춘산면(4773035000),1716,1716,60,105,198,74,208,372,283,285,113,17,1,846,846,30,58,122,42,98,197,138,118,39,3,1,870,870,30,47,76,32,110,175,145,167,74,14,0
경상북도 의성군 가음면(4773036000),1599,1599,43,95,150,93,172,314,281,312,121,18,0,797,797,23,50,90,59,103,171,121,129,44,7,0,802,802,20,45,60,34,69,143,160,183,77,11,0
경상북도 의성군 금성면(4773037000),4931,4931,168,304,451,384,515,888,916,890,381,32,2,2441,2441,95,166,259,234,289,457,432,373,129,7,0,2490,2490,73,138,192,150,226,431,484,517,252,25,2
경상북도 의성군 봉양면(4773038000),4073,4073,168,308,358,354,497,807,658,676,219,28,0,1986,1986,79,159,203,212,288,394,304,269,71,7,0,2087,2087,89,149,155,142,209,413,354,407,148,21,0
경상북도 의성군 비안면(4773039000),2756,2756,52,166,226,186,298,505,508,588,199,26,2,1318,1318,24,85,126,116,165,248,243,235,65,11,0,1438,1438,28,81,100,70,133,257,265,353,134,15,2
경상북도 의성군 구천면(4773040000),2035,2035,55,136,168,120,233,392,339,424,152,14,2,979,979,31,70,94,71,134,203,156,161,55,4,0,1056,1056,24,66,74,49,99,189,183,263,97,10,2
경상북도 의성군 단밀면(4773041000),2152,2152,59,129,208,122,249,365,362,496,148,14,0,1060,1060,27,75,132,73,129,187,170,213,50,4,0,1092,1092,32,54,76,49,120,178,192,283,98,10,0
경상북도 의성군 단북면(4773042000),2131,2131,58,127,181,130,252,408,378,470,114,13,0,1052,1052,33,74,107,88,153,210,155,189,41,2,0,1079,1079,25,53,74,42,99,198,223,281,73,11,0
경상북도 의성군 안계면(4773043000),5066,5066,282,491,462,483,713,837,783,767,213,35,0,2420,2420,131,250,261,260,381,416,357,301,59,4,0,2646,2646,151,241,201,223,332,421,426,466,154,31,0
경상북도 의성군 다인면(4773044000),4645,4645,179,296,387,302,554,829,854,915,287,41,1,2280,2280,85,155,240,185,312,405,400,389,98,11,0,2365,2365,94,141,147,117,242,424,454,526,189,30,1
경상북도 의성군 신평면(4773045000),888,888,15,26,53,46,84,142,201,251,66,4,0,427,427,9,13,35,34,47,72,75,115,25,2,0,461,461,6,13,18,12,37,70,126,136,41,2,0
경상북도 의성군 안평면(4773046000),2375,2375,59,96,189,157,246,428,458,540,188,13,1,1197,1197,32,53,114,110,149,216,220,231,70,2,0,1178,1178,27,43,75,47,97,212,238,309,118,11,1
경상북도 의성군 안사면(4773047000),992,992,20,43,66,50,106,169,184,271,75,8,0,467,467,11,22,42,36,65,88,77,101,24,1,0,525,525,9,21,24,14,41,81,107,170,51,7,0
경상북도 청송군 (4775000000),26565,26565,1326,2144,2368,2432,3627,4759,4397,4071,1280,154,7,13134,13134,691,1156,1377,1370,1987,2361,2042,1692,425,31,2,13431,13431,635,988,991,1062,1640,2398,2355,2379,855,123,5
경상북도 청송군 청송읍(4775025000),5479,5479,353,600,607,604,875,915,696,592,201,31,5,2730,2730,184,314,358,320,472,463,328,229,54,7,1,2749,2749,169,286,249,284,403,452,368,363,147,24,4
경상북도 청송군 부동면(4775031000),2013,2013,68,128,186,140,251,414,372,336,113,4,1,971,971,40,67,105,85,131,211,163,131,38,0,0,1042,1042,28,61,81,55,120,203,209,205,75,4,1
경상북도 청송군 부남면(4775032000),2510,2510,75,143,192,138,314,503,502,482,150,11,0,1234,1234,43,75,113,87,181,242,233,207,52,1,0,1276,1276,32,68,79,51,133,261,269,275,98,10,0
경상북도 청송군 현동면(4775033000),2185,2185,114,180,163,193,294,329,375,387,137,13,0,1062,1062,66,94,93,109,161,156,167,169,46,1,0,1123,1123,48,86,70,84,133,173,208,218,91,12,0
경상북도 청송군 현서면(4775034000),2586,2586,104,143,233,174,314,531,483,448,131,25,0,1277,1277,52,71,142,97,176,260,224,208,43,4,0,1309,1309,52,72,91,77,138,271,259,240,88,21,0
경상북도 청송군 안덕면(4775035000),2779,2779,109,154,191,189,367,512,554,506,168,28,1,1329,1329,56,87,115,109,182,254,249,212,56,8,1,1450,1450,53,67,76,80,185,258,305,294,112,20,0
경상북도 청송군 파천면(4775036000),1987,1987,49,113,181,156,214,351,360,416,129,18,0,1005,1005,18,70,102,107,133,181,175,176,38,5,0,982,982,31,43,79,49,81,170,185,240,91,13,0
경상북도 청송군 진보면(4775037000),7026,7026,454,683,615,838,998,1204,1055,904,251,24,0,3526,3526,232,378,349,456,551,594,503,360,98,5,0,3500,3500,222,305,266,382,447,610,552,544,153,19,0
경상북도 영양군 (4776000000),18276,18276,956,1519,1548,1650,2495,3121,2959,2913,978,121,16,9008,9008,484,841,870,984,1366,1556,1360,1191,324,28,4,9268,9268,472,678,678,666,1129,1565,1599,1722,654,93,12
경상북도 영양군 영양읍(4776025000),7839,7839,565,882,775,855,1204,1293,1000,887,328,45,5,3836,3836,286,495,420,466,620,655,437,355,94,6,2,4003,4003,279,387,355,389,584,638,563,532,234,39,3
경상북도 영양군 입암면(4776031000),2430,2430,87,137,211,195,291,441,446,474,133,15,0,1174,1174,44,71,116,126,161,219,204,184,42,7,0,1256,1256,43,66,95,69,130,222,242,290,91,8,0
경상북도 영양군 청기면(4776032000),1889,1889,55,89,119,140,183,336,416,408,124,19,0,945,945,24,44,81,96,113,151,216,166,50,4,0,944,944,31,45,38,44,70,185,200,242,74,15,0
경상북도 영양군 일월면(4776033000),1897,1897,84,131,137,115,247,312,336,383,135,15,2,925,925,44,69,70,76,140,158,161,158,46,3,0,972,972,40,62,67,39,107,154,175,225,89,12,2
경상북도 영양군 수비면(4776034000),1932,1932,106,143,140,177,257,325,324,321,121,13,5,974,974,53,85,85,111,147,156,142,142,47,5,1,958,958,53,58,55,66,110,169,182,179,74,8,4
경상북도 영양군 석보면(4776035000),2289,2289,59,137,166,168,313,414,437,440,137,14,4,1154,1154,33,77,98,109,185,217,200,186,45,3,1,1135,1135,26,60,68,59,128,197,237,254,92,11,3
경상북도 영덕군 (4777000000),40925,40925,2242,3511,3535,3909,5530,7091,6552,6174,2120,247,14,19402,19402,1167,1871,1933,2165,3006,3375,2850,2383,605,46,1,21523,21523,1075,1640,1602,1744,2524,3716,3702,3791,1515,201,13
경상북도 영덕군 영덕읍(4777025000),11125,11125,861,1183,1072,1416,1681,1808,1414,1204,439,43,4,5306,5306,443,613,568,729,895,864,609,459,119,7,0,5819,5819,418,570,504,687,786,944,805,745,320,36,4
경상북도 영덕군 강구면(4777031000),7591,7591,426,641,693,773,1143,1416,1240,920,304,34,1,3627,3627,218,347,360,431,623,664,526,357,97,4,0,3964,3964,208,294,333,342,520,752,714,563,207,30,1
경상북도 영덕군 남정면(4777032000),2849,2849,92,180,255,209,351,487,512,518,215,30,0,1350,1350,53,92,156,128,198,249,208,192,64,10,0,1499,1499,39,88,99,81,153,238,304,326,151,20,0
경상북도 영덕군 달산면(4777033000),1303,1303,56,68,81,79,132,205,256,295,117,12,2,584,584,23,43,44,43,81,103,102,112,32,1,0,719,719,33,25,37,36,51,102,154,183,85,11,2
경상북도 영덕군 지품면(4777034000),1709,1709,64,105,115,117,203,297,312,357,121,15,3,829,829,40,53,66,78,117,147,149,135,42,2,0,880,880,24,52,49,39,86,150,163,222,79,13,3
경상북도 영덕군 지품면원전출장소(4777034500),696,696,24,38,37,45,75,138,156,142,34,7,0,334,334,11,21,20,34,44,64,73,57,10,0,0,362,362,13,17,17,11,31,74,83,85,24,7,0
경상북도 영덕군 축산면(4777035000),1013,1013,26,58,72,62,119,155,224,226,64,7,0,481,481,13,38,36,41,79,62,101,91,19,1,0,532,532,13,20,36,21,40,93,123,135,45,6,0
경상북도 영덕군 축산면축산출장소(4777035500),2174,2174,83,183,177,186,293,442,408,303,87,12,0,1032,1032,42,95,103,108,157,210,183,110,24,0,0,1142,1142,41,88,74,78,136,232,225,193,63,12,0
경상북도 영덕군 영해면(4777036000),7277,7277,434,757,676,702,995,1263,1033,1015,352,49,1,3435,3435,231,418,377,363,503,594,467,389,82,11,0,3842,3842,203,339,299,339,492,669,566,626,270,38,1
경상북도 영덕군 병곡면(4777037000),3233,3233,124,201,231,205,349,566,592,713,233,18,1,1494,1494,65,98,136,132,198,271,249,280,59,5,1,1739,1739,59,103,95,73,151,295,343,433,174,13,0
경상북도 영덕군 창수면(4777038000),1955,1955,52,97,126,115,189,314,405,481,154,20,2,930,930,28,53,67,78,111,147,183,201,57,5,0,1025,1025,24,44,59,37,78,167,222,280,97,15,2
경상북도 청도군 (4782000000),44198,44198,2069,3744,4340,4251,5833,7870,6900,6615,2318,251,7,21533,21533,1044,2027,2448,2412,3190,3893,3227,2532,695,63,2,22665,22665,1025,1717,1892,1839,2643,3977,3673,4083,1623,188,5
경상북도 청도군 화양읍(4782025000),6532,6532,473,795,684,743,1026,1027,790,692,266,34,2,3194,3194,237,419,368,397,538,524,364,261,79,6,1,3338,3338,236,376,316,346,488,503,426,431,187,28,1
경상북도 청도군 화양읍남성현출장소(4782025100),1257,1257,38,73,129,118,158,227,210,218,73,12,1,630,630,26,43,78,72,90,108,99,94,18,1,1,627,627,12,30,51,46,68,119,111,124,55,11,0
경상북도 청도군 청도읍(4782025300),11177,11177,683,1185,1300,1298,1581,1966,1469,1203,444,46,2,5419,5419,354,618,710,697,828,972,672,435,124,9,0,5758,5758,329,567,590,601,753,994,797,768,320,37,2
경상북도 청도군 청도읍유호출장소(4782025400),1812,1812,59,115,180,149,178,378,347,278,114,14,0,882,882,28,67,109,97,106,181,159,104,29,2,0,930,930,31,48,71,52,72,197,188,174,85,12,0
경상북도 청도군 각남면(4782031000),2308,2308,75,139,201,184,250,391,457,432,158,21,0,1096,1096,39,82,114,119,136,185,204,159,51,7,0,1212,1212,36,57,87,65,114,206,253,273,107,14,0
경상북도 청도군 풍각면(4782032000),4320,4320,165,316,426,371,535,834,654,743,254,22,0,2133,2133,68,162,261,224,300,421,321,288,81,7,0,2187,2187,97,154,165,147,235,413,333,455,173,15,0
경상북도 청도군 각북면(4782033000),2190,2190,71,143,181,159,266,451,402,390,113,14,0,1066,1066,26,87,102,85,153,230,188,160,33,2,0,1124,1124,45,56,79,74,113,221,214,230,80,12,0
경상북도 청도군 이서면(4782034000),4656,4656,215,361,421,443,608,834,773,708,266,26,1,2311,2311,114,197,249,262,336,393,388,278,87,7,0,2345,2345,101,164,172,181,272,441,385,430,179,19,1
경상북도 청도군 운문면(4782035000),2264,2264,44,138,183,199,320,427,368,444,129,12,0,1059,1059,25,83,88,101,171,229,146,173,39,4,0,1205,1205,19,55,95,98,149,198,222,271,90,8,0
경상북도 청도군 금천면(4782036000),3638,3638,121,242,300,285,457,618,683,683,215,33,1,1790,1790,64,131,175,172,269,303,332,264,70,10,0,1848,1848,57,111,125,113,188,315,351,419,145,23,1
경상북도 청도군 매전면(4782037000),4044,4044,125,237,335,302,454,717,747,824,286,17,0,1953,1953,63,138,194,186,263,347,354,316,84,8,0,2091,2091,62,99,141,116,191,370,393,508,202,9,0
경상북도 고령군 (4783000000),35447,35447,2415,3303,3585,4354,5535,5946,4526,4188,1432,159,4,18100,18100,1285,1762,2032,2410,3204,3156,2136,1635,434,44,2,17347,17347,1130,1541,1553,1944,2331,2790,2390,2553,998,115,2
경상북도 고령군 고령읍(4783025000),10802,10802,846,1322,1120,1476,1815,1718,1178,983,306,36,2,5439,5439,459,690,618,765,1024,862,528,397,88,8,0,5363,5363,387,632,502,711,791,856,650,586,218,28,2
경상북도 고령군 덕곡면(4783031000),1525,1525,45,109,117,86,184,281,240,329,119,14,1,741,741,22,53,69,55,112,153,103,131,37,5,1,784,784,23,56,48,31,72,128,137,198,82,9,0
경상북도 고령군 운수면(4783032000),2109,2109,62,140,179,177,299,383,348,380,125,16,0,1047,1047,34,70,103,105,170,208,172,142,40,3,0,1062,1062,28,70,76,72,129,175,176,238,85,13,0
경상북도 고령군 성산면(4783033000),2946,2946,110,256,303,288,466,551,403,402,151,16,0,1533,1533,61,136,162,172,274,322,189,165,48,4,0,1413,1413,49,120,141,116,192,229,214,237,103,12,0
경상북도 고령군 다산면(4783034000),9725,9725,1069,948,1132,1619,1600,1506,954,664,218,15,0,5087,5087,560,527,645,861,895,804,462,264,66,3,0,4638,4638,509,421,487,758,705,702,492,400,152,12,0
경상북도 고령군 개진면(4783035000),2312,2312,74,144,220,196,347,441,393,356,126,15,0,1224,1224,46,79,138,125,227,245,191,128,40,5,0,1088,1088,28,65,82,71,120,196,202,228,86,10,0
경상북도 고령군 우곡면(4783036000),1986,1986,71,98,156,158,274,327,362,411,119,9,1,1027,1027,38,54,98,105,173,168,184,170,33,3,1,959,959,33,44,58,53,101,159,178,241,86,6,0
경상북도 고령군 쌍림면(4783037000),4042,4042,138,286,358,354,550,739,648,663,268,38,0,2002,2002,65,153,199,222,329,394,307,238,82,13,0,2040,2040,73,133,159,132,221,345,341,425,186,25,0
경상북도 성주군 (4784000000),44984,44984,2389,4259,4734,4511,6746,8197,6379,5501,2034,221,13,22939,22939,1271,2337,2672,2587,3804,4333,3061,2184,634,54,2,22045,22045,1118,1922,2062,1924,2942,3864,3318,3317,1400,167,11
경상북도 성주군 성주읍(4784025000),13118,13118,1084,1834,1398,1685,2219,2012,1429,1044,383,26,4,6589,6589,602,994,753,849,1166,1036,653,411,118,7,0,6529,6529,482,840,645,836,1053,976,776,633,265,19,4
경상북도 성주군 선남면(4784031000),6764,6764,309,560,778,678,1059,1365,998,701,275,40,1,3556,3556,161,309,450,417,593,736,517,282,81,9,1,3208,3208,148,251,328,261,466,629,481,419,194,31,0
경상북도 성주군 용암면(4784032000),3808,3808,161,246,382,329,582,751,566,574,195,21,1,1999,1999,81,131,239,204,359,416,270,223,66,10,0,1809,1809,80,115,143,125,223,335,296,351,129,11,1
경상북도 성주군 수륜면(4784033000),3266,3266,104,250,305,224,414,591,532,600,213,30,3,1569,1569,46,125,164,137,228,314,258,228,65,4,0,1697,1697,58,125,141,87,186,277,274,372,148,26,3
경상북도 성주군 가천면(4784034000),2048,2048,62,138,196,176,257,403,351,327,118,20,0,997,997,32,72,109,108,144,194,163,132,37,6,0,1051,1051,30,66,87,68,113,209,188,195,81,14,0
경상북도 성주군 금수면(4784035000),1205,1205,46,65,102,84,159,211,193,232,99,13,1,598,598,22,46,61,46,92,119,91,90,28,2,1,607,607,24,19,41,38,67,92,102,142,71,11,0
경상북도 성주군 대가면(4784036000),2578,2578,94,187,250,222,347,472,455,390,150,11,0,1309,1309,46,99,135,146,215,242,207,164,53,2,0,1269,1269,48,88,115,76,132,230,248,226,97,9,0
경상북도 성주군 벽진면(4784037000),3518,3518,127,247,376,294,478,762,550,474,188,21,1,1807,1807,68,151,203,182,281,399,273,191,54,5,0,1711,1711,59,96,173,112,197,363,277,283,134,16,1
경상북도 성주군 초전면(4784038000),5165,5165,259,476,559,518,758,946,750,660,217,22,0,2695,2695,147,267,329,309,451,497,361,261,66,7,0,2470,2470,112,209,230,209,307,449,389,399,151,15,0
경상북도 성주군 월항면(4784039000),3514,3514,143,256,388,301,473,684,555,499,196,17,2,1820,1820,66,143,229,189,275,380,268,202,66,2,0,1694,1694,77,113,159,112,198,304,287,297,130,15,2
경상북도 칠곡군 (4785000000),119208,119208,13662,14748,16691,22870,19434,13904,8508,6827,2269,270,25,61552,61552,7135,7759,8758,12490,10672,7341,3947,2658,731,49,12,57656,57656,6527,6989,7933,10380,8762,6563,4561,4169,1538,221,13
경상북도 칠곡군 왜관읍(4785025000),32712,32712,3025,4559,3792,4983,5966,4677,2716,2211,688,82,13,16392,16392,1568,2446,2110,2557,3033,2376,1186,865,230,14,7,16320,16320,1457,2113,1682,2426,2933,2301,1530,1346,458,68,6
경상북도 칠곡군 북삼읍(4785025300),25493,25493,3542,4192,2744,5480,4995,2335,1131,812,230,30,2,13140,13140,1840,2242,1410,2733,2751,1264,514,308,70,8,0,12353,12353,1702,1950,1334,2747,2244,1071,617,504,160,22,2
경상북도 칠곡군 석적읍(4785025600),29055,29055,5207,2725,6685,8416,3119,1383,749,559,189,18,5,15464,15464,2740,1300,3285,4916,1901,697,355,203,66,0,1,13591,13591,2467,1425,3400,3500,1218,686,394,356,123,18,4
경상북도 칠곡군 지천면(4785031000),5226,5226,233,362,481,539,744,988,824,763,259,32,1,2736,2736,117,197,269,344,453,547,392,319,93,5,0,2490,2490,116,165,212,195,291,441,432,444,166,27,1
경상북도 칠곡군 동명면(4785032000),6177,6177,261,395,723,705,916,1266,898,720,257,35,1,3162,3162,128,212,391,435,521,682,450,267,72,3,1,3015,3015,133,183,332,270,395,584,448,453,185,32,0
경상북도 칠곡군 가산면(4785033000),4017,4017,146,314,425,414,597,831,594,454,218,22,2,2135,2135,78,164,261,268,338,465,302,179,70,8,2,1882,1882,68,150,164,146,259,366,292,275,148,14,0
경상북도 칠곡군 약목면(4785036000),13256,13256,1033,1962,1468,1874,2636,1878,1202,899,271,32,1,6811,6811,540,1073,826,959,1412,1011,559,346,77,7,1,6445,6445,493,889,642,915,1224,867,643,553,194,25,0
경상북도 칠곡군 기산면(4785037000),3272,3272,215,239,373,459,461,546,394,409,157,19,0,1712,1712,124,125,206,278,263,299,189,171,53,4,0,1560,1560,91,114,167,181,198,247,205,238,104,15,0
경상북도 예천군 (4790000000),46784,46784,2612,3926,4580,4272,5735,8197,7103,7512,2443,375,29,23071,23071,1411,2096,2585,2481,3053,4058,3374,3147,775,83,8,23713,23713,1201,1830,1995,1791,2682,4139,3729,4365,1668,292,21
경상북도 예천군 예천읍(4790025000),17527,17527,1393,2121,2006,2101,2581,3068,2000,1626,538,82,11,8747,8747,774,1160,1096,1100,1274,1476,974,702,173,13,5,8780,8780,619,961,910,1001,1307,1592,1026,924,365,69,6
경상북도 예천군 용문면(4790031000),2718,2718,120,143,222,184,285,466,508,598,167,23,2,1339,1339,70,75,123,114,169,241,239,251,52,5,0,1379,1379,50,68,99,70,116,225,269,347,115,18,2
경상북도 예천군 상리면(4790032000),1266,1266,44,75,120,76,149,290,203,211,83,15,0,615,615,24,31,64,50,74,154,105,73,34,6,0,651,651,20,44,56,26,75,136,98,138,49,9,0
경상북도 예천군 하리면(4790033000),1537,1537,75,105,124,121,152,257,283,293,106,18,3,760,760,36,59,70,71,90,124,134,136,37,2,1,777,777,39,46,54,50,62,133,149,157,69,16,2
경상북도 예천군 감천면(4790034000),3077,3077,94,207,234,183,335,599,541,648,209,23,4,1546,1546,48,106,150,125,193,315,250,279,71,8,1,1531,1531,46,101,84,58,142,284,291,369,138,15,3
경상북도 예천군 보문면(4790035000),1931,1931,62,89,148,118,202,341,381,430,140,20,0,937,937,29,45,88,77,119,175,177,181,42,4,0,994,994,33,44,60,41,83,166,204,249,98,16,0
경상북도 예천군 호명면(4790036000),2930,2930,111,177,246,190,365,489,531,589,196,32,4,1429,1429,55,92,128,130,203,251,255,242,65,8,0,1501,1501,56,85,118,60,162,238,276,347,131,24,4
경상북도 예천군 유천면(4790037000),3236,3236,285,184,316,428,292,453,457,558,224,39,0,1550,1550,147,96,166,258,168,221,209,208,71,6,0,1686,1686,138,88,150,170,124,232,248,350,153,33,0
경상북도 예천군 용궁면(4790038000),3114,3114,101,202,304,230,351,545,566,575,205,33,2,1531,1531,54,100,181,150,191,268,269,240,66,12,0,1583,1583,47,102,123,80,160,277,297,335,139,21,2
경상북도 예천군 개포면(4790039000),1940,1940,64,92,174,133,186,358,353,443,117,19,1,958,958,35,55,100,86,116,177,152,198,35,4,0,982,982,29,37,74,47,70,181,201,245,82,15,1
경상북도 예천군 지보면(4790040000),3441,3441,114,200,305,241,361,602,629,732,221,35,1,1704,1704,61,106,190,155,206,299,302,306,69,9,1,1737,1737,53,94,115,86,155,303,327,426,152,26,0
경상북도 예천군 풍양면(4790041000),4067,4067,149,331,381,267,476,729,651,809,237,36,1,1955,1955,78,171,229,165,250,357,308,331,60,6,0,2112,2112,71,160,152,102,226,372,343,478,177,30,1
경상북도 봉화군 (4792000000),34356,34356,2069,2847,3081,3222,4684,6133,5187,5122,1767,225,19,17195,17195,1083,1495,1782,1845,2567,3142,2412,2190,615,62,2,17161,17161,986,1352,1299,1377,2117,2991,2775,2932,1152,163,17
경상북도 봉화군 봉화읍(4792025000),10662,10662,896,1185,1077,1264,1608,1745,1252,1156,423,51,5,5288,5288,464,601,599,662,848,903,576,506,120,9,0,5374,5374,432,584,478,602,760,842,676,650,303,42,5
경상북도 봉화군 물야면(4792031000),3413,3413,161,219,298,232,394,669,598,606,213,20,3,1703,1703,94,111,171,137,212,351,266,269,86,6,0,1710,1710,67,108,127,95,182,318,332,337,127,14,3
경상북도 봉화군 봉성면(4792032000),2450,2450,118,184,230,189,301,454,383,427,143,20,1,1197,1197,63,94,134,115,165,224,180,161,55,6,0,1253,1253,55,90,96,74,136,230,203,266,88,14,1
경상북도 봉화군 법전면(4792033000),2291,2291,100,143,210,148,267,413,381,445,161,23,0,1132,1132,52,86,120,89,151,208,165,202,56,3,0,1159,1159,48,57,90,59,116,205,216,243,105,20,0
경상북도 봉화군 춘양면(4792034000),4972,4972,275,393,413,441,702,909,753,759,288,36,3,2496,2496,142,203,246,262,384,452,346,334,111,14,2,2476,2476,133,190,167,179,318,457,407,425,177,22,1
경상북도 봉화군 소천면(4792035000),2470,2470,107,170,191,176,347,483,418,425,123,27,3,1215,1215,60,90,112,103,187,259,196,161,39,8,0,1255,1255,47,80,79,73,160,224,222,264,84,19,3
경상북도 봉화군 재산면(4792036000),1711,1711,68,114,133,115,255,335,297,297,85,11,1,864,864,38,58,81,68,142,172,147,124,31,3,0,847,847,30,56,52,47,113,163,150,173,54,8,1
경상북도 봉화군 명호면(4792037000),2344,2344,96,144,183,189,313,410,447,413,125,23,1,1203,1203,38,91,113,121,185,202,219,183,43,8,0,1141,1141,58,53,70,68,128,208,228,230,82,15,1
경상북도 봉화군 상운면(4792038000),1980,1980,61,121,163,157,208,352,386,382,138,10,2,1018,1018,35,68,91,103,118,186,190,173,51,3,0,962,962,26,53,72,54,90,166,196,209,87,7,2
경상북도 봉화군 석포면(4792039000),2063,2063,187,174,183,311,289,363,272,212,68,4,0,1079,1079,97,93,115,185,175,185,127,77,23,2,0,984,984,90,81,68,126,114,178,145,135,45,2,0
경상북도 울진군 (4793000000),52211,52211,4038,5670,4834,6250,7853,8383,6328,6179,2395,271,10,25611,25611,2081,3041,2696,3366,4227,4181,2964,2367,633,54,1,26600,26600,1957,2629,2138,2884,3626,4202,3364,3812,1762,217,9
경상북도 울진군 울진읍(4793025000),13940,13940,1486,2030,1441,2059,2330,1873,1213,1038,415,54,1,6909,6909,765,1090,805,1018,1197,929,579,407,105,14,0,7031,7031,721,940,636,1041,1133,944,634,631,310,40,1
경상북도 울진군 평해읍(4793025300),3446,3446,180,320,282,269,428,562,543,576,260,26,0,1646,1646,106,174,156,157,243,260,240,231,74,5,0,1800,1800,74,146,126,112,185,302,303,345,186,21,0
경상북도 울진군 북면(4793031000),6518,6518,833,725,650,1221,1018,860,525,482,180,24,0,3349,3349,427,391,356,676,567,460,259,171,37,5,0,3169,3169,406,334,294,545,451,400,266,311,143,19,0
경상북도 울진군 북면하당출장소(4793031500),717,717,15,49,48,52,85,111,134,151,59,12,1,354,354,9,23,32,36,56,61,60,61,13,3,0,363,363,6,26,16,16,29,50,74,90,46,9,1
경상북도 울진군 서면(4793032000),1577,1577,60,72,111,130,300,281,267,262,84,10,0,742,742,30,37,59,69,148,150,122,98,28,1,0,835,835,30,35,52,61,152,131,145,164,56,9,0
경상북도 울진군 근남면(4793033000),3012,3012,129,262,254,280,387,480,421,553,218,27,1,1439,1439,64,141,139,168,230,243,181,220,46,7,0,1573,1573,65,121,115,112,157,237,240,333,172,20,1
경상북도 울진군 원남면(4793034000),2534,2534,118,130,166,189,285,411,408,541,255,28,3,1183,1183,58,68,104,119,179,206,186,191,69,3,0,1351,1351,60,62,62,70,106,205,222,350,186,25,3
경상북도 울진군 기성면(4793035000),2940,2940,115,195,200,191,343,537,467,615,248,28,1,1334,1334,52,112,104,112,186,259,209,233,62,5,0,1606,1606,63,83,96,79,157,278,258,382,186,23,1
경상북도 울진군 온정면(4793036000),2115,2115,69,177,159,147,233,352,348,426,187,17,0,1009,1009,31,98,95,87,133,163,162,173,64,3,0,1106,1106,38,79,64,60,100,189,186,253,123,14,0
경상북도 울진군 죽변면(4793037000),6995,6995,519,759,703,876,1123,1202,852,734,202,23,2,3497,3497,263,410,388,482,608,624,406,260,52,3,1,3498,3498,256,349,315,394,515,578,446,474,150,20,1
경상북도 울진군 후포면(4793038000),8417,8417,514,951,820,836,1321,1714,1150,801,287,22,1,4149,4149,276,497,458,442,680,826,560,322,83,5,0,4268,4268,238,454,362,394,641,888,590,479,204,17,1
경상북도 울릉군 (4794000000),10914,10914,623,941,1290,1387,1829,2105,1453,916,326,40,4,5711,5711,330,497,699,749,1081,1108,721,399,117,8,2,5203,5203,293,444,591,638,748,997,732,517,209,32,2
경상북도 울릉군 울릉읍(4794025000),7753,7753,464,694,948,1025,1324,1541,990,553,182,28,4,4050,4050,235,362,507,544,779,803,501,250,62,5,2,3703,3703,229,332,441,481,545,738,489,303,120,23,2
경상북도 울릉군 서면(4794031000),1088,1088,55,104,118,116,185,196,155,122,33,4,0,552,552,33,57,64,62,99,111,65,44,17,0,0,536,536,22,47,54,54,86,85,90,78,16,4,0
경상북도 울릉군 서면태하출장소(4794031500),590,590,23,32,64,53,104,115,100,63,34,2,0,319,319,13,20,30,35,69,60,52,28,11,1,0,271,271,10,12,34,18,35,55,48,35,23,1,0
경상북도 울릉군 북면(4794032000),1483,1483,81,111,160,193,216,253,208,178,77,6,0,790,790,49,58,98,108,134,134,103,77,27,2,0,693,693,32,53,62,85,82,119,105,101,50,4,0
경상남도  (4800000000),3298607,3298607,321463,452368,403853,520903,572369,483660,271903,197843,67018,6792,435,1659799,1659799,167724,241864,217308,268728,295280,245654,128119,75360,18288,1414,60,1638808,1638808,153739,210504,186545,252175,277089,238006,143784,122483,48730,5378,375
경상남도 창원시 (4812000000),1090533,1090533,105340,158000,149690,179221,198154,165246,76375,43299,13766,1351,91,554068,554068,55054,84774,80523,92263,99095,83959,37447,17081,3599,258,15,536465,536465,50286,73226,69167,86958,99059,81287,38928,26218,10167,1093,76
경상남도 창원시 의창구 (4812100000),250702,250702,22061,39309,35578,39411,48675,37656,15634,9108,2949,304,17,127915,127915,11550,21213,19109,20296,24120,19466,7888,3456,757,58,2,122787,122787,10511,18096,16469,19115,24555,18190,7746,5652,2192,246,15
경상남도 창원시 의창구 동읍(4812125000),23632,23632,2465,3438,2640,3674,4322,3374,1873,1389,416,39,2,11971,11971,1297,1825,1422,1865,2289,1771,893,499,102,8,0,11661,11661,1168,1613,1218,1809,2033,1603,980,890,314,31,2
경상남도 창원시 의창구 북면(4812131000),11506,11506,716,1211,1349,1321,1745,2184,1361,1118,434,65,2,5884,5884,379,626,758,735,955,1179,693,433,119,7,0,5622,5622,337,585,591,586,790,1005,668,685,315,58,2
경상남도 창원시 의창구 대산면(4812132000),7892,7892,369,816,1024,744,1162,1539,1063,849,302,24,0,3989,3989,209,456,558,441,631,809,502,302,73,8,0,3903,3903,160,360,466,303,531,730,561,547,229,16,0
경상남도 창원시 의창구 의창동(4812151000),37453,37453,3013,5586,5452,5495,7026,6322,2736,1396,387,33,7,18945,18945,1558,2978,2918,2848,3429,3144,1409,551,106,3,1,18508,18508,1455,2608,2534,2647,3597,3178,1327,845,281,30,6
경상남도 창원시 의창구 팔룡동(4812152000),46010,46010,5116,7934,6288,8100,9544,5882,1822,951,344,28,1,23729,23729,2742,4279,3352,4030,4723,3213,939,353,90,8,0,22281,22281,2374,3655,2936,4070,4821,2669,883,598,254,20,1
경상남도 창원시 의창구 명곡동(4812153000),53271,53271,4719,9302,7633,8376,10912,7655,2845,1376,407,45,1,27067,27067,2413,5003,4030,4245,5373,3910,1434,550,99,10,0,26204,26204,2306,4299,3603,4131,5539,3745,1411,826,308,35,1
경상남도 창원시 의창구 봉림동(4812154000),33997,33997,2493,4779,5542,5720,6498,5410,2082,1075,355,40,3,17777,17777,1272,2629,3028,3188,3279,2762,1071,438,103,7,0,16220,16220,1221,2150,2514,2532,3219,2648,1011,637,252,33,3
경상남도 창원시 의창구 용지동(4812155000),36941,36941,3170,6243,5650,5981,7466,5290,1852,954,304,30,1,18553,18553,1680,3417,3043,2944,3441,2678,947,330,65,7,1,18388,18388,1490,2826,2607,3037,4025,2612,905,624,239,23,0
경상남도 창원시 성산구 (4812300000),250103,250103,25616,43953,36999,41087,52740,33440,9226,5014,1848,165,15,127927,127927,13484,23746,19731,20271,25452,18352,4737,1691,430,32,1,122176,122176,12132,20207,17268,20816,27288,15088,4489,3323,1418,133,14
경상남도 창원시 성산구 반송동(4812351000),50421,50421,5004,9492,6869,7362,11082,7120,2006,1039,401,40,6,25720,25720,2641,5205,3655,3506,5367,3847,1053,347,91,7,1,24701,24701,2363,4287,3214,3856,5715,3273,953,692,310,33,5
경상남도 창원시 성산구 중앙동(4812352000),23596,23596,1751,2917,4344,4768,4428,3483,1171,522,193,15,4,12423,12423,909,1584,2305,2705,2211,1824,614,215,51,5,0,11173,11173,842,1333,2039,2063,2217,1659,557,307,142,10,4
경상남도 창원시 성산구 상남동(4812353000),34217,34217,3382,6988,4631,4939,8010,4422,959,633,232,21,0,17233,17233,1796,3740,2467,2227,3713,2524,495,211,57,3,0,16984,16984,1586,3248,2164,2712,4297,1898,464,422,175,18,0
경상남도 창원시 성산구 사파동(4812354000),57485,57485,6478,9575,8773,10281,11458,7377,2022,1089,394,35,3,29005,29005,3402,5175,4564,4977,5413,4072,982,326,90,4,0,28480,28480,3076,4400,4209,5304,6045,3305,1040,763,304,31,3
경상남도 창원시 성산구 가음정동(4812355000),45793,45793,4697,8151,7074,7499,9603,6006,1561,865,306,29,2,23378,23378,2488,4391,3697,3775,4603,3282,792,285,58,7,0,22415,22415,2209,3760,3377,3724,5000,2724,769,580,248,22,2
경상남도 창원시 성산구 성주동(4812356000),28263,28263,3226,5585,3668,4374,6464,3469,819,474,171,13,0,14685,14685,1692,2996,2057,2057,3244,2006,440,151,39,3,0,13578,13578,1534,2589,1611,2317,3220,1463,379,323,132,10,0
경상남도 창원시 성산구 웅남동(4812357000),10328,10328,1078,1245,1640,1864,1695,1563,688,392,151,12,0,5483,5483,556,655,986,1024,901,797,361,156,44,3,0,4845,4845,522,590,654,840,794,766,327,236,107,9,0
경상남도 창원시 마산합포구 (4812500000),186757,186757,13877,22373,25016,27398,29841,33145,19288,11557,3845,384,33,93241,93241,7125,11826,13583,14691,15000,16089,9178,4638,1034,68,9,93516,93516,6752,10547,11433,12707,14841,17056,10110,6919,2811,316,24
경상남도 창원시 마산합포구 구산면(4812531000),5369,5369,188,398,677,538,725,1174,816,580,248,24,1,2742,2742,95,214,372,365,400,601,408,224,60,3,0,2627,2627,93,184,305,173,325,573,408,356,188,21,1
경상남도 창원시 마산합포구 진동면(4812532000),10211,10211,869,1127,1259,1551,1570,1761,1044,737,267,24,2,5180,5180,435,583,703,838,847,887,524,296,63,3,1,5031,5031,434,544,556,713,723,874,520,441,204,21,1
경상남도 창원시 마산합포구 진북면(4812533000),4358,4358,232,399,424,442,723,841,593,490,198,14,2,2269,2269,118,216,247,250,417,457,304,191,66,3,0,2089,2089,114,183,177,192,306,384,289,299,132,11,2
경상남도 창원시 마산합포구 진전면(4812534000),4524,4524,169,343,385,404,579,803,722,766,320,33,0,2244,2244,83,195,231,236,361,437,324,291,82,4,0,2280,2280,86,148,154,168,218,366,398,475,238,29,0
경상남도 창원시 마산합포구 현동(4812551000),2206,2206,113,174,247,274,334,405,319,249,85,6,0,1160,1160,56,86,149,168,191,213,160,110,26,1,0,1046,1046,57,88,98,106,143,192,159,139,59,5,0
경상남도 창원시 마산합포구 가포동(4812552000),1683,1683,98,157,219,235,252,332,219,115,53,3,0,852,852,45,75,116,137,141,166,110,45,17,0,0,831,831,53,82,103,98,111,166,109,70,36,3,0
경상남도 창원시 마산합포구 월영동(4812553000),34048,34048,3299,5139,4782,5401,6018,5278,2504,1188,400,37,2,17027,17027,1689,2808,2590,2665,2899,2580,1232,463,95,6,0,17021,17021,1610,2331,2192,2736,3119,2698,1272,725,305,31,2
경상남도 창원시 마산합포구 문화동(4812554000),13619,13619,788,1533,2080,1842,2108,2536,1489,922,293,25,3,6787,6787,412,785,1118,1009,1045,1251,717,369,72,8,1,6832,6832,376,748,962,833,1063,1285,772,553,221,17,2
경상남도 창원시 마산합포구 반월동(4812555000),9539,9539,960,1167,1161,1639,1495,1509,896,505,184,23,0,4720,4720,490,620,626,856,754,716,406,198,50,4,0,4819,4819,470,547,535,783,741,793,490,307,134,19,0
경상남도 창원시 마산합포구 중앙동(4812556000),8955,8955,750,1140,1211,1369,1401,1507,886,517,162,11,1,4323,4323,376,577,644,691,668,707,395,210,53,2,0,4632,4632,374,563,567,678,733,800,491,307,109,9,1
경상남도 창원시 마산합포구 완월동(4812557000),12175,12175,705,1770,1686,1448,2096,2319,1157,739,234,20,1,6024,6024,350,890,929,812,979,1158,555,293,56,2,0,6151,6151,355,880,757,636,1117,1161,602,446,178,18,1
경상남도 창원시 마산합포구 자산동(4812558000),14494,14494,1089,1939,1997,2021,2362,2633,1424,777,229,22,1,7209,7209,612,1014,1077,1076,1136,1215,696,319,61,3,0,7285,7285,477,925,920,945,1226,1418,728,458,168,19,1
경상남도 창원시 마산합포구 동서동(4812559000),11430,11430,876,1213,1516,1883,1708,2003,1255,717,233,25,1,5684,5684,465,643,811,978,854,956,582,315,72,7,1,5746,5746,411,570,705,905,854,1047,673,402,161,18,0
경상남도 창원시 마산합포구 성호동(4812560000),4980,4980,282,484,597,739,767,949,648,388,110,12,4,2484,2484,149,246,350,411,399,445,302,142,34,4,2,2496,2496,133,238,247,328,368,504,346,246,76,8,2
경상남도 창원시 마산합포구 교방동(4812561000),12015,12015,1114,1428,1651,1924,1793,2141,1140,568,216,34,6,5967,5967,575,729,877,1032,890,1036,549,217,54,7,1,6048,6048,539,699,774,892,903,1105,591,351,162,27,5
경상남도 창원시 마산합포구 노산동(4812562000),8030,8030,577,845,996,1228,1233,1484,983,523,134,21,6,4024,4024,290,461,534,703,646,688,452,213,30,5,2,4006,4006,287,384,462,525,587,796,531,310,104,16,4
경상남도 창원시 마산합포구 오동동(4812563000),5287,5287,268,415,760,858,815,1033,627,384,118,9,0,2645,2645,140,235,395,477,433,468,303,156,36,2,0,2642,2642,128,180,365,381,382,565,324,228,82,7,0
경상남도 창원시 마산합포구 합포동(4812564000),8369,8369,480,846,1070,1221,1321,1631,978,633,165,22,2,4213,4213,254,469,598,701,687,784,420,250,48,1,1,4156,4156,226,377,472,520,634,847,558,383,117,21,1
경상남도 창원시 마산합포구 산호동(4812565000),15465,15465,1020,1856,2298,2381,2541,2806,1588,759,196,19,1,7687,7687,491,980,1216,1286,1253,1324,739,336,59,3,0,7778,7778,529,876,1082,1095,1288,1482,849,423,137,16,1
경상남도 창원시 마산회원구 (4812700000),223956,223956,20324,30593,30405,35513,39248,36931,18851,9264,2558,257,12,113699,113699,10675,16538,16355,18291,19815,18170,9277,3875,656,46,1,110257,110257,9649,14055,14050,17222,19433,18761,9574,5389,1902,211,11
경상남도 창원시 마산회원구 내서읍(4812725000),73296,73296,9089,12708,8302,12581,14611,9003,4037,2278,619,68,0,36926,36926,4717,6800,4362,5913,7459,4726,1928,870,143,8,0,36370,36370,4372,5908,3940,6668,7152,4277,2109,1408,476,60,0
경상남도 창원시 마산회원구 회원1동(4812751000),13224,13224,730,1414,1833,1907,2015,2575,1635,867,224,20,4,6686,6686,397,777,990,1065,1029,1195,781,380,68,4,0,6538,6538,333,637,843,842,986,1380,854,487,156,16,4
경상남도 창원시 마산회원구 회원2동(4812752000),14873,14873,857,1779,2084,1912,2352,2914,1722,925,301,25,2,7457,7457,460,953,1142,1054,1172,1402,834,358,80,2,0,7416,7416,397,826,942,858,1180,1512,888,567,221,23,2
경상남도 창원시 마산회원구 석전1동(4812753000),8741,8741,535,940,1378,1279,1345,1748,938,466,102,10,0,4477,4477,278,496,747,728,675,860,478,185,29,1,0,4264,4264,257,444,631,551,670,888,460,281,73,9,0
경상남도 창원시 마산회원구 석전2동(4812754000),9940,9940,659,1150,1438,1531,1607,1825,1155,458,107,9,1,5031,5031,368,604,743,845,814,852,542,228,33,1,1,4909,4909,291,546,695,686,793,973,613,230,74,8,0
경상남도 창원시 마산회원구 회성동(4812755000),8586,8586,439,860,1244,1106,1327,1777,1049,581,176,27,0,4482,4482,245,491,689,634,705,900,498,256,53,11,0,4104,4104,194,369,555,472,622,877,551,325,123,16,0
경상남도 창원시 마산회원구 양덕1동(4812756000),13939,13939,1065,1586,2174,2232,2192,2593,1359,567,156,13,2,7017,7017,553,887,1178,1166,1079,1180,690,240,42,2,0,6922,6922,512,699,996,1066,1113,1413,669,327,114,11,2
경상남도 창원시 마산회원구 양덕2동(4812757000),30459,30459,3341,4157,4134,5113,5332,5017,2089,956,293,26,1,15413,15413,1757,2294,2191,2528,2603,2494,1057,416,66,7,0,15046,15046,1584,1863,1943,2585,2729,2523,1032,540,227,19,1
경상남도 창원시 마산회원구 합성1동(4812758000),10788,10788,665,1208,1623,1549,1783,2065,1193,547,134,21,0,5550,5550,352,636,904,883,905,991,614,230,31,4,0,5238,5238,313,572,719,666,878,1074,579,317,103,17,0
경상남도 창원시 마산회원구 합성2동(4812759000),10931,10931,622,1192,1761,1680,1757,2177,1155,457,116,13,1,5553,5553,329,649,954,920,859,1020,586,209,25,2,0,5378,5378,293,543,807,760,898,1157,569,248,91,11,1
경상남도 창원시 마산회원구 구암1동(4812760000),12508,12508,850,1644,1936,1664,2243,2406,1094,519,141,10,1,6403,6403,443,889,1057,885,1163,1154,550,223,36,3,0,6105,6105,407,755,879,779,1080,1252,544,296,105,7,1
경상남도 창원시 마산회원구 구암2동(4812761000),11965,11965,1041,1510,1825,1994,1908,2095,1008,441,136,7,0,6127,6127,546,797,1019,1086,921,1018,509,196,35,0,0,5838,5838,495,713,806,908,987,1077,499,245,101,7,0
경상남도 창원시 마산회원구 봉암동(4812762000),4706,4706,431,445,673,965,776,736,417,202,53,8,0,2577,2577,230,265,379,584,431,378,210,84,15,1,0,2129,2129,201,180,294,381,345,358,207,118,38,7,0
경상남도 창원시 진해구 (4812900000),179015,179015,23462,21772,21692,35812,27650,24074,13376,8356,2566,241,14,91286,91286,12220,11451,11745,18714,14708,11882,6367,3421,722,54,2,87729,87729,11242,10321,9947,17098,12942,12192,7009,4935,1844,187,12
경상남도 창원시 진해구 중앙동(4812951000),8601,8601,1617,1236,936,2139,1182,699,406,276,98,12,0,4319,4319,818,626,506,1056,662,347,160,111,31,2,0,4282,4282,799,610,430,1083,520,352,246,165,67,10,0
경상남도 창원시 진해구 태평동(4812952000),7082,7082,701,695,1081,1281,935,1063,732,429,147,17,1,3708,3708,363,388,633,731,505,526,340,183,35,4,0,3374,3374,338,307,448,550,430,537,392,246,112,13,1
경상남도 창원시 진해구 충무동(4812953000),4872,4872,419,394,618,823,594,782,652,453,128,9,0,2487,2487,239,203,359,470,324,368,295,184,40,5,0,2385,2385,180,191,259,353,270,414,357,269,88,4,0
경상남도 창원시 진해구 여좌동(4812954000),12623,12623,1130,1318,1596,2093,1689,1894,1543,1064,277,19,0,6339,6339,605,701,878,1142,879,866,687,477,100,4,0,6284,6284,525,617,718,951,810,1028,856,587,177,15,0
경상남도 창원시 진해구 태백동(4812955000),7427,7427,476,773,912,1038,1085,1381,935,645,169,12,1,3812,3812,255,403,529,607,582,704,413,266,49,3,1,3615,3615,221,370,383,431,503,677,522,379,120,9,0
경상남도 창원시 진해구 경화동(4812956000),11661,11661,1336,1300,1412,2119,1736,1833,1061,658,181,21,4,5939,5939,681,724,779,1114,901,892,516,281,47,4,0,5722,5722,655,576,633,1005,835,941,545,377,134,17,4
경상남도 창원시 진해구 병암동(4812957000),8727,8727,933,1064,1090,1538,1339,1358,754,488,146,16,1,4357,4357,506,542,566,805,657,665,379,192,41,4,0,4370,4370,427,522,524,733,682,693,375,296,105,12,1
경상남도 창원시 진해구 석동(4812958000),18981,18981,2877,2636,2361,3994,3295,2338,879,441,139,21,0,9643,9643,1493,1390,1271,1941,1711,1193,431,176,34,3,0,9338,9338,1384,1246,1090,2053,1584,1145,448,265,105,18,0
경상남도 창원시 진해구 이동(4812959000),11373,11373,914,1220,1713,1988,1731,2007,1048,554,177,19,2,5878,5878,475,666,954,1124,876,957,526,242,51,7,0,5495,5495,439,554,759,864,855,1050,522,312,126,12,2
경상남도 창원시 진해구 자은동(4812960000),12404,12404,1447,1908,1526,2166,2209,1693,774,499,163,19,0,6222,6222,761,987,836,1090,1108,844,386,165,44,1,0,6182,6182,686,921,690,1076,1101,849,388,334,119,18,0
경상남도 창원시 진해구 덕산동(4812961000),11496,11496,1551,1637,1347,2107,1907,1508,788,481,160,10,0,5711,5711,820,832,699,1043,1017,715,361,177,43,4,0,5785,5785,731,805,648,1064,890,793,427,304,117,6,0
경상남도 창원시 진해구 풍호동(4812962000),18313,18313,2453,2336,2334,3414,2879,2849,1112,676,237,21,2,9162,9162,1233,1249,1197,1682,1430,1464,552,281,68,5,1,9151,9151,1220,1087,1137,1732,1449,1385,560,395,169,16,1
경상남도 창원시 진해구 웅천동(4812963000),4905,4905,251,444,621,581,751,941,632,513,156,14,1,2587,2587,145,255,349,377,423,481,295,216,42,4,0,2318,2318,106,189,272,204,328,460,337,297,114,10,1
경상남도 창원시 진해구 웅동1동(4812964000),8977,8977,1426,980,1011,1993,1294,1025,587,464,178,18,1,4631,4631,694,528,565,1050,741,528,298,177,47,3,0,4346,4346,732,452,446,943,553,497,289,287,131,15,1
경상남도 창원시 진해구 웅동2동(4812965000),31573,31573,5931,3831,3134,8538,5024,2703,1473,715,210,13,1,16491,16491,3132,1957,1624,4482,2892,1332,728,293,50,1,0,15082,15082,2799,1874,1510,4056,2132,1371,745,422,160,12,1
경상남도 진주시 (4817000000),335012,335012,30758,48931,43470,49066,57196,50029,28734,19509,6559,720,40,166078,166078,16368,26470,23142,24599,28289,24551,13429,7357,1711,155,7,168934,168934,14390,22461,20328,24467,28907,25478,15305,12152,4848,565,33
경상남도 진주시 문산읍(4817025000),8648,8648,728,943,1033,1196,1306,1418,957,739,292,35,1,4310,4310,385,498,564,630,693,772,446,255,63,4,0,4338,4338,343,445,469,566,613,646,511,484,229,31,1
경상남도 진주시 내동면(4817031000),4115,4115,473,545,423,651,663,552,378,317,100,12,1,2033,2033,236,271,222,321,361,284,188,115,33,2,0,2082,2082,237,274,201,330,302,268,190,202,67,10,1
경상남도 진주시 정촌면(4817032000),3196,3196,184,279,367,350,433,591,448,375,154,12,3,1615,1615,86,145,200,208,243,326,227,142,35,3,0,1581,1581,98,134,167,142,190,265,221,233,119,9,3
경상남도 진주시 금곡면(4817033000),2693,2693,134,209,287,231,340,457,414,444,159,18,0,1294,1294,73,117,157,150,194,228,174,162,36,3,0,1399,1399,61,92,130,81,146,229,240,282,123,15,0
경상남도 진주시 진성면(4817035000),2392,2392,89,206,259,232,314,423,317,402,133,17,0,1181,1181,45,108,147,141,186,215,150,144,45,0,0,1211,1211,44,98,112,91,128,208,167,258,88,17,0
경상남도 진주시 일반성면(4817036000),3271,3271,227,325,391,357,483,507,412,408,141,20,0,1575,1575,122,166,209,207,252,259,187,125,39,9,0,1696,1696,105,159,182,150,231,248,225,283,102,11,0
경상남도 진주시 이반성면(4817037000),1919,1919,69,138,140,129,238,335,319,385,158,8,0,935,935,44,72,80,80,145,185,135,141,49,4,0,984,984,25,66,60,49,93,150,184,244,109,4,0
경상남도 진주시 사봉면(4817038000),1842,1842,51,111,168,160,205,350,318,338,133,8,0,913,913,30,58,103,109,130,177,151,115,39,1,0,929,929,21,53,65,51,75,173,167,223,94,7,0
경상남도 진주시 지수면(4817039000),1856,1856,102,142,167,179,221,292,280,314,140,19,0,918,918,50,84,102,115,129,149,139,109,35,6,0,938,938,52,58,65,64,92,143,141,205,105,13,0
경상남도 진주시 대곡면(4817040000),4214,4214,163,413,432,367,563,689,620,698,242,26,1,2087,2087,89,234,249,218,317,338,301,260,76,4,1,2127,2127,74,179,183,149,246,351,319,438,166,22,0
경상남도 진주시 금산면(4817041000),22899,22899,3720,3176,2442,4749,3729,2486,1345,953,271,27,1,11571,11571,2007,1746,1289,2297,1918,1264,619,360,68,3,0,11328,11328,1713,1430,1153,2452,1811,1222,726,593,203,24,1
경상남도 진주시 집현면(4817042000),5731,5731,625,640,610,852,874,816,610,526,167,10,1,2885,2885,331,332,319,449,495,441,271,196,49,2,0,2846,2846,294,308,291,403,379,375,339,330,118,8,1
경상남도 진주시 미천면(4817043000),1984,1984,78,129,197,135,243,335,326,393,133,15,0,974,974,49,76,107,90,157,173,146,139,34,3,0,1010,1010,29,53,90,45,86,162,180,254,99,12,0
경상남도 진주시 명석면(4817044000),4867,4867,291,474,515,551,714,930,639,547,187,19,0,2496,2496,152,262,311,300,409,481,300,217,59,5,0,2371,2371,139,212,204,251,305,449,339,330,128,14,0
경상남도 진주시 대평면(4817045000),1271,1271,71,121,149,116,182,223,176,172,58,3,0,621,621,36,70,75,67,103,121,76,53,20,0,0,650,650,35,51,74,49,79,102,100,119,38,3,0
경상남도 진주시 수곡면(4817046000),2546,2546,100,211,192,220,352,468,380,461,146,15,1,1262,1262,46,105,107,142,213,243,164,178,62,1,1,1284,1284,54,106,85,78,139,225,216,283,84,14,0
경상남도 진주시 망경동(4817051000),18143,18143,1810,2778,2120,2717,3083,2622,1673,1001,295,44,0,9049,9049,957,1535,1133,1311,1571,1259,787,397,89,10,0,9094,9094,853,1243,987,1406,1512,1363,886,604,206,34,0
경상남도 진주시 강남동(4817052000),6124,6124,438,714,784,883,919,991,745,479,144,24,3,3033,3033,247,403,411,473,444,473,341,192,41,7,1,3091,3091,191,311,373,410,475,518,404,287,103,17,2
경상남도 진주시 칠암동(4817053000),10919,10919,931,1656,1629,1690,1761,1481,996,558,198,15,4,5368,5368,510,949,830,843,832,661,449,233,57,3,1,5551,5551,421,707,799,847,929,820,547,325,141,12,3
경상남도 진주시 성지동(4817054500),6502,6502,428,703,1016,998,944,1134,693,408,154,22,2,3136,3136,213,345,556,522,441,529,312,168,45,5,0,3366,3366,215,358,460,476,503,605,381,240,109,17,2
경상남도 진주시 중앙동(4817056500),4649,4649,248,467,565,632,741,926,624,355,81,8,2,2178,2178,134,256,292,315,358,391,261,147,20,4,0,2471,2471,114,211,273,317,383,535,363,208,61,4,2
경상남도 진주시 봉안동(4817057500),6931,6931,477,721,1056,1118,1044,1229,716,397,159,11,3,3357,3357,256,396,521,590,492,559,336,163,41,2,1,3574,3574,221,325,535,528,552,670,380,234,118,9,2
경상남도 진주시 상봉동동(4817059000),7525,7525,496,962,1054,1006,1243,1297,795,499,153,20,0,3735,3735,267,503,582,530,635,614,370,193,36,5,0,3790,3790,229,459,472,476,608,683,425,306,117,15,0
경상남도 진주시 상봉서동(4817060000),10928,10928,857,1472,1671,1519,1733,1771,1082,620,183,19,1,5268,5268,448,766,855,762,812,801,518,262,40,4,0,5660,5660,409,706,816,757,921,970,564,358,143,15,1
경상남도 진주시 봉수동(4817061500),4781,4781,308,554,617,666,682,844,604,395,99,11,1,2371,2371,163,320,349,378,337,383,261,159,18,2,1,2410,2410,145,234,268,288,345,461,343,236,81,9,0
경상남도 진주시 옥봉동(4817064500),6966,6966,380,750,864,904,1042,1268,982,578,166,26,6,3467,3467,212,403,472,523,544,616,441,205,43,8,0,3499,3499,168,347,392,381,498,652,541,373,123,18,6
경상남도 진주시 상대1동(4817066000),14890,14890,1212,2026,2229,2386,2468,2327,1331,689,203,19,0,7434,7434,643,1075,1182,1252,1190,1091,652,300,46,3,0,7456,7456,569,951,1047,1134,1278,1236,679,389,157,16,0
경상남도 진주시 상대2동(4817067000),13015,13015,1094,1897,1989,1926,2332,2024,1057,517,165,14,0,6456,6456,590,986,1072,982,1119,940,522,205,36,4,0,6559,6559,504,911,917,944,1213,1084,535,312,129,10,0
경상남도 진주시 하대1동(4817067600),16196,16196,1523,2834,2332,2354,3078,2405,1013,477,160,20,0,8146,8146,845,1543,1274,1140,1430,1181,513,176,38,6,0,8050,8050,678,1291,1058,1214,1648,1224,500,301,122,14,0
경상남도 진주시 하대2동(4817067700),13660,13660,1248,2662,1766,1882,2722,2005,777,417,153,27,1,6758,6758,629,1420,926,881,1287,1030,393,156,32,4,0,6902,6902,619,1242,840,1001,1435,975,384,261,121,23,1
경상남도 진주시 상평동(4817068000),13775,13775,1205,1748,2070,2152,2350,2370,1156,516,180,25,3,7012,7012,630,929,1114,1169,1151,1182,582,209,41,5,0,6763,6763,575,819,956,983,1199,1188,574,307,139,20,3
경상남도 진주시 초장동(4817069500),14265,14265,1553,2973,1641,1873,3108,1774,701,454,169,17,2,7321,7321,835,1713,941,803,1524,971,329,158,41,5,1,6944,6944,718,1260,700,1070,1584,803,372,296,128,12,1
경상남도 진주시 평거동(4817071000),29590,29590,3214,6204,3304,4262,6310,3395,1429,1046,385,41,0,14406,14406,1693,3359,1631,1852,3017,1765,622,368,94,5,0,15184,15184,1521,2845,1673,2410,3293,1630,807,678,291,36,0
경상남도 진주시 신안동(4817071500),15231,15231,1275,2522,2056,1948,2682,2540,1191,755,231,31,0,7332,7332,669,1324,1029,961,1218,1184,581,299,62,5,0,7899,7899,606,1198,1027,987,1464,1356,610,456,169,26,0
경상남도 진주시 이현동(4817072000),16171,16171,1459,2704,2135,2271,2933,2457,1225,695,266,25,1,8136,8136,810,1502,1175,1115,1396,1193,610,256,71,8,0,8035,8035,649,1202,960,1156,1537,1264,615,439,195,17,1
경상남도 진주시 판문동(4817073000),10069,10069,887,1704,1328,1366,1801,1581,743,482,159,18,0,4836,4836,471,896,655,653,847,810,307,160,32,5,0,5233,5233,416,808,673,713,954,771,436,322,127,13,0
경상남도 진주시 가호동(4817074000),21238,21238,2610,2818,3472,4038,3360,2716,1262,699,242,19,2,10609,10609,1365,1503,1901,2020,1699,1262,568,240,46,5,0,10629,10629,1245,1315,1571,2018,1661,1454,694,459,196,14,2
경상남도 통영시 (4822000000),140399,140399,14156,16682,17090,23317,22782,22179,13030,8259,2658,231,15,71438,71438,7292,8682,9307,12804,11986,11099,6311,3215,700,38,4,68961,68961,6864,8000,7783,10513,10796,11080,6719,5044,1958,193,11
경상남도 통영시 산양읍(4822025000),5728,5728,258,488,573,615,838,1075,869,753,243,14,2,2993,2993,134,263,321,407,518,573,434,279,61,3,0,2735,2735,124,225,252,208,320,502,435,474,182,11,2
경상남도 통영시 용남면(4822031000),11454,11454,1287,1429,1323,1934,1922,1627,982,672,248,30,0,5833,5833,653,727,714,1015,1041,864,464,275,74,6,0,5621,5621,634,702,609,919,881,763,518,397,174,24,0
경상남도 통영시 도산면(4822033000),3356,3356,136,257,319,309,435,667,585,493,142,13,0,1712,1712,68,140,196,197,258,339,291,186,34,3,0,1644,1644,68,117,123,112,177,328,294,307,108,10,0
경상남도 통영시 광도면(4822034000),23635,23635,3854,2623,2787,5681,3601,2612,1313,852,284,28,0,12160,12160,1980,1334,1464,3064,1968,1308,633,327,75,7,0,11475,11475,1874,1289,1323,2617,1633,1304,680,525,209,21,0
경상남도 통영시 욕지면(4822035000),2298,2298,115,172,190,241,329,443,372,322,106,8,0,1226,1226,66,93,116,152,203,230,199,134,29,4,0,1072,1072,49,79,74,89,126,213,173,188,77,4,0
경상남도 통영시 한산면(4822036000),2457,2457,75,123,172,182,251,416,512,546,163,17,0,1239,1239,37,69,108,119,163,228,238,232,43,2,0,1218,1218,38,54,64,63,88,188,274,314,120,15,0
경상남도 통영시 사량면(4822037000),1743,1743,48,108,118,131,208,342,323,332,122,10,1,848,848,26,66,68,85,134,168,137,125,38,1,0,895,895,22,42,50,46,74,174,186,207,84,9,1
경상남도 통영시 도천동(4822051000),12450,12450,1056,1711,1580,1836,2098,2041,1213,682,209,22,2,6286,6286,538,865,893,994,1086,1042,547,264,54,3,0,6164,6164,518,846,687,842,1012,999,666,418,155,19,2
경상남도 통영시 명정동(4822053000),4713,4713,255,491,550,599,783,898,661,370,96,9,1,2398,2398,131,262,294,359,422,468,292,147,22,1,0,2315,2315,124,229,256,240,361,430,369,223,74,8,1
경상남도 통영시 중앙동(4822055000),6389,6389,301,637,777,847,1080,1291,813,494,137,12,0,3225,3225,168,322,419,501,573,620,385,203,34,0,0,3164,3164,133,315,358,346,507,671,428,291,103,12,0
경상남도 통영시 정량동(4822059000),11623,11623,881,1226,1523,1783,2007,2164,1215,606,200,16,2,6001,6001,459,632,850,1066,1045,1033,624,237,53,2,0,5622,5622,422,594,673,717,962,1131,591,369,147,14,2
경상남도 통영시 북신동(4822060000),12083,12083,1001,1481,1689,1782,1876,2230,1233,571,198,20,2,5997,5997,514,785,928,971,857,1010,638,239,50,3,2,6086,6086,487,696,761,811,1019,1220,595,332,148,17,0
경상남도 통영시 미수동(4822066500),13617,13617,1810,1922,1715,2425,2300,1989,844,468,135,9,0,6843,6843,918,993,857,1289,1158,1021,406,163,37,1,0,6774,6774,892,929,858,1136,1142,968,438,305,98,8,0
경상남도 통영시 봉평동(4822067000),14198,14198,1218,1854,1964,2190,2465,2307,1231,693,256,16,4,7380,7380,611,1021,1112,1276,1284,1181,577,249,66,2,1,6818,6818,607,833,852,914,1181,1126,654,444,190,14,3
경상남도 통영시 무전동(4822070000),14655,14655,1861,2160,1810,2762,2589,2077,864,405,119,7,1,7297,7297,989,1110,967,1309,1276,1014,446,155,30,0,1,7358,7358,872,1050,843,1453,1313,1063,418,250,89,7,0
경상남도 사천시 (4824000000),114429,114429,11199,13375,12553,18263,17587,16980,11843,9165,3116,332,16,57571,57571,5793,7306,6951,9833,9462,8437,5413,3541,773,59,3,56858,56858,5406,6069,5602,8430,8125,8543,6430,5624,2343,273,13
경상남도 사천시 사천읍(4824025000),16876,16876,1802,2356,2015,2892,2961,2198,1236,1022,353,38,3,8557,8557,919,1262,1114,1556,1560,1104,562,396,78,6,0,8319,8319,883,1094,901,1336,1401,1094,674,626,275,32,3
경상남도 사천시 정동면(4824031000),12190,12190,1924,1717,1146,2594,1917,1205,785,635,241,25,1,6069,6069,988,919,562,1302,1047,618,333,228,66,6,0,6121,6121,936,798,584,1292,870,587,452,407,175,19,1
경상남도 사천시 사남면(4824032000),11317,11317,1918,1076,1138,2644,1494,1219,830,700,260,37,1,5755,5755,1023,585,603,1393,851,614,352,267,62,5,0,5562,5562,895,491,535,1251,643,605,478,433,198,32,1
경상남도 사천시 용현면(4824033000),8129,8129,982,583,991,1582,1047,1138,830,706,244,25,1,4142,4142,500,326,560,886,595,537,399,275,59,5,0,3987,3987,482,257,431,696,452,601,431,431,185,20,1
경상남도 사천시 축동면(4824034000),2140,2140,99,189,212,252,306,358,304,318,95,6,1,1115,1115,50,105,127,158,197,188,145,118,24,3,0,1025,1025,49,84,85,94,109,170,159,200,71,3,1
경상남도 사천시 곤양면(4824035000),4346,4346,185,427,443,436,609,729,638,621,232,25,1,2163,2163,94,225,248,261,350,373,297,234,77,3,1,2183,2183,91,202,195,175,259,356,341,387,155,22,0
경상남도 사천시 곤명면(4824036000),3308,3308,118,239,275,312,466,599,566,565,146,22,0,1674,1674,69,132,147,203,277,318,255,219,49,5,0,1634,1634,49,107,128,109,189,281,311,346,97,17,0
경상남도 사천시 서포면(4824037000),4267,4267,153,371,401,361,554,778,711,683,236,18,1,2110,2110,75,202,237,237,313,383,332,267,62,1,1,2157,2157,78,169,164,124,241,395,379,416,174,17,0
경상남도 사천시 동서동(4824051000),8409,8409,428,812,998,1016,1168,1672,1255,775,259,25,1,4243,4243,224,447,580,600,643,815,564,316,50,4,0,4166,4166,204,365,418,416,525,857,691,459,209,21,1
경상남도 사천시 선구동(4824052000),6702,6702,429,760,781,922,1081,1200,820,522,172,13,2,3374,3374,220,427,428,547,551,587,364,211,37,2,0,3328,3328,209,333,353,375,530,613,456,311,135,11,2
경상남도 사천시 동서금동(4824053000),6091,6091,319,648,707,766,997,1179,818,499,135,22,1,3000,3000,151,350,394,429,510,569,376,184,30,6,1,3091,3091,168,298,313,337,487,610,442,315,105,16,0
경상남도 사천시 벌용동(4824055000),16658,16658,1678,2507,1800,2498,2928,2526,1449,960,285,25,2,8207,8207,884,1341,976,1195,1461,1240,670,373,64,3,0,8451,8451,794,1166,824,1303,1467,1286,779,587,221,22,2
경상남도 사천시 향촌동(4824057000),7477,7477,585,1027,935,1050,1186,1095,809,548,220,22,0,3916,3916,309,593,586,549,651,547,397,218,59,7,0,3561,3561,276,434,349,501,535,548,412,330,161,15,0
경상남도 사천시 남양동(4824059500),6147,6147,572,640,663,903,833,1009,715,559,223,29,1,3059,3059,283,379,366,490,434,504,331,217,52,3,0,3088,3088,289,261,297,413,399,505,384,342,171,26,1
경상남도 사천시 신수출장소(4824089000),372,372,7,23,48,35,40,75,77,52,15,0,0,187,187,4,13,23,27,22,40,36,18,4,0,0,185,185,3,10,25,8,18,35,41,34,11,0,0
경상남도 김해시 (4825000000),504963,504963,60395,80329,58523,90311,98717,63147,29650,18002,5322,537,30,254603,254603,31353,42374,30543,44028,51057,33162,13902,6706,1360,112,6,250360,250360,29042,37955,27980,46283,47660,29985,15748,11296,3962,425,24
경상남도 김해시 진영읍(4825025000),40640,40640,5544,4986,4770,8473,6507,5246,2742,1731,568,70,3,20693,20693,2874,2602,2451,4466,3500,2638,1332,661,154,15,0,19947,19947,2670,2384,2319,4007,3007,2608,1410,1070,414,55,3
경상남도 김해시 장유면(4825031000),125055,125055,22339,19226,10948,29494,22463,10989,5577,3022,919,77,1,62192,62192,11507,9944,5466,13806,12127,5427,2540,1140,221,13,1,62863,62863,10832,9282,5482,15688,10336,5562,3037,1882,698,64,0
경상남도 김해시 주촌면(4825032000),4097,4097,163,410,544,449,688,887,465,356,120,15,0,2211,2211,83,230,311,269,398,519,247,120,31,3,0,1886,1886,80,180,233,180,290,368,218,236,89,12,0
경상남도 김해시 진례면(4825033000),8149,8149,513,922,963,985,1454,1480,926,651,230,25,0,4348,4348,267,515,543,587,838,810,471,252,56,9,0,3801,3801,246,407,420,398,616,670,455,399,174,16,0
경상남도 김해시 한림면(4825034000),9688,9688,435,954,1158,983,1546,1969,1265,987,350,41,0,5191,5191,241,545,696,622,891,1087,655,359,86,9,0,4497,4497,194,409,462,361,655,882,610,628,264,32,0
경상남도 김해시 생림면(4825035000),4684,4684,173,436,547,456,722,946,711,502,171,20,0,2429,2429,87,243,309,275,417,514,349,188,42,5,0,2255,2255,86,193,238,181,305,432,362,314,129,15,0
경상남도 김해시 상동면(4825036000),3810,3810,200,356,455,431,640,814,504,286,105,18,1,2062,2062,99,181,273,277,386,441,268,110,25,2,0,1748,1748,101,175,182,154,254,373,236,176,80,16,1
경상남도 김해시 대동면(4825037000),8139,8139,312,706,1034,809,1166,1834,1207,776,265,26,4,4237,4237,173,404,592,482,651,937,628,292,75,2,1,3902,3902,139,302,442,327,515,897,579,484,190,24,3
경상남도 김해시 동상동(4825051000),9744,9744,603,1353,1448,1299,1767,1707,865,515,166,19,2,4851,4851,321,707,769,688,871,844,428,185,33,5,0,4893,4893,282,646,679,611,896,863,437,330,133,14,2
경상남도 김해시 회현동(4825052000),9391,9391,486,1154,1252,1141,1590,1836,1115,598,198,20,1,4746,4746,245,630,679,626,803,941,514,246,55,7,0,4645,4645,241,524,573,515,787,895,601,352,143,13,1
경상남도 김해시 부원동(4825053000),7780,7780,446,932,1103,1065,1444,1460,788,429,105,6,2,3988,3988,218,511,597,604,737,736,374,180,30,0,1,3792,3792,228,421,506,461,707,724,414,249,75,6,1
경상남도 김해시 내외동(4825054000),87480,87480,9080,16973,11061,13808,19940,10079,3465,2374,640,54,6,43638,43638,4674,8967,5687,6425,9813,5589,1502,799,170,11,1,43842,43842,4406,8006,5374,7383,10127,4490,1963,1575,470,43,5
경상남도 김해시 북부동(4825055000),77073,77073,10310,13589,8447,14363,15917,8511,3416,1946,530,41,3,38548,38548,5480,7179,4323,6605,8128,4476,1519,695,137,6,0,38525,38525,4830,6410,4124,7758,7789,4035,1897,1251,393,35,3
경상남도 김해시 칠산서부동(4825056500),9752,9752,800,1365,1202,1379,1824,1577,857,559,170,19,0,5063,5063,438,736,660,728,985,855,401,219,39,2,0,4689,4689,362,629,542,651,839,722,456,340,131,17,0
경상남도 김해시 활천동(4825058000),46550,46550,4333,7688,6450,7262,9713,6467,2771,1468,351,42,5,23684,23684,2259,4097,3442,3636,4816,3425,1310,592,95,10,2,22866,22866,2074,3591,3008,3626,4897,3042,1461,876,256,32,3
경상남도 김해시 삼안동(4825059000),43859,43859,3714,7931,6057,6416,9557,6024,2343,1443,344,29,1,22156,22156,1932,4182,3186,3182,4752,3240,1068,515,90,9,0,21703,21703,1782,3749,2871,3234,4805,2784,1275,928,254,20,1
경상남도 김해시 불암동(4825060000),9072,9072,944,1348,1084,1498,1779,1321,633,359,90,15,1,4566,4566,455,701,559,750,944,683,296,153,21,4,0,4506,4506,489,647,525,748,835,638,337,206,69,11,1
경상남도 밀양시 (4827000000),109577,109577,7267,12601,11935,12737,16545,19369,13744,11293,3709,347,30,53646,53646,3795,6860,6574,6673,8580,9529,6244,4257,1054,76,4,55931,55931,3472,5741,5361,6064,7965,9840,7500,7036,2655,271,26
경상남도 밀양시 삼랑진읍(4827025000),6068,6068,239,486,545,561,863,1253,994,824,283,18,2,3016,3016,127,281,311,329,475,641,451,320,75,6,0,3052,3052,112,205,234,232,388,612,543,504,208,12,2
경상남도 밀양시 삼랑진임천출장소(4827025100),1523,1523,49,126,164,128,195,296,248,248,65,4,0,747,747,28,63,88,83,116,141,118,90,20,0,0,776,776,21,63,76,45,79,155,130,158,45,4,0
경상남도 밀양시 하남읍(4827025300),8747,8747,474,883,928,961,1289,1630,1195,1049,301,34,3,4314,4314,246,483,532,548,692,787,555,382,83,5,1,4433,4433,228,400,396,413,597,843,640,667,218,29,2
경상남도 밀양시 부북면(4827031000),6350,6350,281,622,729,607,924,1222,863,804,277,20,1,3204,3204,148,360,424,341,526,625,395,305,74,6,0,3146,3146,133,262,305,266,398,597,468,499,203,14,1
경상남도 밀양시 상동면(4827032000),3120,3120,69,213,314,203,344,659,588,522,195,12,1,1475,1475,36,123,155,123,195,310,277,199,56,1,0,1645,1645,33,90,159,80,149,349,311,323,139,11,1
경상남도 밀양시 산외면(4827033000),2968,2968,136,248,302,266,379,567,514,411,128,15,2,1506,1506,77,144,181,169,221,278,240,156,37,3,0,1462,1462,59,104,121,97,158,289,274,255,91,12,2
경상남도 밀양시 산내면(4827034000),3954,3954,156,300,338,319,503,762,762,598,197,17,2,1939,1939,76,159,193,197,285,369,371,234,53,2,0,2015,2015,80,141,145,122,218,393,391,364,144,15,2
경상남도 밀양시 단장면(4827035000),4205,4205,143,316,436,320,513,916,717,636,191,16,1,2065,2065,76,172,259,184,282,456,332,249,51,3,1,2140,2140,67,144,177,136,231,460,385,387,140,13,0
경상남도 밀양시 상남면(4827036000),10381,10381,824,1145,1104,1286,1592,1673,1254,1096,363,40,4,5131,5131,408,618,595,704,855,865,548,413,116,9,0,5250,5250,416,527,509,582,737,808,706,683,247,31,4
경상남도 밀양시 초동면(4827037000),3596,3596,109,205,301,293,413,741,688,639,187,18,2,1781,1781,57,111,184,199,235,364,320,250,56,4,1,1815,1815,52,94,117,94,178,377,368,389,131,14,1
경상남도 밀양시 무안면(4827038000),5904,5904,276,536,535,462,735,1096,915,978,332,38,1,2830,2830,140,275,302,259,432,532,408,374,102,6,0,3074,3074,136,261,233,203,303,564,507,604,230,32,1
경상남도 밀양시 청도면(4827039000),1884,1884,50,104,153,140,171,352,391,382,124,16,1,930,930,28,59,93,93,91,183,189,153,35,6,0,954,954,22,45,60,47,80,169,202,229,89,10,1
경상남도 밀양시 내일동(4827051000),4087,4087,222,445,469,457,603,778,564,386,139,21,3,1998,1998,119,261,242,238,311,377,250,157,35,8,0,2089,2089,103,184,227,219,292,401,314,229,104,13,3
경상남도 밀양시 내이동(4827052000),10517,10517,740,1410,1381,1470,1810,1867,1009,615,198,15,2,5201,5201,404,772,751,716,883,912,470,231,59,3,0,5316,5316,336,638,630,754,927,955,539,384,139,12,2
경상남도 밀양시 삼문동(4827053000),20116,20116,2235,3222,2275,3025,3526,2905,1501,1011,380,31,5,9765,9765,1179,1747,1235,1386,1675,1417,654,347,116,8,1,10351,10351,1056,1475,1040,1639,1851,1488,847,664,264,23,4
경상남도 밀양시 가곡동(4827054000),8785,8785,535,1142,1042,1058,1387,1569,1005,776,249,22,0,4113,4113,264,578,565,548,668,738,411,278,59,4,0,4672,4672,271,564,477,510,719,831,594,498,190,18,0
경상남도 밀양시 교동(4827055000),7372,7372,729,1198,919,1181,1298,1083,536,318,100,10,0,3631,3631,382,654,464,556,638,534,255,119,27,2,0,3741,3741,347,544,455,625,660,549,281,199,73,8,0
경상남도 거제시 (4831000000),229725,229725,29323,32230,29713,45972,39437,29065,12412,8066,3182,311,14,120095,120095,15208,17037,16443,24791,21243,15321,6224,2978,787,61,2,109630,109630,14115,15193,13270,21181,18194,13744,6188,5088,2395,250,12
경상남도 거제시 일운면(4831031000),7364,7364,734,844,738,1181,1228,1189,689,538,204,17,2,3759,3759,359,444,379,662,698,603,348,206,55,5,0,3605,3605,375,400,359,519,530,586,341,332,149,12,2
경상남도 거제시 동부면(4831032000),3609,3609,151,379,365,395,552,655,543,390,161,17,1,1856,1856,76,202,211,257,310,325,272,153,46,3,1,1753,1753,75,177,154,138,242,330,271,237,115,14,0
경상남도 거제시 남부면(4831033000),1897,1897,82,141,169,177,275,377,319,273,80,4,0,961,961,44,81,100,113,166,192,140,106,17,2,0,936,936,38,60,69,64,109,185,179,167,63,2,0
경상남도 거제시 거제면(4831034000),7040,7040,467,775,776,817,1021,1203,856,724,347,52,2,3456,3456,242,406,422,472,553,594,410,273,77,7,0,3584,3584,225,369,354,345,468,609,446,451,270,45,2
경상남도 거제시 둔덕면(4831035000),3544,3544,186,345,365,374,528,614,505,410,200,16,1,1819,1819,107,198,201,230,297,318,252,160,54,2,0,1725,1725,79,147,164,144,231,296,253,250,146,14,1
경상남도 거제시 사등면(4831036000),8081,8081,684,800,1020,1338,1252,1297,901,570,197,20,2,4180,4180,341,417,539,794,715,663,446,208,53,4,0,3901,3901,343,383,481,544,537,634,455,362,144,16,2
경상남도 거제시 사등면가조출장소(4831036600),1177,1177,53,102,148,96,154,255,183,133,49,4,0,588,588,31,47,84,57,84,136,85,50,14,0,0,589,589,22,55,64,39,70,119,98,83,35,4,0
경상남도 거제시 연초면(4831037000),9548,9548,894,1032,1364,1821,1624,1370,689,539,199,15,1,5245,5245,451,550,807,1108,960,731,372,206,58,1,1,4303,4303,443,482,557,713,664,639,317,333,141,14,0
경상남도 거제시 하청면(4831038000),3644,3644,271,367,415,483,541,623,429,351,153,10,1,1890,1890,150,201,241,281,305,307,218,144,41,2,0,1754,1754,121,166,174,202,236,316,211,207,112,8,1
경상남도 거제시 하청면칠천출장소(4831038500),1273,1273,49,72,131,122,161,230,214,205,85,4,0,655,655,27,42,79,87,103,117,102,80,17,1,0,618,618,22,30,52,35,58,113,112,125,68,3,0
경상남도 거제시 장목면(4831039000),3771,3771,122,331,375,404,505,673,588,536,209,28,0,1903,1903,66,178,222,255,304,340,281,200,50,7,0,1868,1868,56,153,153,149,201,333,307,336,159,21,0
경상남도 거제시 장목면외포출장소(4831039500),1486,1486,77,126,138,155,201,264,218,212,87,8,0,769,769,33,77,81,99,117,145,102,91,23,1,0,717,717,44,49,57,56,84,119,116,121,64,7,0
경상남도 거제시 장승포동(4831051000),4299,4299,296,459,925,764,688,617,272,206,59,11,2,2498,2498,163,248,645,500,378,344,134,73,12,1,0,1801,1801,133,211,280,264,310,273,138,133,47,10,2
경상남도 거제시 마전동(4831052000),5630,5630,811,643,957,1456,872,546,194,124,27,0,0,3219,3219,444,331,569,913,516,301,96,43,6,0,0,2411,2411,367,312,388,543,356,245,98,81,21,0,0
경상남도 거제시 능포동(4831053000),12701,12701,1281,1863,1716,2205,2294,2012,752,405,159,14,0,6777,6777,696,978,984,1254,1211,1081,387,141,41,4,0,5924,5924,585,885,732,951,1083,931,365,264,118,10,0
경상남도 거제시 아주동(4831054000),11899,11899,1923,1693,1468,2905,2016,1218,377,210,83,6,0,6340,6340,978,884,851,1566,1135,675,177,57,15,2,0,5559,5559,945,809,617,1339,881,543,200,153,68,4,0
경상남도 거제시 옥포1동(4831055000),9009,9009,981,1144,1366,1773,1547,1505,430,188,65,9,1,4702,4702,503,627,753,993,742,769,233,66,15,1,0,4307,4307,478,517,613,780,805,736,197,122,50,8,1
경상남도 거제시 옥포2동(4831056000),29791,29791,4083,4663,3811,5765,5486,4115,1119,522,206,21,0,15275,15275,2145,2430,1951,2943,2781,2218,588,183,33,3,0,14516,14516,1938,2233,1860,2822,2705,1897,531,339,173,18,0
경상남도 거제시 장평동(4831057000),27787,27787,3778,4283,4708,6322,4989,2614,632,304,142,15,0,15187,15187,1962,2226,2846,3603,2677,1403,327,103,39,1,0,12600,12600,1816,2057,1862,2719,2312,1211,305,201,103,14,0
경상남도 거제시 고현동(4831058000),39958,39958,5300,6490,5258,8145,7425,4922,1466,687,248,16,1,20455,20455,2712,3501,2738,4093,3791,2540,753,254,69,4,0,19503,19503,2588,2989,2520,4052,3634,2382,713,433,179,12,1
경상남도 거제시 상문동(4831059000),21737,21737,4482,3185,2207,5864,3445,1542,588,299,117,8,0,11148,11148,2317,1650,1093,2917,1929,826,288,101,26,1,0,10589,10589,2165,1535,1114,2947,1516,716,300,198,91,7,0
경상남도 거제시 수양동(4831060000),14480,14480,2618,2493,1293,3410,2633,1224,448,240,105,16,0,7413,7413,1361,1319,647,1594,1471,693,213,80,26,9,0,7067,7067,1257,1174,646,1816,1162,531,235,160,79,7,0
경상남도 양산시 (4833000000),264521,264521,29337,37584,31262,46905,49460,35989,18710,11429,3474,338,33,133035,133035,15195,19870,16215,23337,25478,18490,8837,4552,995,65,1,131486,131486,14142,17714,15047,23568,23982,17499,9873,6877,2479,273,32
경상남도 양산시 물금읍(4833025300),45363,45363,5616,7210,5695,8479,8830,5330,2298,1410,453,40,2,22643,22643,2947,3808,2822,4043,4466,2856,1053,518,122,8,0,22720,22720,2669,3402,2873,4436,4364,2474,1245,892,331,32,2
경상남도 양산시 동면(4833031000),13989,13989,1359,1689,1842,2360,2294,2248,1229,712,239,17,0,7032,7032,744,871,947,1208,1184,1124,603,276,69,6,0,6957,6957,615,818,895,1152,1110,1124,626,436,170,11,0
경상남도 양산시 원동면(4833032000),3781,3781,148,219,366,301,488,844,698,520,176,18,3,1903,1903,75,118,225,185,283,406,341,211,56,3,0,1878,1878,73,101,141,116,205,438,357,309,120,15,3
경상남도 양산시 상북면(4833033000),16728,16728,1246,2099,2144,2421,2924,2883,1636,1024,313,36,2,8503,8503,611,1160,1133,1273,1525,1522,766,416,85,12,0,8225,8225,635,939,1011,1148,1399,1361,870,608,228,24,2
경상남도 양산시 하북면(4833034000),9912,9912,473,1246,1217,1101,1902,1888,984,718,342,36,5,5111,5111,247,680,659,610,1007,1029,505,277,94,3,0,4801,4801,226,566,558,491,895,859,479,441,248,33,5
경상남도 양산시 중앙동(4833051000),12585,12585,650,1444,1796,1654,2309,2554,1280,655,208,30,5,6540,6540,341,818,1014,939,1175,1314,635,243,58,2,1,6045,6045,309,626,782,715,1134,1240,645,412,150,28,4
경상남도 양산시 양주동(4833051500),38313,38313,5760,6566,3734,7906,7732,3603,1710,991,289,21,1,18807,18807,3016,3428,1831,3563,3884,1827,766,409,77,6,0,19506,19506,2744,3138,1903,4343,3848,1776,944,582,212,15,1
경상남도 양산시 삼성동(4833052000),23625,23625,2188,3651,3487,4024,4880,3260,1200,684,229,21,1,12194,12194,1141,1949,1859,2087,2477,1780,588,252,58,3,0,11431,11431,1047,1702,1628,1937,2403,1480,612,432,171,18,1
경상남도 양산시 강서동(4833053000),10576,10576,1464,1377,1274,2228,1782,1355,584,384,117,10,1,5380,5380,742,703,649,1153,960,711,295,133,33,1,0,5196,5196,722,674,625,1075,822,644,289,251,84,9,1
경상남도 양산시 서창동(4833054000),26988,26988,3371,3632,3024,5242,4868,3558,1916,1026,294,49,8,13611,13611,1726,1879,1612,2694,2553,1761,901,416,63,6,0,13377,13377,1645,1753,1412,2548,2315,1797,1015,610,231,43,8
경상남도 양산시 소주동(4833055000),18386,18386,1901,2673,1983,3107,3550,2604,1401,914,230,22,1,9322,9322,944,1396,1072,1557,1896,1346,667,367,75,2,0,9064,9064,957,1277,911,1550,1654,1258,734,547,155,20,1
경상남도 양산시 평산동(4833056000),32285,32285,3980,4128,3486,6160,5585,4095,2718,1704,400,27,2,15956,15956,2025,2195,1758,3098,2860,1905,1219,751,136,9,0,16329,16329,1955,1933,1728,3062,2725,2190,1499,953,264,18,2
경상남도 양산시 덕계동(4833057000),11990,11990,1181,1650,1214,1922,2316,1767,1056,687,184,11,2,6033,6033,636,865,634,927,1208,909,498,283,69,4,0,5957,5957,545,785,580,995,1108,858,558,404,115,7,2
경상남도 의령군 (4872000000),30106,30106,1816,2606,2770,3000,3906,4809,4217,4971,1842,164,5,14458,14458,940,1411,1475,1690,2255,2492,1834,1780,536,44,1,15648,15648,876,1195,1295,1310,1651,2317,2383,3191,1306,120,4
경상남도 의령군 의령읍(4872025000),9643,9643,888,1227,1044,1389,1503,1446,957,863,297,28,1,4786,4786,461,667,536,719,819,727,442,311,95,9,0,4857,4857,427,560,508,670,684,719,515,552,202,19,1
경상남도 의령군 가례면(4872031000),2050,2050,82,148,186,175,276,368,295,369,138,12,1,984,984,40,77,90,110,158,210,130,122,45,1,1,1066,1066,42,71,96,65,118,158,165,247,93,11,0
경상남도 의령군 칠곡면(4872032000),1257,1257,44,75,118,98,134,234,206,258,85,5,0,598,598,26,37,71,62,75,120,86,97,22,2,0,659,659,18,38,47,36,59,114,120,161,63,3,0
경상남도 의령군 대의면(4872033000),1204,1204,66,93,86,97,133,196,190,250,85,7,1,554,554,33,47,44,55,82,94,81,95,21,2,0,650,650,33,46,42,42,51,102,109,155,64,5,1
경상남도 의령군 화정면(4872034000),1703,1703,97,107,155,140,196,293,255,336,115,9,0,825,825,53,70,76,79,126,150,99,133,36,3,0,878,878,44,37,79,61,70,143,156,203,79,6,0
경상남도 의령군 용덕면(4872035000),1795,1795,89,115,189,136,219,319,251,331,138,7,1,852,852,40,58,111,79,129,168,107,122,38,0,0,943,943,49,57,78,57,90,151,144,209,100,7,1
경상남도 의령군 정곡면(4872036000),1768,1768,67,114,143,136,204,291,296,362,138,17,0,835,835,34,63,86,83,129,151,128,109,48,4,0,933,933,33,51,57,53,75,140,168,253,90,13,0
경상남도 의령군 지정면(4872037000),2134,2134,70,151,192,163,255,379,349,405,152,18,0,1050,1050,35,79,96,111,143,215,164,154,46,7,0,1084,1084,35,72,96,52,112,164,185,251,106,11,0
경상남도 의령군 낙서면(4872038000),1021,1021,50,63,87,91,83,165,169,231,73,9,0,478,478,28,34,51,55,45,86,71,86,19,3,0,543,543,22,29,36,36,38,79,98,145,54,6,0
경상남도 의령군 부림면(4872039000),3511,3511,217,321,272,339,489,529,570,546,210,18,0,1646,1646,111,172,148,191,279,262,240,187,49,7,0,1865,1865,106,149,124,148,210,267,330,359,161,11,0
경상남도 의령군 봉수면(4872040000),1212,1212,63,58,90,90,137,176,211,274,106,7,0,570,570,33,28,52,60,86,92,90,102,26,1,0,642,642,30,30,38,30,51,84,121,172,80,6,0
경상남도 의령군 궁류면(4872041500),1375,1375,36,68,101,66,134,189,240,376,150,15,0,622,622,19,42,54,37,91,100,95,132,49,3,0,753,753,17,26,47,29,43,89,145,244,101,12,0
경상남도 의령군 유곡면(4872042000),1433,1433,47,66,107,80,143,224,228,370,155,12,1,658,658,27,37,60,49,93,117,101,130,42,2,0,775,775,20,29,47,31,50,107,127,240,113,10,1
경상남도 함안군 (4873000000),67308,67308,6084,7680,6867,9419,10557,10650,7147,6519,2133,212,40,34068,34068,3214,4150,3731,5110,5933,5541,3364,2417,562,41,5,33240,33240,2870,3530,3136,4309,4624,5109,3783,4102,1571,171,35
경상남도 함안군 가야읍(4873025000),18366,18366,1692,2689,2077,2517,3217,2814,1533,1337,422,39,29,9264,9264,932,1469,1114,1313,1709,1431,694,490,109,2,1,9102,9102,760,1220,963,1204,1508,1383,839,847,313,37,28
경상남도 함안군 함안면(4873031000),2864,2864,163,210,274,278,349,516,431,481,145,15,2,1409,1409,96,107,156,173,198,257,208,175,35,3,1,1455,1455,67,103,118,105,151,259,223,306,110,12,1
경상남도 함안군 군북면(4873032000),6809,6809,257,531,653,599,936,1283,1037,1105,367,40,1,3428,3428,125,289,377,380,556,679,481,423,104,13,1,3381,3381,132,242,276,219,380,604,556,682,263,27,0
경상남도 함안군 법수면(4873033000),3236,3236,87,216,316,289,435,642,538,534,166,13,0,1650,1650,49,120,177,213,273,341,237,191,48,1,0,1586,1586,38,96,139,76,162,301,301,343,118,12,0
경상남도 함안군 대산면(4873034000),4318,4318,179,396,373,362,593,743,712,696,243,21,0,2180,2180,96,211,223,227,366,398,324,269,62,4,0,2138,2138,83,185,150,135,227,345,388,427,181,17,0
경상남도 함안군 칠서면(4873035000),6528,6528,615,711,637,1025,1106,967,693,570,192,11,1,3306,3306,298,374,348,562,637,511,333,194,46,3,0,3222,3222,317,337,289,463,469,456,360,376,146,8,1
경상남도 함안군 칠북면(4873036000),2311,2311,70,166,200,210,290,458,394,400,110,13,0,1182,1182,34,92,120,144,179,240,192,147,32,2,0,1129,1129,36,74,80,66,111,218,202,253,78,11,0
경상남도 함안군 칠원읍(4873037000),18902,18902,2846,2284,1915,3799,3113,2484,1243,885,297,34,2,9622,9622,1496,1188,979,1896,1729,1307,619,332,68,7,1,9280,9280,1350,1096,936,1903,1384,1177,624,553,229,27,1
경상남도 함안군 산인면(4873038000),3063,3063,134,415,342,265,415,561,401,369,137,19,5,1577,1577,66,267,189,156,225,292,195,139,42,5,1,1486,1486,68,148,153,109,190,269,206,230,95,14,4
경상남도 함안군 여항면(4873039000),911,911,41,62,80,75,103,182,165,142,54,7,0,450,450,22,33,48,46,61,85,81,57,16,1,0,461,461,19,29,32,29,42,97,84,85,38,6,0
경상남도 창녕군 (4874000000),62088,62088,3624,6237,6355,6621,9048,10679,8493,8219,2571,234,7,30598,30598,1894,3318,3697,3736,4978,5325,3817,3065,715,53,0,31490,31490,1730,2919,2658,2885,4070,5354,4676,5154,1856,181,7
경상남도 창녕군 창녕읍(4874025000),16745,16745,1321,2275,1939,2097,2666,2747,1758,1446,459,35,2,8248,8248,681,1186,1101,1082,1394,1346,801,528,127,2,0,8497,8497,640,1089,838,1015,1272,1401,957,918,332,33,2
경상남도 창녕군 남지읍(4874025300),11507,11507,884,1220,1265,1547,1837,1867,1359,1122,362,41,3,5695,5695,482,654,693,858,980,905,604,418,91,10,0,5812,5812,402,566,572,689,857,962,755,704,271,31,3
경상남도 창녕군 고암면(4874031000),2017,2017,64,100,141,133,238,313,383,436,193,16,0,951,951,33,53,84,90,136,168,168,154,61,4,0,1066,1066,31,47,57,43,102,145,215,282,132,12,0
경상남도 창녕군 성산면(4874032000),1588,1588,37,75,154,114,191,294,277,332,100,14,0,758,758,17,37,91,74,103,163,128,105,37,3,0,830,830,20,38,63,40,88,131,149,227,63,11,0
경상남도 창녕군 대합면(4874033000),4046,4046,123,285,370,345,521,710,679,760,237,15,1,2019,2019,73,158,213,225,320,366,299,293,67,5,0,2027,2027,50,127,157,120,201,344,380,467,170,10,1
경상남도 창녕군 이방면(4874034000),2772,2772,86,242,256,201,341,525,438,531,138,13,1,1372,1372,40,120,171,135,192,256,206,205,44,3,0,1400,1400,46,122,85,66,149,269,232,326,94,10,1
경상남도 창녕군 유어면(4874035000),2009,2009,67,113,179,147,212,340,414,413,116,8,0,969,969,27,60,108,92,132,165,180,163,42,0,0,1040,1040,40,53,71,55,80,175,234,250,74,8,0
경상남도 창녕군 대지면(4874036000),2474,2474,158,186,235,269,326,413,384,386,106,11,0,1241,1241,73,109,145,157,198,214,162,153,28,2,0,1233,1233,85,77,90,112,128,199,222,233,78,9,0
경상남도 창녕군 계성면(4874037000),2618,2618,76,233,228,196,414,438,425,465,132,11,0,1304,1304,40,126,131,119,246,231,188,185,35,3,0,1314,1314,36,107,97,77,168,207,237,280,97,8,0
경상남도 창녕군 영산면(4874038000),6041,6041,345,698,614,667,949,1105,788,634,219,22,0,3027,3027,188,374,367,365,532,540,371,228,54,8,0,3014,3014,157,324,247,302,417,565,417,406,165,14,0
경상남도 창녕군 장마면(4874039000),1944,1944,67,113,153,121,222,313,351,451,142,11,0,941,941,38,67,98,80,134,166,149,167,38,4,0,1003,1003,29,46,55,41,88,147,202,284,104,7,0
경상남도 창녕군 도천면(4874040000),2875,2875,161,275,278,311,399,508,395,416,126,6,0,1379,1379,80,126,174,177,225,254,166,154,23,0,0,1496,1496,81,149,104,134,174,254,229,262,103,6,0
경상남도 창녕군 길곡면(4874041000),1481,1481,57,85,133,109,182,300,255,267,79,14,0,755,755,29,57,86,76,87,164,126,98,28,4,0,726,726,28,28,47,33,95,136,129,169,51,10,0
경상남도 창녕군 부곡면(4874042000),3971,3971,178,337,410,364,550,806,587,560,162,17,0,1939,1939,93,191,235,206,299,387,269,214,40,5,0,2032,2032,85,146,175,158,251,419,318,346,122,12,0
경상남도 고성군 (4882000000),57137,57137,3960,5700,5947,7065,8314,9211,7307,6785,2596,243,9,28673,28673,2047,3111,3375,4060,4648,4681,3397,2593,715,45,1,28464,28464,1913,2589,2572,3005,3666,4530,3910,4192,1881,198,8
경상남도 고성군 고성읍(4882025000),25773,25773,2534,3230,2995,3971,4181,3956,2444,1755,637,65,5,12923,12923,1330,1734,1639,2108,2206,1921,1133,667,172,12,1,12850,12850,1204,1496,1356,1863,1975,2035,1311,1088,465,53,4
경상남도 고성군 삼산면(4882031000),1922,1922,77,113,170,184,222,359,353,318,118,8,0,978,978,40,60,100,121,141,185,170,125,35,1,0,944,944,37,53,70,63,81,174,183,193,83,7,0
경상남도 고성군 하일면(4882032000),2061,2061,63,135,170,155,215,359,414,374,158,18,0,982,982,34,72,98,97,136,169,185,151,38,2,0,1079,1079,29,63,72,58,79,190,229,223,120,16,0
경상남도 고성군 하이면(4882033000),2943,2943,127,296,302,283,398,513,425,414,171,14,0,1477,1477,63,154,184,168,213,270,215,159,47,4,0,1466,1466,64,142,118,115,185,243,210,255,124,10,0
경상남도 고성군 상리면(4882034000),1819,1819,77,115,146,155,211,271,317,376,139,12,0,897,897,39,65,77,96,116,158,138,159,49,0,0,922,922,38,50,69,59,95,113,179,217,90,12,0
경상남도 고성군 대가면(4882035000),1736,1736,60,89,140,113,190,304,295,357,169,19,0,834,834,25,47,74,68,119,162,143,136,56,4,0,902,902,35,42,66,45,71,142,152,221,113,15,0
경상남도 고성군 영현면(4882036000),1016,1016,41,39,72,89,84,169,198,225,90,9,0,472,472,19,26,44,57,52,83,88,80,20,3,0,544,544,22,13,28,32,32,86,110,145,70,6,0
경상남도 고성군 영오면(4882037000),1653,1653,75,149,139,154,218,260,248,291,112,6,1,811,811,40,89,85,92,127,136,108,110,23,1,0,842,842,35,60,54,62,91,124,140,181,89,5,1
경상남도 고성군 개천면(4882038000),1377,1377,65,159,115,91,140,209,190,275,118,15,0,676,676,35,104,69,58,80,104,88,104,31,3,0,701,701,30,55,46,33,60,105,102,171,87,12,0
경상남도 고성군 구만면(4882039000),1202,1202,44,79,98,90,146,206,186,227,116,9,1,581,581,21,46,58,56,91,113,77,85,31,3,0,621,621,23,33,40,34,55,93,109,142,85,6,1
경상남도 고성군 회화면(4882040000),4134,4134,238,424,435,429,625,725,570,495,180,13,0,2049,2049,118,219,234,240,333,389,281,188,45,2,0,2085,2085,120,205,201,189,292,336,289,307,135,11,0
경상남도 고성군 마암면(4882041000),2133,2133,67,138,148,203,330,374,370,342,142,18,1,1059,1059,37,72,87,120,201,206,166,134,32,4,0,1074,1074,30,66,61,83,129,168,204,208,110,14,1
경상남도 고성군 동해면(4882042000),3933,3933,162,286,353,390,549,700,632,617,225,19,0,2037,2037,73,172,209,270,343,373,304,218,73,2,0,1896,1896,89,114,144,120,206,327,328,399,152,17,0
경상남도 고성군 거류면(4882043000),5435,5435,330,448,664,758,805,806,665,719,221,18,1,2897,2897,173,251,417,509,490,412,301,277,63,4,0,2538,2538,157,197,247,249,315,394,364,442,158,14,1
경상남도 남해군 (4884000000),49270,49270,2515,5014,4548,4351,6384,7792,7113,7630,3566,344,13,23570,23570,1364,2814,2532,2360,3479,3840,3258,2882,967,74,0,25700,25700,1151,2200,2016,1991,2905,3952,3855,4748,2599,270,13
경상남도 남해군 남해읍(4884025000),14013,14013,1158,2118,1640,1753,2223,2069,1362,1121,516,50,3,6883,6883,620,1180,889,848,1137,1008,628,433,123,17,0,7130,7130,538,938,751,905,1086,1061,734,688,393,33,3
경상남도 남해군 이동면(4884031000),4552,4552,169,373,384,349,561,751,713,827,384,37,4,2185,2185,83,204,233,182,331,379,315,336,117,5,0,2367,2367,86,169,151,167,230,372,398,491,267,32,4
경상남도 남해군 상주면(4884032000),1857,1857,50,164,131,119,239,324,299,370,154,7,0,897,897,25,93,79,72,139,165,136,143,44,1,0,960,960,25,71,52,47,100,159,163,227,110,6,0
경상남도 남해군 삼동면(4884033000),4465,4465,179,365,346,339,523,747,723,794,410,39,0,2145,2145,96,210,199,198,303,357,354,310,108,10,0,2320,2320,83,155,147,141,220,390,369,484,302,29,0
경상남도 남해군 미조면(4884034000),2918,2918,190,339,280,263,470,524,393,297,150,12,0,1474,1474,107,201,143,141,258,277,194,120,31,2,0,1444,1444,83,138,137,122,212,247,199,177,119,10,0
경상남도 남해군 남면(4884035000),4271,4271,121,369,298,290,464,632,759,877,415,44,2,1977,1977,71,215,159,173,250,307,349,316,126,11,0,2294,2294,50,154,139,117,214,325,410,561,289,33,2
경상남도 남해군 서면(4884036000),3208,3208,94,176,254,214,332,498,551,723,331,35,0,1479,1479,47,110,140,130,202,234,250,268,91,7,0,1729,1729,47,66,114,84,130,264,301,455,240,28,0
경상남도 남해군 고현면(4884037000),4479,4479,191,367,396,353,521,664,688,811,433,54,1,2077,2077,121,195,231,202,272,321,314,298,116,7,0,2402,2402,70,172,165,151,249,343,374,513,317,47,1
경상남도 남해군 설천면(4884038000),3408,3408,122,266,303,223,356,575,545,682,309,25,2,1581,1581,70,143,161,141,192,287,252,248,82,5,0,1827,1827,52,123,142,82,164,288,293,434,227,20,2
경상남도 남해군 창선면(4884039000),6099,6099,241,477,516,448,695,1008,1080,1128,464,41,1,2872,2872,124,263,298,273,395,505,466,410,129,9,0,3227,3227,117,214,218,175,300,503,614,718,335,32,1
경상남도 하동군 (4885000000),52827,52827,3262,5532,5317,5583,7611,8420,7025,6962,2797,300,18,25909,25909,1699,3040,2942,3088,4179,4268,3175,2597,860,59,2,26918,26918,1563,2492,2375,2495,3432,4152,3850,4365,1937,241,16
경상남도 하동군 하동읍(4885025000),11590,11590,886,1607,1326,1405,1838,1784,1281,1017,402,44,0,5667,5667,458,865,713,709,961,886,581,377,108,9,0,5923,5923,428,742,613,696,877,898,700,640,294,35,0
경상남도 하동군 화개면(4885031000),3661,3661,238,414,320,383,611,583,505,442,145,18,2,1821,1821,129,222,167,214,349,276,219,189,50,5,1,1840,1840,109,192,153,169,262,307,286,253,95,13,1
경상남도 하동군 악양면(4885032000),3935,3935,199,311,323,359,571,616,626,648,250,29,3,1892,1892,104,174,179,198,321,322,261,255,77,1,0,2043,2043,95,137,144,161,250,294,365,393,173,28,3
경상남도 하동군 적량면(4885033000),2308,2308,116,181,195,223,291,340,343,438,167,14,0,1107,1107,57,97,106,127,164,175,152,155,69,5,0,1201,1201,59,84,89,96,127,165,191,283,98,9,0
경상남도 하동군 횡천면(4885034000),2330,2330,102,223,243,194,313,388,318,377,152,19,1,1127,1127,52,126,129,117,157,201,157,132,49,7,0,1203,1203,50,97,114,77,156,187,161,245,103,12,1
경상남도 하동군 고전면(4885035000),2804,2804,133,236,258,263,370,460,415,450,201,17,1,1347,1347,62,128,149,165,203,229,190,164,55,2,0,1457,1457,71,108,109,98,167,231,225,286,146,15,1
경상남도 하동군 금남면(4885036000),4317,4317,198,383,430,419,603,734,638,603,286,23,0,2181,2181,98,216,264,249,362,375,292,241,82,2,0,2136,2136,100,167,166,170,241,359,346,362,204,21,0
경상남도 하동군 진교면(4885037000),7367,7367,608,873,738,968,1100,1106,815,792,327,37,3,3600,3600,317,486,398,510,580,549,379,273,101,7,0,3767,3767,291,387,340,458,520,557,436,519,226,30,3
경상남도 하동군 양보면(4885038000),2264,2264,118,145,211,198,262,335,353,418,197,26,1,1070,1070,55,88,114,112,144,168,164,155,64,5,1,1194,1194,63,57,97,86,118,167,189,263,133,21,0
경상남도 하동군 북천면(4885039000),2063,2063,92,129,196,175,252,331,334,379,158,16,1,1021,1021,53,71,126,110,149,178,151,127,52,4,0,1042,1042,39,58,70,65,103,153,183,252,106,12,1
경상남도 하동군 청암면(4885040000),1806,1806,97,266,170,152,229,342,241,212,90,5,2,932,932,57,167,93,91,123,178,116,75,31,1,0,874,874,40,99,77,61,106,164,125,137,59,4,2
경상남도 하동군 옥종면(4885041000),4615,4615,255,361,440,407,599,776,680,769,288,37,3,2247,2247,139,191,246,227,341,398,308,300,89,8,0,2368,2368,116,170,194,180,258,378,372,469,199,29,3
경상남도 하동군 금성면(4885042000),3767,3767,220,403,467,437,572,625,476,417,134,15,1,1897,1897,118,209,258,259,325,333,205,154,33,3,0,1870,1870,102,194,209,178,247,292,271,263,101,12,1
경상남도 산청군 (4886000000),35665,35665,2096,3075,3147,3297,4939,5979,5345,5617,1941,220,9,17378,17378,1093,1618,1736,1885,2819,3027,2452,2111,588,47,2,18287,18287,1003,1457,1411,1412,2120,2952,2893,3506,1353,173,7
경상남도 산청군 산청읍(4886025000),6607,6607,435,688,667,691,945,1084,870,843,340,43,1,3200,3200,220,353,369,365,505,545,404,319,107,13,0,3407,3407,215,335,298,326,440,539,466,524,233,30,1
경상남도 산청군 차황면(4886031000),1590,1590,52,108,120,106,182,253,281,356,120,12,0,749,749,31,60,64,56,115,126,128,119,46,4,0,841,841,21,48,56,50,67,127,153,237,74,8,0
경상남도 산청군 오부면(4886032000),1172,1172,62,58,79,87,141,165,201,297,75,7,0,568,568,35,26,38,53,93,84,87,125,26,1,0,604,604,27,32,41,34,48,81,114,172,49,6,0
경상남도 산청군 생초면(4886033000),2426,2426,81,166,218,125,287,407,431,522,170,17,2,1120,1120,38,94,119,82,167,194,176,193,50,6,1,1306,1306,43,72,99,43,120,213,255,329,120,11,1
경상남도 산청군 금서면(4886034000),2768,2768,174,173,247,241,360,430,475,491,155,21,1,1335,1335,85,92,138,139,216,208,207,202,45,3,0,1433,1433,89,81,109,102,144,222,268,289,110,18,1
경상남도 산청군 삼장면(4886035000),1799,1799,73,129,148,146,252,335,327,299,79,10,1,876,876,40,71,73,87,141,163,151,121,27,1,1,923,923,33,58,75,59,111,172,176,178,52,9,0
경상남도 산청군 시천면(4886036000),4230,4230,283,423,354,431,649,783,594,505,188,19,1,2103,2103,161,210,190,238,371,381,285,208,54,5,0,2127,2127,122,213,164,193,278,402,309,297,134,14,1
경상남도 산청군 단성면(4886037000),5691,5691,245,419,506,525,784,1015,911,875,356,54,1,2833,2833,121,223,300,332,441,527,447,337,97,8,0,2858,2858,124,196,206,193,343,488,464,538,259,46,1
경상남도 산청군 신안면(4886038000),5837,5837,549,665,553,691,926,919,629,683,209,11,2,2903,2903,281,367,301,351,508,494,291,242,65,3,0,2934,2934,268,298,252,340,418,425,338,441,144,8,2
경상남도 산청군 생비량면(4886039000),1346,1346,54,89,102,103,150,253,234,255,101,5,0,641,641,33,46,55,75,99,126,108,74,25,0,0,705,705,21,43,47,28,51,127,126,181,76,5,0
경상남도 산청군 신등면(4886040000),2199,2199,88,157,153,151,263,335,392,491,148,21,0,1050,1050,48,76,89,107,163,179,168,171,46,3,0,1149,1149,40,81,64,44,100,156,224,320,102,18,0
경상남도 함양군 (4887000000),41113,41113,2844,4258,3636,4157,5706,6397,5685,5972,2181,255,22,19643,19643,1469,2260,1971,2261,3102,3150,2447,2261,647,71,4,21470,21470,1375,1998,1665,1896,2604,3247,3238,3711,1534,184,18
경상남도 함양군 함양읍(4887025000),19086,19086,1826,2663,1927,2528,3143,2763,1912,1696,571,53,4,9259,9259,932,1423,1004,1274,1642,1345,838,631,156,13,1,9827,9827,894,1240,923,1254,1501,1418,1074,1065,415,40,3
경상남도 함양군 마천면(4887031000),2322,2322,102,172,152,179,322,416,379,414,155,25,6,1096,1096,53,78,84,107,184,208,163,169,39,10,1,1226,1226,49,94,68,72,138,208,216,245,116,15,5
경상남도 함양군 휴천면(4887032000),1630,1630,80,91,108,118,197,273,323,320,105,15,0,808,808,44,51,61,75,128,150,131,136,28,4,0,822,822,36,40,47,43,69,123,192,184,77,11,0
경상남도 함양군 유림면(4887033000),1910,1910,57,126,134,104,184,302,332,447,190,30,4,863,863,25,79,64,65,102,158,157,155,50,8,0,1047,1047,32,47,70,39,82,144,175,292,140,22,4
경상남도 함양군 수동면(4887034000),2726,2726,147,220,269,278,331,433,419,464,148,17,0,1304,1304,77,120,150,167,185,213,172,172,43,5,0,1422,1422,70,100,119,111,146,220,247,292,105,12,0
경상남도 함양군 지곡면(4887035000),2110,2110,89,132,164,134,247,336,393,419,173,22,1,1008,1008,43,70,97,85,139,169,168,166,64,7,0,1102,1102,46,62,67,49,108,167,225,253,109,15,1
경상남도 함양군 안의면(4887036000),4997,4997,258,371,405,385,563,842,832,933,369,35,4,2349,2349,143,191,240,230,316,389,352,365,114,7,2,2648,2648,115,180,165,155,247,453,480,568,255,28,2
경상남도 함양군 서하면(4887037000),1434,1434,56,105,111,70,170,246,241,311,107,16,1,682,682,30,57,63,44,96,127,98,128,34,5,0,752,752,26,48,48,26,74,119,143,183,73,11,1
경상남도 함양군 서상면(4887038000),1940,1940,95,158,149,148,201,316,344,377,133,18,1,885,885,48,77,76,88,109,156,153,128,44,6,0,1055,1055,47,81,73,60,92,160,191,249,89,12,1
경상남도 함양군 백전면(4887039000),1542,1542,77,113,113,105,172,259,285,301,106,11,0,729,729,45,58,69,60,96,124,128,108,37,4,0,813,813,32,55,44,45,76,135,157,193,69,7,0
경상남도 함양군 병곡면(4887040000),1416,1416,57,107,104,108,176,211,225,290,124,13,1,660,660,29,56,63,66,105,111,87,103,38,2,0,756,756,28,51,41,42,71,100,138,187,86,11,1
경상남도 거창군 (4888000000),63237,63237,4724,8133,6515,6972,9383,9666,7371,7411,2717,325,20,30764,30764,2509,4426,3593,3582,4926,4770,3235,2802,833,86,2,32473,32473,2215,3707,2922,3390,4457,4896,4136,4609,1884,239,18
경상남도 거창군 거창읍(4888025000),39755,39755,3760,6416,4661,5310,6691,5779,3459,2607,941,125,6,19532,19532,1993,3499,2493,2558,3340,2831,1524,990,276,28,0,20223,20223,1767,2917,2168,2752,3351,2948,1935,1617,665,97,6
경상남도 거창군 주상면(4888031000),1727,1727,62,94,144,120,189,295,285,378,140,18,2,823,823,36,54,83,61,125,149,123,144,44,3,1,904,904,26,40,61,59,64,146,162,234,96,15,1
경상남도 거창군 웅양면(4888032000),2164,2164,114,189,129,170,273,343,347,431,152,15,1,1054,1054,69,107,81,97,171,164,142,173,48,2,0,1110,1110,45,82,48,73,102,179,205,258,104,13,1
경상남도 거창군 고제면(4888033000),1499,1499,62,132,100,93,192,271,232,273,133,9,2,738,738,27,68,59,56,119,131,111,102,59,6,0,761,761,35,64,41,37,73,140,121,171,74,3,2
경상남도 거창군 북상면(4888034000),1590,1590,76,94,107,119,178,233,283,359,125,13,3,769,769,52,54,57,79,104,122,124,133,39,5,0,821,821,24,40,50,40,74,111,159,226,86,8,3
경상남도 거창군 위천면(4888035000),2310,2310,126,207,203,179,286,385,339,395,167,23,0,1107,1107,57,112,111,119,169,192,141,146,51,9,0,1203,1203,69,95,92,60,117,193,198,249,116,14,0
경상남도 거창군 마리면(4888036000),2305,2305,106,182,197,165,259,382,342,497,161,13,1,1097,1097,55,102,114,110,148,216,126,183,41,2,0,1208,1208,51,80,83,55,111,166,216,314,120,11,1
경상남도 거창군 남상면(4888037000),2667,2667,85,193,235,184,311,466,447,546,180,19,1,1276,1276,42,103,149,116,172,235,199,202,51,7,0,1391,1391,43,90,86,68,139,231,248,344,129,12,1
경상남도 거창군 남하면(4888038000),1740,1740,50,132,138,124,199,277,285,368,145,22,0,825,825,27,69,84,74,111,142,125,134,50,9,0,915,915,23,63,54,50,88,135,160,234,95,13,0
경상남도 거창군 신원면(4888039000),1737,1737,44,90,121,104,173,284,400,372,132,14,3,820,820,27,54,70,72,100,126,190,133,44,3,1,917,917,17,36,51,32,73,158,210,239,88,11,2
경상남도 거창군 가조면(4888040000),4250,4250,192,326,379,317,490,699,686,815,313,33,0,2010,2010,101,163,233,184,275,342,311,302,91,8,0,2240,2240,91,163,146,133,215,357,375,513,222,25,0
경상남도 거창군 가북면(4888041000),1493,1493,47,78,101,87,142,252,266,370,128,21,1,713,713,23,41,59,56,92,120,119,160,39,4,0,780,780,24,37,42,31,50,132,147,210,89,17,1
경상남도 합천군 (4889000000),50697,50697,2763,4401,4515,4646,6643,8053,7702,8735,2888,328,23,24204,24204,1437,2343,2558,2628,3771,4012,3333,3165,886,70,1,26493,26493,1326,2058,1957,2018,2872,4041,4369,5570,2002,258,22
경상남도 합천군 합천읍(4889025000),11849,11849,1123,1638,1274,1648,1868,1725,1173,1039,305,53,3,5803,5803,582,889,671,830,978,834,506,414,90,9,0,6046,6046,541,749,603,818,890,891,667,625,215,44,3
경상남도 합천군 봉산면(4889031000),1677,1677,58,85,145,104,198,281,269,393,127,15,2,760,760,33,39,72,56,115,147,121,134,40,3,0,917,917,25,46,73,48,83,134,148,259,87,12,2
경상남도 합천군 묘산면(4889032000),1963,1963,67,121,164,135,198,322,346,446,146,18,0,900,900,29,66,99,75,111,164,142,170,43,1,0,1063,1063,38,55,65,60,87,158,204,276,103,17,0
경상남도 합천군 가야면(4889033000),5199,5199,219,457,469,471,861,872,797,771,255,26,1,2628,2628,127,240,296,282,509,445,365,275,81,8,0,2571,2571,92,217,173,189,352,427,432,496,174,18,1
경상남도 합천군 야로면(4889034000),2856,2856,146,216,284,246,354,498,408,505,178,20,1,1359,1359,75,101,168,142,199,250,181,184,57,2,0,1497,1497,71,115,116,104,155,248,227,321,121,18,1
경상남도 합천군 율곡면(4889035000),2894,2894,136,177,226,244,357,475,506,569,182,22,0,1395,1395,60,99,133,146,231,242,208,226,47,3,0,1499,1499,76,78,93,98,126,233,298,343,135,19,0
경상남도 합천군 초계면(4889036000),3147,3147,136,316,321,267,376,538,469,490,216,17,1,1515,1515,77,156,195,161,204,258,208,173,77,6,0,1632,1632,59,160,126,106,172,280,261,317,139,11,1
경상남도 합천군 쌍책면(4889037000),1534,1534,36,69,135,100,168,279,267,345,124,9,2,706,706,16,37,77,65,88,139,121,115,43,5,0,828,828,20,32,58,35,80,140,146,230,81,4,2
경상남도 합천군 덕곡면(4889038000),979,979,35,54,62,61,95,168,172,232,87,13,0,441,441,20,25,35,39,60,83,69,82,27,1,0,538,538,15,29,27,22,35,85,103,150,60,12,0
경상남도 합천군 청덕면(4889039000),2010,2010,66,119,173,144,208,337,345,450,153,14,1,941,941,33,59,106,86,124,177,140,173,38,5,0,1069,1069,33,60,67,58,84,160,205,277,115,9,1
경상남도 합천군 적중면(4889040000),1819,1819,75,159,130,114,198,280,338,390,121,13,1,858,858,41,93,72,72,114,145,141,140,35,5,0,961,961,34,66,58,42,84,135,197,250,86,8,1
경상남도 합천군 대양면(4889041000),1791,1791,70,101,125,147,197,284,300,432,120,15,0,829,829,33,52,72,86,125,148,124,157,29,3,0,962,962,37,49,53,61,72,136,176,275,91,12,0
경상남도 합천군 쌍백면(4889042000),2046,2046,55,112,139,116,206,291,410,545,160,11,1,922,922,29,67,78,77,117,145,164,191,52,2,0,1124,1124,26,45,61,39,89,146,246,354,108,9,1
경상남도 합천군 삼가면(4889043000),4080,4080,208,363,342,326,501,655,655,728,260,36,6,1873,1873,117,182,180,192,275,315,282,243,77,9,1,2207,2207,91,181,162,134,226,340,373,485,183,27,5
경상남도 합천군 가회면(4889044000),2005,2005,108,114,128,151,263,289,409,390,144,9,0,955,955,50,72,70,90,155,143,193,126,53,3,0,1050,1050,58,42,58,61,108,146,216,264,91,6,0
경상남도 합천군 대병면(4889045000),2280,2280,101,171,172,172,295,385,357,459,145,19,4,1099,1099,50,98,100,101,176,194,156,171,51,2,0,1181,1181,51,73,72,71,119,191,201,288,94,17,4
경상남도 합천군 용주면(4889046000),2568,2568,124,129,226,200,300,374,481,551,165,18,0,1220,1220,65,68,134,128,190,183,212,191,46,3,0,1348,1348,59,61,92,72,110,191,269,360,119,15,0
제주특별자치도  (5000000000),574175,574175,60572,84610,67727,87199,100629,76312,48368,34688,11680,2219,171,287003,287003,31681,44329,35295,44682,52577,38588,23316,13707,2524,285,19,287172,287172,28891,40281,32432,42517,48052,37724,25052,20981,9156,1934,152
제주특별자치도 제주시 (5011000000),420837,420837,46431,64087,50615,66366,74631,54367,32401,22439,7864,1518,118,209806,209806,24267,33736,26382,33316,38327,27375,15595,8905,1697,194,12,211031,211031,22164,30351,24233,33050,36304,26992,16806,13534,6167,1324,106
제주특별자치도 제주시 한림읍(5011025000),19422,19422,1582,2537,2093,2578,3361,2739,2040,1717,611,138,26,10023,10023,892,1373,1139,1458,1949,1490,939,631,132,18,2,9399,9399,690,1164,954,1120,1412,1249,1101,1086,479,120,24
제주특별자치도 제주시 애월읍(5011025300),28615,28615,3030,3631,2959,4439,4917,3618,2640,2261,907,208,5,14640,14640,1564,1928,1591,2435,2759,1947,1304,890,194,28,0,13975,13975,1466,1703,1368,2004,2158,1671,1336,1371,713,180,5
제주특별자치도 제주시 구좌읍(5011025600),14673,14673,1171,1624,1533,1838,2231,2024,1685,1752,697,112,6,7389,7389,622,843,818,1075,1384,1060,817,616,142,12,0,7284,7284,549,781,715,763,847,964,868,1136,555,100,6
제주특별자치도 제주시 조천읍(5011025900),20767,20767,1995,2832,2347,2884,3535,2793,2030,1678,541,126,6,10632,10632,1017,1515,1266,1546,1991,1490,980,685,128,12,2,10135,10135,978,1317,1081,1338,1544,1303,1050,993,413,114,4
제주특별자치도 제주시 한경면(5011031000),8129,8129,527,846,756,1022,1236,1181,1004,1110,366,76,5,4080,4080,267,430,415,617,778,625,484,392,66,6,0,4049,4049,260,416,341,405,458,556,520,718,300,70,5
제주특별자치도 제주시 추자면(5011032000),2440,2440,155,202,260,333,395,402,315,269,105,4,0,1332,1332,79,105,152,220,266,225,164,98,23,0,0,1108,1108,76,97,108,113,129,177,151,171,82,4,0
제주특별자치도 제주시 우도면(5011033000),1563,1563,101,162,158,190,250,205,198,204,82,12,1,761,761,44,91,87,133,133,114,81,62,13,3,0,802,802,57,71,71,57,117,91,117,142,69,9,1
제주특별자치도 제주시 일도1동(5011051000),3770,3770,267,400,509,545,598,651,415,251,114,16,4,1895,1895,138,200,264,317,326,317,186,108,34,3,2,1875,1875,129,200,245,228,272,334,229,143,80,13,2
제주특별자치도 제주시 일도2동(5011052000),37523,37523,4196,6381,4872,5596,6572,5183,2701,1456,462,90,14,18448,18448,2231,3319,2510,2713,3107,2538,1309,609,100,11,1,19075,19075,1965,3062,2362,2883,3465,2645,1392,847,362,79,13
제주특별자치도 제주시 이도1동(5011053000),7700,7700,716,1053,1071,1038,1322,1163,686,462,163,23,3,3759,3759,383,523,538,532,650,586,317,181,45,3,1,3941,3941,333,530,533,506,672,577,369,281,118,20,2
제주특별자치도 제주시 이도2동(5011054000),44658,44658,5317,7567,6022,7157,7833,5689,2883,1555,531,101,3,21697,21697,2741,3942,2980,3419,3743,2695,1416,618,132,10,1,22961,22961,2576,3625,3042,3738,4090,2994,1467,937,399,91,2
제주특별자치도 제주시 삼도1동(5011055000),14063,14063,1470,2030,1727,2334,2345,1753,1359,793,210,41,1,6872,6872,743,1061,886,1165,1176,793,626,363,52,7,0,7191,7191,727,969,841,1169,1169,960,733,430,158,34,1
제주특별자치도 제주시 삼도2동(5011056000),9718,9718,865,1238,1247,1466,1716,1512,853,583,204,29,5,4857,4857,468,649,669,753,888,734,386,253,52,4,1,4861,4861,397,589,578,713,828,778,467,330,152,25,4
제주특별자치도 제주시 용담1동(5011057000),8739,8739,766,1285,1071,1422,1432,1254,821,504,152,29,3,4399,4399,387,699,572,740,744,632,390,201,33,1,0,4340,4340,379,586,499,682,688,622,431,303,119,28,3
제주특별자치도 제주시 용담2동(5011058000),17218,17218,1686,2548,2250,2679,2769,2405,1554,935,333,52,7,8670,8670,863,1347,1213,1378,1453,1194,749,396,66,11,0,8548,8548,823,1201,1037,1301,1316,1211,805,539,267,41,7
제주특별자치도 제주시 건입동(5011059000),10823,10823,1023,1484,1341,1636,1748,1695,1058,616,186,33,3,5448,5448,527,770,719,853,901,827,538,262,46,5,0,5375,5375,496,714,622,783,847,868,520,354,140,28,3
제주특별자치도 제주시 화북동(5011060000),23061,23061,2933,4181,2653,3703,4379,2596,1373,898,281,58,6,11539,11539,1577,2188,1346,1843,2153,1374,645,347,59,7,0,11522,11522,1356,1993,1307,1860,2226,1222,728,551,222,51,6
제주특별자치도 제주시 삼양동(5011061000),10905,10905,1419,1726,1231,1806,1820,1282,791,584,209,34,3,5521,5521,732,906,639,924,995,656,389,230,44,6,0,5384,5384,687,820,592,882,825,626,402,354,165,28,3
제주특별자치도 제주시 봉개동(5011062000),3047,3047,278,424,294,440,541,391,283,281,96,17,2,1613,1613,158,233,155,241,318,220,140,127,18,3,0,1434,1434,120,191,139,199,223,171,143,154,78,14,2
제주특별자치도 제주시 아라동(5011063000),13742,13742,1390,1807,1787,2160,2274,1980,1233,749,288,72,2,7003,7003,717,935,1003,1110,1237,1028,605,308,53,7,0,6739,6739,673,872,784,1050,1037,952,628,441,235,65,2
제주특별자치도 제주시 오라동(5011064000),6457,6457,735,858,769,1028,1092,852,526,393,160,41,3,3326,3326,413,480,400,536,586,449,261,170,29,1,1,3131,3131,322,378,369,492,506,403,265,223,131,40,2
제주특별자치도 제주시 연동(5011065000),41278,41278,4479,6512,5798,7307,7911,5407,2305,1094,397,64,4,20078,20078,2323,3492,2979,3372,3622,2604,1129,454,90,13,0,21200,21200,2156,3020,2819,3935,4289,2803,1176,640,307,51,4
제주특별자치도 제주시 노형동(5011066000),50321,50321,6906,9500,5596,8484,10406,5260,2341,1320,434,71,3,24590,24590,3605,4958,2895,3829,5011,2570,1103,521,84,13,1,25731,25731,3301,4542,2701,4655,5395,2690,1238,799,350,58,2
제주특별자치도 제주시 외도동(5011067000),15362,15362,2663,2313,1448,3176,2717,1416,806,568,210,45,0,7634,7634,1372,1238,701,1505,1468,707,399,204,35,5,0,7728,7728,1291,1075,747,1671,1249,709,407,364,175,40,0
제주특별자치도 제주시 이호동(5011068000),4074,4074,438,566,495,637,715,578,321,238,67,17,2,2151,2151,244,315,260,352,392,314,154,105,12,3,0,1923,1923,194,251,235,285,323,264,167,133,55,14,2
제주특별자치도 제주시 도두동(5011069000),2769,2769,323,380,328,468,516,338,180,168,58,9,1,1449,1449,160,196,185,250,297,186,84,74,15,2,0,1320,1320,163,184,143,218,219,152,96,94,43,7,1
제주특별자치도 서귀포시 (5013000000),153338,153338,14141,20523,17112,20833,25998,21945,15967,12249,3816,701,53,77197,77197,7414,10593,8913,11366,14250,11213,7721,4802,827,91,7,76141,76141,6727,9930,8199,9467,11748,10732,8246,7447,2989,610,46
제주특별자치도 서귀포시 대정읍(5013025000),16574,16574,1329,2103,1732,2091,2696,2332,1901,1719,561,105,5,8382,8382,697,1107,910,1206,1536,1202,916,672,123,13,0,8192,8192,632,996,822,885,1160,1130,985,1047,438,92,5
제주특별자치도 서귀포시 남원읍(5013025300),18153,18153,1508,2367,2084,2277,3010,2527,1999,1809,499,69,4,9227,9227,788,1248,1065,1279,1732,1314,959,720,115,7,0,8926,8926,720,1119,1019,998,1278,1213,1040,1089,384,62,4
제주특별자치도 서귀포시 성산읍(5013025900),14002,14002,1016,1622,1487,1606,2353,2287,1629,1411,502,85,4,7163,7163,511,800,843,945,1361,1272,806,522,96,7,0,6839,6839,505,822,644,661,992,1015,823,889,406,78,4
제주특별자치도 서귀포시 안덕면(5013031000),9664,9664,835,1172,1009,1276,1595,1287,1074,973,365,75,3,4909,4909,454,613,533,725,939,694,515,345,79,11,1,4755,4755,381,559,476,551,656,593,559,628,286,64,2
제주특별자치도 서귀포시 표선면(5013032000),10801,10801,906,1395,1130,1449,1918,1535,1239,915,262,47,5,5481,5481,472,748,565,829,1083,794,590,344,51,5,0,5320,5320,434,647,565,620,835,741,649,571,211,42,5
제주특별자치도 서귀포시 송산동(5013051000),5000,5000,423,615,557,672,839,804,600,340,120,28,2,2625,2625,228,328,311,379,482,413,312,141,24,7,0,2375,2375,195,287,246,293,357,391,288,199,96,21,2
제주특별자치도 서귀포시 정방동(5013052000),2911,2911,186,316,346,382,502,558,334,192,77,13,5,1448,1448,104,164,173,211,263,279,155,76,19,3,1,1463,1463,82,152,173,171,239,279,179,116,58,10,4
제주특별자치도 서귀포시 중앙동(5013053000),4546,4546,342,562,500,619,788,854,500,304,62,14,1,2172,2172,172,297,272,321,378,368,218,126,16,4,0,2374,2374,170,265,228,298,410,486,282,178,46,10,1
제주특별자치도 서귀포시 천지동(5013054000),3842,3842,271,416,454,558,672,697,427,256,78,11,2,1929,1929,152,222,231,311,332,341,200,115,21,4,0,1913,1913,119,194,223,247,340,356,227,141,57,7,2
제주특별자치도 서귀포시 효돈동(5013055000),4990,4990,377,639,627,615,799,741,579,476,115,20,2,2543,2543,203,315,339,349,439,376,294,195,30,3,0,2447,2447,174,324,288,266,360,365,285,281,85,17,2
제주특별자치도 서귀포시 영천동(5013056000),4989,4989,450,643,503,651,838,651,598,428,179,44,4,2501,2501,236,315,269,361,476,327,303,181,29,3,1,2488,2488,214,328,234,290,362,324,295,247,150,41,3
제주특별자치도 서귀포시 동홍동(5013057000),21155,21155,2895,3582,2170,3322,3922,2551,1532,895,250,33,3,10340,10340,1500,1822,1108,1589,1953,1220,728,352,62,4,2,10815,10815,1395,1760,1062,1733,1969,1331,804,543,188,29,1
제주특별자치도 서귀포시 서홍동(5013058000),8075,8075,859,1222,1015,1226,1381,1069,759,407,115,21,1,4036,4036,441,624,514,618,723,529,378,173,32,4,0,4039,4039,418,598,501,608,658,540,381,234,83,17,1
제주특별자치도 서귀포시 대륜동(5013059000),9222,9222,836,1284,1155,1288,1449,1418,951,610,184,45,2,4636,4636,456,659,575,710,775,714,460,249,33,5,0,4586,4586,380,625,580,578,674,704,491,361,151,40,2
제주특별자치도 서귀포시 대천동(5013060000),6914,6914,624,959,873,894,1129,1057,680,520,146,31,1,3475,3475,340,494,430,493,613,537,331,199,30,7,1,3439,3439,284,465,443,401,516,520,349,321,116,24,0
제주특별자치도 서귀포시 중문동(5013061000),8952,8952,1021,1181,1007,1459,1525,1082,806,651,175,42,3,4559,4559,527,614,545,787,829,565,387,266,37,1,1,4393,4393,494,567,462,672,696,517,419,385,138,41,2
제주특별자치도 서귀포시 예래동(5013062000),3548,3548,263,445,463,448,582,495,359,343,126,18,6,1771,1771,133,223,230,253,336,268,169,126,30,3,0,1777,1777,130,222,233,195,246,227,190,217,96,15,6